0 -1.74623e-10 0 0 -3.46945e-18 -2.1684e-19 1.38371e-17 1
0.05 1.17565 -0.00866578 -0.000181322 0.000448457 -0.000838483 0.000120214 1
0.1 2.24789 -0.0130761 0.0067093 -0.00123607 0.000481737 3.23274e-07 0.999999
0.15 3.31813 -0.0200584 0.0126585 -0.00148145 0.00255788 -7.10256e-05 0.999996
0.2 4.49585 -0.0302836 0.0145591 -0.00173099 0.00363937 3.31699e-05 0.999992
0.25 5.56393 -0.0386936 0.0126758 -0.00155568 0.00397112 0.000116306 0.999991
0.3 6.73717 -0.0473519 0.0093157 -0.00107165 0.00357353 0.000267045 0.999993
0.35 7.80694 -0.0495908 0.00285017 -0.00124369 0.00301356 0.000380166 0.999995
0.4 8.88286 -0.0425122 -0.00463186 -0.00151112 0.00266082 0.000441045 0.999995
0.45 10.0657 -0.033015 -0.0116162 -0.00206194 0.00249643 0.00056031 0.999995
0.5 11.1359 -0.0371523 -0.0126504 -0.00238459 0.00297049 0.000598098 0.999993
0.55 12.208 -0.0647181 -0.00539988 -0.00223634 0.0033606 0.00055577 0.999992
0.6 13.3756 -0.0847329 -0.00331916 -0.00310114 0.00311528 0.000576637 0.99999
0.65 14.4357 -0.108469 0.00090451 -0.00261971 0.00282288 0.000546932 0.999992
0.7 15.4902 -0.126579 0.00400075 -0.00277256 0.003364 0.000603425 0.99999
0.75 16.6447 -0.145761 0.00780598 -0.00288754 0.00405493 0.000630479 0.999987
0.8 17.6889 -0.161157 0.00861655 -0.00276327 0.00428133 0.00070594 0.999987
0.85 18.7297 -0.177329 0.00846091 -0.00133048 0.00456997 0.000748039 0.999988
0.9 19.8695 -0.195849 0.00788836 -0.00184875 0.00412975 0.000825034 0.999989
0.95 20.901 -0.208983 0.00449198 -0.00234888 0.00255128 0.00091003 0.999994
1 21.9267 -0.222726 0.00136762 -0.00155431 0.00197987 0.00111042 0.999996
1.05 23.0538 -0.233 0.0042632 -0.00335898 0.00276153 0.000987746 0.99999
1.1 24.0772 -0.245348 0.0101293 -0.00465815 0.00373024 0.00083997 0.999982
1.15 25.0969 -0.257498 0.0102078 -0.00552305 0.00397333 0.000854962 0.999976
1.2 26.2181 -0.27102 0.00959628 -0.00656362 0.00444229 0.000757535 0.999968
1.25 27.247 -0.322559 0.00752922 -0.00738344 0.00380871 0.000897996 0.999965
1.3 28.2737 -0.332862 0.0204813 -0.00867642 0.00266719 0.00129566 0.999958
1.35 29.4047 -0.345384 0.0377965 -0.00979173 0.00205127 0.0015585 0.999949
1.4 30.434 -0.354906 0.0509101 -0.0114197 0.00315857 0.00177224 0.999928
1.45 31.4906 -0.403556 0.0748001 -0.0123329 0.00418999 0.00185338 0.999913
1.5 32.6334 -0.40567 0.0841444 -0.0134787 0.00416491 0.00231079 0.999898
1.55 33.6687 -0.403875 0.0914154 -0.0133651 0.00371475 0.00274107 0.9999
1.6 34.8095 -0.410009 0.0918223 -0.0133244 0.00370842 0.00331928 0.999899
1.65 35.8702 -0.4399 0.112915 -0.0131949 0.00403783 0.00367297 0.999898
1.7 36.9283 -0.46054 0.123681 -0.0131802 0.00409116 0.00397228 0.999897
1.75 38.0986 -0.483744 0.134794 -0.0135338 0.00410047 0.00380681 0.999893
1.8 39.1603 -0.503438 0.137986 -0.0139927 0.00458631 0.00316071 0.999887
1.85 40.2242 -0.524823 0.139131 -0.0142432 0.00528914 0.002221 0.999882
1.9 41.395 -0.551583 0.133367 -0.0146781 0.00520952 0.00102391 0.999878
1.95 42.4524 -0.575118 0.112964 -0.0143841 0.00462323 -0.000224716 0.999886
2 43.518 -0.59653 0.0963896 -0.0134104 0.00421939 -0.00137592 0.9999
2.05 44.7044 -0.620633 0.0900449 -0.0129256 0.00448851 -0.00274779 0.999903
2.1 45.7776 -0.677952 0.0718743 -0.0121769 0.004975 -0.00399813 0.999905
2.15 46.8594 -0.732198 0.0603945 -0.0116276 0.00489862 -0.00515791 0.999907
2.2 48.0605 -0.795431 0.0603314 -0.0116408 0.00424901 -0.00633914 0.999903
2.25 49.1581 -0.848414 0.0593413 -0.0103773 0.00391857 -0.00728834 0.999912
2.3 50.2575 -0.90527 0.0612961 -0.0102629 0.00398685 -0.00796781 0.999908
2.35 51.4695 -0.97136 0.0731222 -0.00812606 0.00437805 -0.00889973 0.999918
2.4 52.5755 -1.02449 0.0901319 -0.00729422 0.00389696 -0.00932254 0.999922
2.45 53.6838 -1.07451 0.10822 -0.00690673 0.00148383 -0.00949737 0.99993
2.5 54.8996 -1.11995 0.116738 -0.00652559 -0.000216525 -0.00981027 0.999931
2.55 56.0052 -1.16193 0.133368 -0.00772776 0.000752903 -0.0103678 0.999916
2.6 57.1103 -1.20055 0.149747 -0.0084446 0.00247143 -0.0109163 0.999902
2.65 58.324 -1.22337 0.165206 -0.00820822 0.00272302 -0.0109617 0.999903
2.7 59.4308 -1.24569 0.179482 -0.00760401 0.00242995 -0.0108291 0.999909
2.75 60.6419 -1.25907 0.20117 -0.00654238 0.00229546 -0.0104538 0.999921
2.8 61.7456 -1.28351 0.217002 -0.00611481 0.00251092 -0.00988762 0.999929
2.85 62.8508 -1.30876 0.239 -0.00553231 0.00293797 -0.00911072 0.999939
2.9 63.9579 -1.33146 0.267317 -0.0063625 0.00265869 -0.00822206 0.999942
2.95 65.1767 -1.36802 0.293754 -0.00678389 0.00234929 -0.00731361 0.999947
3 66.2851 -1.39713 0.32058 -0.00792413 0.00316182 -0.0066412 0.999942
3.05 67.3918 -1.4258 0.336738 -0.00923534 0.00415541 -0.00590708 0.999931
3.1 68.6167 -1.44405 0.347325 -0.0107065 0.004056 -0.00492303 0.999922
3.15 69.7327 -1.46718 0.358186 -0.012061 0.00306062 -0.00390654 0.999915
3.2 70.8491 -1.48941 0.360003 -0.0129269 0.0023631 -0.00297877 0.999909
3.25 72.0804 -1.51017 0.367401 -0.0138916 0.0022391 -0.00200997 0.999899
3.3 73.201 -1.52665 0.376243 -0.0147419 0.00164155 -0.00102953 0.999889
3.35 74.322 -1.5391 0.378499 -0.0148379 0.00126508 -0.000261509 0.999889
3.4 75.5487 -1.54774 0.382947 -0.0150416 0.00188613 0.000543053 0.999885
3.45 76.6641 -1.5436 0.3911 -0.0153211 0.0029867 0.00122804 0.999877
3.5 77.7805 -1.54155 0.394081 -0.0153145 0.00353896 0.00195475 0.999875
3.55 79.0097 -1.53463 0.391188 -0.0155552 0.00371523 0.00281944 0.999868
3.6 80.1307 -1.53217 0.386865 -0.015435 0.00361118 0.00347546 0.999868
3.65 81.3652 -1.52279 0.376766 -0.0154569 0.00423125 0.00433216 0.999862
3.7 82.4901 -1.51958 0.372937 -0.0150127 0.00539076 0.00505862 0.99986
3.75 83.6155 -1.52051 0.370389 -0.0140298 0.00617818 0.0059141 0.999865
3.8 84.8536 -1.52625 0.367821 -0.0133792 0.00646265 0.00695675 0.999865
3.85 85.9818 -1.52844 0.362439 -0.0130174 0.00610811 0.00790919 0.999865
3.9 87.1126 -1.53305 0.355177 -0.0133671 0.00539579 0.0088227 0.999857
3.95 88.3618 -1.53763 0.346784 -0.0134135 0.0051092 0.00977138 0.999849
4 89.5 -1.54365 0.344019 -0.013924 0.00540124 0.0103996 0.999834
4.05 90.638 -1.54504 0.340054 -0.0143703 0.00513252 0.0107279 0.999826
4.1 91.8891 -1.54685 0.336061 -0.0139475 0.00495434 0.0108561 0.999832
4.15 93.0187 -1.54247 0.319847 -0.0131173 0.00542616 0.0109192 0.99984
4.2 94.1469 -1.53888 0.306015 -0.0117666 0.00576948 0.0108037 0.999856
4.25 95.3848 -1.53728 0.289774 -0.0105996 0.00591095 0.0105961 0.99987
4.3 96.5099 -1.53647 0.278219 -0.00941639 0.00588618 0.00994127 0.999889
4.35 97.632 -1.53631 0.266384 -0.00870089 0.00626723 0.00900394 0.999902
4.4 98.8643 -1.5366 0.255603 -0.00878003 0.0056195 0.00782782 0.999915
4.45 99.9809 -1.54043 0.244117 -0.00786958 0.00474376 0.00658764 0.999936
4.5 101.207 -1.54735 0.238389 -0.00759485 0.00370137 0.00538745 0.99995
4.55 102.32 -1.55595 0.235404 -0.00793992 0.00201031 0.00414132 0.999958
4.6 103.434 -1.56822 0.238256 -0.00778055 0.00147684 0.00295347 0.999964
4.65 104.657 -1.58398 0.246686 -0.00799525 0.00276456 0.00169547 0.999963
4.7 105.766 -1.5994 0.252833 -0.00865134 0.00403392 0.000649433 0.999954
4.75 106.875 -1.61662 0.255759 -0.00828541 0.00412162 -7.50852e-05 0.999957
4.8 108.095 -1.62563 0.252245 -0.00796062 0.00380338 -0.000474289 0.999961
4.85 109.204 -1.63388 0.250972 -0.00727684 0.00337999 -0.000433335 0.999968
4.9 110.315 -1.62999 0.256337 -0.00746507 0.00355175 -9.56151e-05 0.999966
4.95 111.54 -1.63379 0.26187 -0.00754113 0.00377174 0.000276196 0.999964
5 112.657 -1.62796 0.271089 -0.00863608 0.00381847 0.000649069 0.999955
5.05 113.775 -1.62718 0.274982 -0.00904302 0.00371087 0.000862319 0.999952
5.1 115.005 -1.62318 0.280388 -0.0108867 0.0036315 0.00124212 0.999933
5.15 116.12 -1.62376 0.282824 -0.0117069 0.00350813 0.00155707 0.999924
5.2 117.237 -1.62704 0.289725 -0.0125886 0.0036311 0.00185576 0.999912
5.25 118.463 -1.62575 0.313419 -0.0139186 0.00396943 0.00211313 0.999893
5.3 119.567 -1.62178 0.329903 -0.0151076 0.00425114 0.00220124 0.999874
5.35 120.666 -1.61485 0.347024 -0.0158915 0.00400597 0.00222132 0.999863
5.4 121.875 -1.61343 0.356398 -0.0176266 0.00361118 0.0022126 0.999836
5.45 122.972 -1.60871 0.372314 -0.0185445 0.0031303 0.00227822 0.999821
5.5 124.067 -1.60174 0.38289 -0.0187922 0.00263183 0.00229413 0.999817
5.55 125.265 -1.58774 0.397 -0.0194354 0.00318214 0.00226764 0.999803
5.6 126.352 -1.58071 0.40649 -0.0198653 0.00390205 0.00228627 0.999792
5.65 127.436 -1.5754 0.414515 -0.0203076 0.0044336 0.00210209 0.999782
5.7 128.608 -1.54978 0.415297 -0.0213756 0.00379443 0.00188845 0.999763
5.75 129.673 -1.53497 0.414239 -0.0221902 0.00347324 0.00168679 0.999746
5.8 130.841 -1.51769 0.415471 -0.0224359 0.0038677 0.00138411 0.99974
5.85 131.895 -1.51085 0.404225 -0.0225823 0.00454803 0.00108653 0.999734
5.9 132.946 -1.4902 0.401458 -0.0220151 0.00562935 0.000802326 0.999741
5.95 134.106 -1.48424 0.401617 -0.0205803 0.0068369 0.000635722 0.999765
6 135.159 -1.4516 0.406262 -0.0200873 0.00659026 0.000524592 0.999776
6.05 136.208 -1.43323 0.40407 -0.019318 0.00563323 0.000545723 0.999797
6.1 137.358 -1.41038 0.403871 -0.0184582 0.00535856 0.000434026 0.999815
6.15 138.402 -1.39758 0.405494 -0.0176221 0.00683904 9.87511e-05 0.999821
6.2 139.442 -1.39011 0.401698 -0.0182275 0.00794548 -5.60768e-05 0.999802
6.25 140.584 -1.38194 0.398662 -0.0167856 0.00728875 8.30856e-05 0.999833
6.3 141.625 -1.38 0.404762 -0.0164625 0.0070165 0.000271693 0.99984
6.35 142.665 -1.37326 0.414054 -0.0162988 0.00732512 0.000147103 0.99984
6.4 143.798 -1.37254 0.416728 -0.0158779 0.00806709 -2.90426e-05 0.999841
6.45 144.832 -1.36937 0.427041 -0.0160032 0.00880407 -0.00020873 0.999833
6.5 145.857 -1.36722 0.431319 -0.0154654 0.00886613 -0.000397263 0.999841
6.55 146.973 -1.36395 0.431342 -0.0141468 0.00833103 -0.000610225 0.999865
6.6 147.975 -1.3721 0.423125 -0.0127048 0.00696317 -0.000833755 0.999895
6.65 148.972 -1.3851 0.411052 -0.0118678 0.00517949 -0.00100981 0.999916
6.7 150.064 -1.403 0.399895 -0.0101216 0.00345547 -0.00122735 0.999942
6.75 151.055 -1.41922 0.396138 -0.010044 0.00241225 -0.00132598 0.999946
6.8 152.139 -1.43323 0.396949 -0.0101263 0.00216989 -0.0018332 0.999945
6.85 153.118 -1.44168 0.399497 -0.0110051 0.00314134 -0.00218228 0.999932
6.9 154.096 -1.45194 0.401094 -0.0117332 0.00473001 -0.00290471 0.999916
6.95 155.162 -1.46239 0.398848 -0.0135868 0.00512537 -0.00365002 0.999888
7 156.124 -1.47404 0.393041 -0.0144249 0.0046038 -0.00460248 0.999875
7.05 157.076 -1.48677 0.387494 -0.0152051 0.00347005 -0.00544997 0.999864
7.1 158.112 -1.50244 0.385038 -0.0156097 0.00265115 -0.00654085 0.999853
7.15 159.041 -1.51821 0.38568 -0.0160019 0.00231343 -0.0074521 0.999842
7.2 159.958 -1.53505 0.389248 -0.0161637 0.00283495 -0.00838074 0.99983
7.25 160.952 -1.55664 0.394681 -0.0156679 0.00408539 -0.00940799 0.999825
7.3 161.843 -1.57786 0.398747 -0.0150354 0.00540776 -0.0103808 0.999818
7.35 162.72 -1.59947 0.400648 -0.0147697 0.00652712 -0.0114334 0.999804
7.4 163.668 -1.62643 0.400355 -0.014472 0.00657924 -0.0124866 0.999796
7.45 164.516 -1.65025 0.388724 -0.0144261 0.00607554 -0.0134369 0.999787
7.5 165.434 -1.67718 0.37927 -0.0143682 0.00528636 -0.0142957 0.999781
7.55 166.252 -1.70249 0.370844 -0.0143374 0.0047015 -0.0150042 0.999774
7.6 167.057 -1.72803 0.366282 -0.0148748 0.004478 -0.0157301 0.999756
7.65 167.923 -1.75694 0.364342 -0.0151178 0.00451217 -0.0165228 0.999739
7.7 168.694 -1.78524 0.364977 -0.0144795 0.00509365 -0.017108 0.999736
7.75 169.448 -1.81456 0.365537 -0.0135737 0.00571025 -0.0174985 0.999738
7.8 170.258 -1.84559 0.36383 -0.0135997 0.00566096 -0.0180573 0.999728
7.85 170.975 -1.87235 0.36104 -0.0137409 0.00486231 -0.0185321 0.999722
7.9 171.673 -1.90096 0.358453 -0.013561 0.0038186 -0.0188568 0.999723
7.95 172.419 -1.93268 0.356682 -0.0126203 0.00328264 -0.019394 0.999727
8 173.076 -1.96016 0.357262 -0.0127203 0.00353819 -0.0199395 0.999714
8.05 173.716 -1.98608 0.359369 -0.0131726 0.0041266 -0.0206384 0.999692
8.1 174.398 -2.01569 0.362782 -0.0132809 0.00462131 -0.0214635 0.999671
8.15 175 -2.04319 0.36444 -0.0131296 0.00470204 -0.0222998 0.999654
8.2 175.586 -2.07031 0.364209 -0.0134277 0.0040965 -0.0233486 0.999629
8.25 176.212 -2.10035 0.363029 -0.0135546 0.0029469 -0.0248931 0.999594
8.3 176.762 -2.12531 0.362738 -0.0128096 0.00219675 -0.02624 0.999571
8.35 177.355 -2.15753 0.365006 -0.0122881 0.0021717 -0.0278967 0.999533
8.4 177.884 -2.19198 0.368651 -0.0121658 0.00249177 -0.0294308 0.99949
8.45 178.406 -2.22912 0.388299 -0.0128949 0.0025862 -0.0309567 0.999434
8.5 178.944 -2.25951 0.391022 -0.0131634 0.002923 -0.0325686 0.999379
8.55 179.41 -2.29981 0.393269 -0.0129866 0.00348739 -0.0339215 0.999334
8.6 179.86 -2.34959 0.398818 -0.0129438 0.00351135 -0.0352736 0.999288
8.65 180.343 -2.41828 0.412151 -0.0119271 0.00347734 -0.0367984 0.999245
8.7 180.782 -2.46576 0.432186 -0.0116312 0.00420255 -0.0377504 0.999211
8.75 181.205 -2.50984 0.450545 -0.0126886 0.00399144 -0.0384133 0.999173
8.8 181.654 -2.5575 0.470762 -0.0138925 0.00328542 -0.0389612 0.999139
8.85 182.007 -2.59541 0.484661 -0.0143852 0.00308021 -0.0388531 0.999137
8.9 182.378 -2.63261 0.493154 -0.0150297 0.00336642 -0.037306 0.999185
8.95 182.749 -2.6698 0.501647 -0.0156748 0.00365066 -0.0357585 0.999231
9 183.12 -2.707 0.510139 -0.0163205 0.00393293 -0.0342105 0.999274
9.05 183.491 -2.7442 0.518632 -0.0169667 0.00421323 -0.0326621 0.999314
9.1 183.861 -2.78139 0.527125 -0.0176135 0.00449156 -0.0311133 0.999351
9.15 184.084 -2.80069 0.535335 -0.0186172 0.00529402 -0.0288597 0.999396
9.2 184.373 -2.82466 0.540988 -0.0192622 0.005653 -0.0252137 0.999481
9.25 184.616 -2.84341 0.541793 -0.0199771 0.00582578 -0.0213044 0.999556
9.3 184.843 -2.85932 0.543645 -0.0204098 0.00594406 -0.017021 0.999629
9.35 185.072 -2.87394 0.545881 -0.0212321 0.00593741 -0.0119039 0.999686
9.4 185.265 -2.88397 0.545342 -0.0219074 0.00603268 -0.00714844 0.999716
9.45 185.441 -2.8927 0.545784 -0.0225382 0.00615872 -0.00252341 0.999724
9.5 185.62 -2.89914 0.544572 -0.0232071 0.00640403 0.00245535 0.999707
9.55 185.764 -2.90349 0.546666 -0.0240022 0.00674173 0.00698238 0.999665
9.6 185.902 -2.90663 0.546177 -0.0245675 0.00630703 0.0121761 0.999604
9.65 186.051 -2.90863 0.544583 -0.0253931 0.00539555 0.0182775 0.999496
9.7 186.187 -2.90889 0.542557 -0.0256556 0.00509093 0.0240518 0.999368
9.75 186.323 -2.90889 0.541164 -0.0258731 0.00556536 0.0304823 0.999185
9.8 186.472 -2.90584 0.542945 -0.0261458 0.0063716 0.037503 0.998934
9.85 186.607 -2.90027 0.543304 -0.0266939 0.00690275 0.0438937 0.998656
9.9 186.737 -2.89389 0.543728 -0.0271299 0.00739348 0.0507189 0.998317
9.95 186.888 -2.8833 0.554107 -0.0274559 0.00792417 0.0584018 0.997884
10 187.028 -2.88131 0.574086 -0.0274125 0.00801872 0.0656713 0.997432
10.05 187.17 -2.86084 0.585846 -0.0274163 0.00772257 0.0737434 0.99687
10.1 187.338 -2.84964 0.60225 -0.027097 0.00696794 0.0836457 0.996103
10.15 187.493 -2.82097 0.604436 -0.0268372 0.0061882 0.0935448 0.995234
10.2 187.657 -2.78737 0.59725 -0.0265799 0.00597208 0.104582 0.994143
10.25 187.855 -2.73375 0.59072 -0.0263764 0.00636139 0.117982 0.992645
10.3 188.065 -2.68503 0.594126 -0.0263372 0.00694039 0.131452 0.990948
10.35 188.278 -2.61144 0.58792 -0.0266081 0.00744711 0.146213 0.988867
10.4 188.535 -2.52937 0.586308 -0.0266159 0.00841645 0.163734 0.986109
10.45 188.771 -2.42751 0.579139 -0.026218 0.00939738 0.180537 0.983174
10.5 189.021 -2.31783 0.570355 -0.0254406 0.0105415 0.198171 0.979781
10.55 189.301 -2.17308 0.56038 -0.0245869 0.0116286 0.218619 0.975431
10.6 189.563 -2.03152 0.548582 -0.0242113 0.0123765 0.238073 0.970866
10.65 189.83 -1.87518 0.533648 -0.0241459 0.0134587 0.258128 0.965715
10.7 190.123 -1.68045 0.507907 -0.0242646 0.0147729 0.280794 0.959348
10.75 190.398 -1.48983 0.483804 -0.0243817 0.0158231 0.301747 0.952945
10.8 190.683 -1.27875 0.463238 -0.0249118 0.0168028 0.322751 0.946007
10.85 190.998 -1.02641 0.439696 -0.0256714 0.0175893 0.345604 0.937864
10.9 191.281 -0.765108 0.415417 -0.0259074 0.0178717 0.365982 0.93009
10.95 191.563 -0.484045 0.395351 -0.0255539 0.0187818 0.385582 0.922128
11 191.879 -0.154801 0.379922 -0.0247778 0.0207572 0.406128 0.913244
11.05 192.166 0.164284 0.361314 -0.0240213 0.0231999 0.424117 0.904991
11.1 192.454 0.505229 0.341957 -0.0235351 0.0253366 0.441563 0.896564
11.15 192.766 0.909549 0.32102 -0.0232553 0.0272138 0.460608 0.886882
11.2 193.048 1.30484 0.3124 -0.021722 0.0296183 0.478287 0.877435
11.25 193.332 1.71875 0.317491 -0.0213659 0.0324359 0.496231 0.867321
11.3 193.628 2.197 0.306371 -0.0202414 0.0354042 0.515728 0.855781
11.35 193.883 2.66297 0.291705 -0.0194365 0.0364849 0.53293 0.845149
11.4 194.118 3.14951 0.262159 -0.019677 0.035528 0.549377 0.834587
11.45 194.363 3.71541 0.229874 -0.0189269 0.0350929 0.565957 0.82347
11.5 194.57 4.26118 0.196371 -0.0170628 0.0349857 0.579238 0.814229
11.55 194.775 4.88914 0.146293 -0.0147316 0.0339962 0.592451 0.804754
11.6 194.944 5.48751 0.101671 -0.0137991 0.0332579 0.603573 0.796495
11.65 195.101 6.10143 0.0651779 -0.0146541 0.0325238 0.613911 0.788569
11.7 195.261 6.80286 0.0280916 -0.0139983 0.0324672 0.62523 0.779639
11.75 195.398 7.45619 -0.00761316 -0.0140756 0.0331845 0.635494 0.771264
11.8 195.526 8.12416 -0.0331254 -0.0142842 0.0342685 0.645156 0.763149
11.85 195.649 8.86664 -0.0741113 -0.0158398 0.0341466 0.654641 0.755002
11.9 195.745 9.5573 -0.110418 -0.0175967 0.0338932 0.662144 0.748402
11.95 195.828 10.2584 -0.152963 -0.0188148 0.0335701 0.668669 0.742564
12 195.91 11.0464 -0.198329 -0.0191754 0.0331546 0.674699 0.737099
12.05 195.975 11.7742 -0.242512 -0.0191802 0.0329399 0.679133 0.733024
12.1 196.034 12.59 -0.293829 -0.0191036 0.032532 0.682768 0.72966
12.15 196.078 13.3463 -0.345919 -0.0195567 0.0326813 0.685378 0.727191
12.2 196.119 14.1122 -0.397184 -0.0197368 0.0333785 0.687392 0.725251
12.25 196.165 14.96 -0.450801 -0.0199212 0.0338663 0.689154 0.723548
12.3 196.205 15.7348 -0.501902 -0.0205433 0.0349698 0.690583 0.722115
12.35 196.244 16.5144 -0.551183 -0.0207868 0.0364167 0.692 0.720678
12.4 196.282 17.3782 -0.612452 -0.0208066 0.0372206 0.69344 0.719251
12.45 196.311 18.1723 -0.667425 -0.0200533 0.036716 0.694492 0.718283
12.5 196.335 18.9824 -0.723532 -0.0188688 0.0349017 0.695274 0.717649
12.55 196.356 19.8895 -0.778013 -0.0173137 0.0328996 0.695654 0.717414
12.6 196.373 20.7222 -0.82849 -0.0162503 0.031789 0.695697 0.717448
12.65 196.387 21.6486 -0.877032 -0.0168062 0.0306728 0.695603 0.717574
12.7 196.41 22.496 -0.919262 -0.0175267 0.0303988 0.695121 0.718036
12.75 196.435 23.3441 -0.963994 -0.0191442 0.0315394 0.694469 0.718576
12.8 196.465 24.2782 -1.01122 -0.0213625 0.0323928 0.693682 0.719236
12.85 196.49 25.1373 -1.05901 -0.0225736 0.032843 0.692972 0.719862
12.9 196.521 25.9967 -1.11007 -0.0223619 0.0327416 0.692346 0.720475
12.95 196.563 26.9459 -1.18103 -0.0214376 0.0326851 0.691714 0.721113
13 196.598 27.8224 -1.24026 -0.0205202 0.0331512 0.691049 0.721755
13.05 196.636 28.7024 -1.30112 -0.0207824 0.0332922 0.690467 0.722298
13.1 196.682 29.6756 -1.36614 -0.0208225 0.0337932 0.689656 0.723049
13.15 196.727 30.5713 -1.4242 -0.0207504 0.033844 0.689029 0.723646
13.2 196.784 31.5538 -1.49341 -0.0199127 0.033556 0.688185 0.724485
13.25 196.835 32.4527 -1.55898 -0.0196147 0.032774 0.687569 0.725114
13.3 196.887 33.36 -1.62419 -0.0196887 0.0326442 0.686863 0.725786
13.35 196.937 34.281 -1.68658 -0.0204158 0.033062 0.686244 0.726332
13.4 196.994 35.3018 -1.75482 -0.0214332 0.0333044 0.685511 0.726985
13.45 197.052 36.2346 -1.81669 -0.022099 0.0328928 0.684874 0.727584
13.5 197.115 37.2665 -1.89071 -0.0220256 0.0322617 0.684286 0.728166
13.55 197.178 38.2078 -1.95456 -0.0224948 0.0317101 0.683786 0.728646
13.6 197.239 39.1568 -2.01947 -0.0234415 0.0317721 0.683047 0.729307
13.65 197.311 40.2058 -2.09033 -0.0256217 0.0314992 0.682212 0.730026
13.7 197.376 41.1668 -2.15845 -0.0268434 0.0315662 0.681282 0.730847
13.75 197.444 42.1314 -2.22878 -0.0265178 0.0323742 0.680213 0.731819
13.8 197.528 43.191 -2.30914 -0.0264853 0.0326528 0.678898 0.733028
13.85 197.605 44.1579 -2.38522 -0.0259873 0.0334638 0.677766 0.734056
13.9 197.687 45.1304 -2.46527 -0.0245791 0.033177 0.676806 0.735003
13.95 197.777 46.2039 -2.55144 -0.0241094 0.0316293 0.675707 0.736097
14 197.86 47.1812 -2.62921 -0.023766 0.0283696 0.674716 0.737149
14.05 197.944 48.1588 -2.70305 -0.02402 0.0257422 0.673699 0.738167
14.1 198.045 49.2339 -2.77677 -0.0239981 0.027202 0.672238 0.739446
14.15 198.14 50.2164 -2.83461 -0.0265491 0.0301355 0.671023 0.740348
14.2 198.247 51.3048 -2.89704 -0.0273428 0.0351974 0.669695 0.741297
14.25 198.348 52.2885 -2.96574 -0.0270218 0.0372207 0.669003 0.741835
14.3 198.449 53.2641 -3.0427 -0.0250187 0.0374853 0.667972 0.74282
14.35 198.562 54.3356 -3.12823 -0.0235918 0.0359652 0.66687 0.743932
14.4 198.665 55.3121 -3.20283 -0.0244223 0.0339655 0.665876 0.744889
14.45 198.774 56.292 -3.27401 -0.0228921 0.0330664 0.665045 0.745719
14.5 198.896 57.37 -3.35433 -0.02151 0.0310837 0.664283 0.746525
14.55 199.008 58.3569 -3.42461 -0.0197927 0.0291899 0.663435 0.747403
14.6 199.122 59.3451 -3.48997 -0.019677 0.0282353 0.662615 0.748169
14.65 199.249 60.4349 -3.55393 -0.0210316 0.0286276 0.661473 0.749127
14.7 199.367 61.4278 -3.61449 -0.0224273 0.0290758 0.660455 0.749968
14.75 199.504 62.5351 -3.66228 -0.0221305 0.0301353 0.659361 0.750896
14.8 199.633 63.5224 -3.73931 -0.0220134 0.0305082 0.658445 0.751688
14.85 199.767 64.5213 -3.79981 -0.0216871 0.0315316 0.657492 0.752489
14.9 199.915 65.6264 -3.88133 -0.0222532 0.0322293 0.656457 0.753346
14.95 200.05 66.6381 -3.95539 -0.0226425 0.0326407 0.655436 0.754205
15 200.189 67.6503 -4.03754 -0.0232177 0.0322202 0.654492 0.755025
15.05 200.344 68.7635 -4.1269 -0.0235252 0.0319121 0.653374 0.755996
15.1 200.486 69.7809 -4.21243 -0.0242167 0.0312707 0.652408 0.756835
15.15 200.629 70.7948 -4.28168 -0.02455 0.0307908 0.651389 0.757722
15.2 200.791 71.9096 -4.35789 -0.0245921 0.030272 0.6503 0.758675
15.25 200.942 72.9229 -4.42505 -0.0245214 0.0299681 0.649275 0.759567
15.3 201.097 73.9339 -4.48174 -0.0241026 0.0302319 0.648316 0.760389
15.35 201.264 75.0424 -4.54484 -0.0239606 0.0307428 0.647356 0.76119
15.4 201.417 76.0492 -4.60492 -0.0233817 0.0314338 0.646522 0.761889
15.45 201.573 77.0529 -4.66788 -0.023005 0.0320148 0.645683 0.762588
15.5 201.75 78.1513 -4.74271 -0.0233134 0.0327829 0.644774 0.763314
15.55 201.913 79.1475 -4.81214 -0.0236608 0.0329144 0.643969 0.763977
15.6 202.092 80.2386 -4.89728 -0.0235467 0.0326526 0.643118 0.764708
15.65 202.255 81.2273 -4.98453 -0.0233137 0.0320885 0.642292 0.765433
15.7 202.42 82.211 -5.06537 -0.0241815 0.0308115 0.641496 0.766126
15.75 202.602 83.2909 -5.1497 -0.024583 0.03001 0.640642 0.766859
15.8 202.771 84.2664 -5.22372 -0.0248567 0.0292406 0.639929 0.767475
15.85 202.939 85.2405 -5.29884 -0.0252401 0.0289268 0.639046 0.76821
15.9 203.125 86.3094 -5.37436 -0.0259079 0.0295726 0.638136 0.768919
15.95 203.299 87.2744 -5.44263 -0.0257977 0.03083 0.637268 0.769593
16 203.474 88.2336 -5.51836 -0.0253027 0.0313698 0.63646 0.770256
16.05 203.668 89.282 -5.60065 -0.0247105 0.0317117 0.635626 0.77095
16.1 203.843 90.2331 -5.67985 -0.0246158 0.0317303 0.634927 0.771528
16.15 204.019 91.1782 -5.75445 -0.0248805 0.0317303 0.634124 0.77218
16.2 204.213 92.2137 -5.83778 -0.0259164 0.0312192 0.63328 0.772858
16.25 204.39 93.1506 -5.90603 -0.0267219 0.0310034 0.632499 0.773479
16.3 204.569 94.0831 -5.9757 -0.0273356 0.030658 0.631735 0.774095
16.35 204.767 95.1058 -6.05529 -0.0276114 0.0311072 0.630737 0.774882
16.4 204.95 96.0282 -6.13071 -0.0281301 0.031349 0.629819 0.775599
16.45 205.154 97.0378 -6.21401 -0.0279263 0.0324167 0.628749 0.776431
16.5 205.342 97.9495 -6.28918 -0.0276302 0.0328186 0.627896 0.777114
16.55 205.531 98.8579 -6.36746 -0.0265768 0.0330098 0.626922 0.777928
16.6 205.739 99.8522 -6.45379 -0.0255659 0.032948 0.625641 0.778995
16.65 205.928 100.753 -6.53307 -0.025529 0.0318496 0.624162 0.780228
16.7 206.122 101.649 -6.60667 -0.025144 0.0322198 0.622214 0.781779
16.75 206.341 102.628 -6.68657 -0.0245289 0.0326477 0.620118 0.783445
16.8 206.541 103.513 -6.75666 -0.0241993 0.0322709 0.6181 0.785064
16.85 206.745 104.393 -6.82607 -0.0229335 0.0316683 0.616206 0.786614
16.9 206.971 105.354 -6.89922 -0.0233527 0.0312109 0.613995 0.788347
16.95 207.182 106.221 -6.96106 -0.0236169 0.0322614 0.61192 0.789908
17 207.396 107.084 -7.02204 -0.0242339 0.0331988 0.610144 0.791224
17.05 207.632 108.027 -7.09508 -0.024184 0.0340673 0.608263 0.792635
17.1 207.847 108.883 -7.16446 -0.0235389 0.0342967 0.606858 0.793721
17.15 208.089 109.812 -7.23725 -0.0221397 0.0340944 0.605346 0.794923
17.2 208.31 110.651 -7.30368 -0.0212847 0.0329644 0.604286 0.795801
17.25 208.531 111.48 -7.36994 -0.0207315 0.0319611 0.603391 0.796535
17.3 208.771 112.385 -7.4432 -0.0210317 0.0314676 0.60262 0.797131
17.35 208.991 113.193 -7.50732 -0.0221924 0.0313037 0.601979 0.797589
17.4 209.209 113.993 -7.56543 -0.0229156 0.0317865 0.601302 0.79806
17.45 209.449 114.858 -7.62759 -0.0235566 0.0317914 0.600732 0.798471
17.5 209.664 115.63 -7.6857 -0.023606 0.032152 0.600211 0.798846
17.55 209.877 116.392 -7.74862 -0.0230654 0.0324694 0.600106 0.798928
17.6 210.11 117.211 -7.811 -0.0224455 0.0329654 0.600345 0.798746
17.65 210.316 117.939 -7.87167 -0.0222096 0.0336681 0.600771 0.798403
17.7 210.518 118.65 -7.92894 -0.0215627 0.0337712 0.601289 0.798026
17.75 210.732 119.418 -7.9926 -0.0214532 0.0335016 0.601746 0.797696
17.8 210.922 120.106 -8.05032 -0.0216104 0.0330586 0.602179 0.797384
17.85 211.109 120.783 -8.10544 -0.0217415 0.0326576 0.602751 0.796964
17.9 211.31 121.515 -8.16369 -0.0216656 0.032513 0.603346 0.796522
17.95 211.49 122.167 -8.2145 -0.0215267 0.0322274 0.604065 0.795992
18 211.684 122.869 -8.27235 -0.0204362 0.0320572 0.60522 0.79515
18.05 211.854 123.494 -8.32671 -0.0191865 0.0321042 0.60675 0.794013
18.1 212.019 124.108 -8.38087 -0.0188908 0.0327286 0.608319 0.792793
18.15 212.193 124.771 -8.43365 -0.019312 0.0333074 0.6099 0.791542
18.2 212.349 125.366 -8.4814 -0.0202084 0.0336042 0.611286 0.790438
18.25 212.497 125.949 -8.52815 -0.0204515 0.0348547 0.612582 0.789373
18.3 212.655 126.575 -8.58943 -0.019356 0.0355425 0.613953 0.788305
18.35 212.793 127.131 -8.64098 -0.0192643 0.0358146 0.615094 0.787404
18.4 212.924 127.674 -8.68829 -0.0196404 0.0356309 0.616217 0.786525
18.45 213.062 128.253 -8.73608 -0.02002 0.0355325 0.617408 0.785585
18.5 213.181 128.765 -8.77948 -0.0199852 0.0358143 0.618553 0.784672
18.55 213.294 129.26 -8.82319 -0.0200512 0.0359396 0.619684 0.783772
18.6 213.414 129.784 -8.86629 -0.0199141 0.0361315 0.620605 0.783037
18.65 213.516 130.242 -8.90487 -0.0201846 0.0361852 0.621234 0.782529
18.7 213.614 130.68 -8.93996 -0.0205408 0.03579 0.621479 0.782343
18.75 213.712 131.141 -8.98369 -0.0211222 0.0349935 0.621157 0.78262
18.8 213.799 131.537 -9.01869 -0.0213623 0.0342833 0.620434 0.783218
18.85 213.891 131.949 -9.05505 -0.0207706 0.0341362 0.619035 0.784346
18.9 213.974 132.3 -9.08461 -0.0198239 0.0344093 0.617636 0.785461
18.95 214.054 132.632 -9.11258 -0.0188589 0.0351089 0.616036 0.786709
19 214.133 132.974 -9.14781 -0.0190808 0.0355206 0.614286 0.788053
19.05 214.201 133.265 -9.17489 -0.0197994 0.0356367 0.612838 0.789156
19.1 214.265 133.535 -9.20054 -0.020234 0.0358704 0.611634 0.790068
19.15 214.335 133.807 -9.22254 -0.0193117 0.0365513 0.610303 0.791088
19.2 214.392 134.036 -9.24608 -0.0186824 0.0371328 0.609129 0.791981
19.25 214.444 134.247 -9.26767 -0.0190589 0.0373836 0.608309 0.79259
19.3 214.495 134.461 -9.29142 -0.0197812 0.0368977 0.60735 0.793331
19.35 214.539 134.64 -9.31038 -0.0208246 0.0365271 0.606503 0.793968
19.4 214.58 134.804 -9.32683 -0.0214477 0.0360098 0.605831 0.794489
19.45 214.627 134.957 -9.34994 -0.0203769 0.0355981 0.605064 0.795119
19.5 214.664 135.081 -9.36993 -0.0189329 0.0359787 0.604427 0.795623
19.55 214.699 135.201 -9.39145 -0.0184492 0.0365998 0.603888 0.796014
19.6 214.725 135.3 -9.40797 -0.0192362 0.0364369 0.603434 0.796348
19.65 214.749 135.388 -9.42589 -0.0195536 0.0357161 0.603024 0.796683
19.7 214.774 135.478 -9.44609 -0.0189702 0.0351751 0.602576 0.797061
19.75 214.795 135.55 -9.46512 -0.018487 0.0351138 0.602227 0.797338
19.8 214.814 135.617 -9.47931 -0.0183254 0.035059 0.60192 0.797576
19.85 214.833 135.684 -9.49463 -0.0181351 0.0347174 0.601601 0.797836
19.9 214.849 135.737 -9.50616 -0.0178557 0.034656 0.60129 0.798079
19.95 214.866 135.782 -9.51684 -0.0177702 0.0347544 0.601093 0.798226
20 214.891 135.819 -9.52306 -0.0178754 0.0347628 0.601066 0.798243
20.05 214.908 135.842 -9.52729 -0.0180467 0.0347184 0.601014 0.79828
20.1 214.926 135.847 -9.53091 -0.0179758 0.0349305 0.601028 0.798262
20.15 214.939 135.847 -9.53345 -0.0177224 0.0351912 0.601068 0.798226
20.2 214.947 135.834 -9.53976 -0.0176633 0.035306 0.60118 0.798138
20.25 214.95 135.814 -9.54388 -0.0176651 0.0350075 0.601237 0.798108
20.3 214.954 135.795 -9.5488 -0.0174845 0.03424 0.601351 0.79806
20.35 214.959 135.783 -9.55268 -0.0170136 0.0336137 0.601415 0.798048
20.4 214.965 135.768 -9.55783 -0.016943 0.0337219 0.601424 0.798038
20.45 214.968 135.755 -9.56384 -0.0168984 0.033963 0.601463 0.797999
20.5 214.972 135.744 -9.56909 -0.0167799 0.0337919 0.601481 0.797995
20.55 214.975 135.733 -9.57561 -0.0169371 0.0338773 0.601504 0.797972
20.6 214.977 135.729 -9.58273 -0.0170365 0.0339065 0.601481 0.797985
20.65 214.97 135.737 -9.58753 -0.0169543 0.0338345 0.601441 0.798021
20.7 214.963 135.748 -9.58723 -0.0170977 0.0339048 0.601397 0.798047
20.75 214.955 135.767 -9.5846 -0.0171811 0.0339529 0.601342 0.798085
20.8 214.951 135.779 -9.58169 -0.0172059 0.033907 0.601296 0.798121
20.85 214.947 135.795 -9.57812 -0.0172819 0.0339915 0.601259 0.798143
20.9 214.944 135.803 -9.57722 -0.0173005 0.0340405 0.601237 0.798158
20.95 214.937 135.822 -9.57094 -0.0174143 0.0340447 0.601176 0.798201
21 214.933 135.832 -9.56764 -0.017473 0.0340278 0.601175 0.798202
21.05 214.93 135.84 -9.56422 -0.0174492 0.0340479 0.601166 0.798208
21.1 214.924 135.857 -9.55466 -0.0175467 0.0341116 0.601124 0.798235
21.15 214.921 135.866 -9.54932 -0.0175629 0.0340959 0.601115 0.798242
21.2 214.916 135.879 -9.54377 -0.0176463 0.0341503 0.601091 0.798256
21.25 214.912 135.888 -9.53921 -0.0176527 0.0341679 0.601102 0.798246
21.3 214.904 135.903 -9.53396 -0.0176933 0.0341863 0.601119 0.798232
21.35 214.9 135.914 -9.52995 -0.0177258 0.0341632 0.60111 0.798239
21.4 214.895 135.924 -9.52598 -0.0177725 0.0341918 0.601109 0.798238
21.45 214.892 135.931 -9.5235 -0.0177916 0.0342264 0.601083 0.798255
21.5 214.89 135.937 -9.52108 -0.0177891 0.0342271 0.601068 0.798266
21.55 214.889 135.941 -9.51937 -0.0178023 0.0342246 0.60104 0.798287
21.6 214.888 135.945 -9.51799 -0.0178056 0.0342401 0.601008 0.798311
21.65 214.886 135.95 -9.51793 -0.017798 0.0342359 0.600982 0.798331
21.7 214.884 135.952 -9.51956 -0.0178036 0.0342298 0.600979 0.798333
21.75 214.882 135.955 -9.52336 -0.0178006 0.0342407 0.600963 0.798345
21.8 214.881 135.956 -9.52681 -0.0178276 0.0341966 0.600963 0.798346
21.85 214.878 135.955 -9.53137 -0.0178386 0.0342139 0.600977 0.798335
21.9 214.878 135.954 -9.53271 -0.0178106 0.0342265 0.600911 0.798384
21.95 214.877 135.954 -9.53488 -0.0178154 0.0342456 0.600914 0.798381
22 214.878 135.951 -9.5395 -0.0177722 0.0342184 0.600881 0.798408
22.05 214.877 135.949 -9.54224 -0.0177649 0.0342057 0.600836 0.798443
22.1 214.878 135.944 -9.54676 -0.0177409 0.0342318 0.600831 0.798446
22.15 214.876 135.943 -9.54748 -0.0177279 0.0342147 0.600833 0.798445
22.2 214.875 135.942 -9.5483 -0.0177255 0.0342248 0.600822 0.798453
22.25 214.875 135.939 -9.5508 -0.0176959 0.0342018 0.600804 0.798469
22.3 214.874 135.937 -9.55281 -0.0176939 0.0342194 0.600769 0.798494
