0 0 4.65661e-10 0 -8.67362e-19 -6.50521e-19 -1.38846e-17 1
0.05 1.19389 -0.00397422 0.0086931 -0.000206953 -0.000509274 -0.00215303 0.999998
0.1 2.38627 -0.0136286 0.0191875 0.000518098 -0.00106639 -0.00425669 0.99999
0.15 3.69389 -0.0425766 0.0339658 0.00105238 -0.00173661 -0.00637099 0.999978
0.2 4.88445 -0.0808729 0.0511507 0.00155823 -0.0017114 -0.0084605 0.999962
0.25 6.07371 -0.128125 0.0712351 0.00129025 -0.0010142 -0.0103931 0.999945
0.3 7.38217 -0.176039 0.0909568 0.000263026 -0.000117296 -0.0127003 0.999919
0.35 8.57734 -0.230565 0.106307 -0.00110708 0.00018227 -0.0147344 0.999891
0.4 9.77019 -0.282455 0.116864 -0.00197808 -0.000412576 -0.0165847 0.99986
0.45 11.083 -0.345954 0.129795 -0.00327835 -0.00105679 -0.018343 0.999826
0.5 12.2761 -0.406945 0.143749 -0.00241128 -0.00237464 -0.0195522 0.999803
0.55 13.5883 -0.479064 0.159248 -0.00200016 -0.00432389 -0.0207361 0.999774
0.6 14.7804 -0.546314 0.18121 -0.000226009 -0.00425029 -0.0220257 0.999748
0.65 15.9718 -0.615606 0.20379 0.00101276 -0.00343072 -0.0230398 0.999728
0.7 17.283 -0.696322 0.228182 0.00248382 -0.00203764 -0.0244557 0.999696
0.75 18.4732 -0.768769 0.24571 0.00226839 -0.00129275 -0.026094 0.999656
0.8 19.6623 -0.846543 0.261936 0.0031911 -0.00136421 -0.028074 0.9996
0.85 20.8498 -0.926229 0.274573 0.00291857 -0.00221259 -0.0299857 0.999544
0.9 22.1554 -1.01975 0.291432 0.00300053 -0.00234404 -0.0321302 0.999476
0.95 23.3411 -1.10951 0.308174 0.00363135 -0.00143339 -0.0339991 0.999414
1 24.644 -1.21365 0.32501 0.00367711 -8.07497e-05 -0.036129 0.99934
1.05 25.8261 -1.30981 0.336344 0.00418041 -0.000387448 -0.0376987 0.99928
1.1 27.0105 -1.40768 0.344227 0.00465753 -0.00152569 -0.0388542 0.999233
1.15 28.3149 -1.51677 0.355535 0.00458309 -0.00220756 -0.0396486 0.999201
1.2 29.4965 -1.61847 0.369041 0.00433516 -0.00226716 -0.040063 0.999185
1.25 30.675 -1.71536 0.382761 0.00313917 -0.00342132 -0.0404728 0.99917
1.3 31.9605 -1.81499 0.399535 0.00263554 -0.00504539 -0.0411038 0.999139
1.35 33.1269 -1.90506 0.420091 0.00386553 -0.00448287 -0.0417223 0.999112
1.4 34.2933 -2.00215 0.444661 0.00385211 -0.00253416 -0.0420536 0.999105
1.45 35.5724 -2.11113 0.466153 0.00523759 -0.000691141 -0.0424975 0.999083
1.5 36.7324 -2.21349 0.480342 0.0064653 -0.000371256 -0.0430808 0.999051
1.55 37.8898 -2.31504 0.491125 0.00566887 -0.000447657 -0.0439218 0.999019
1.6 39.158 -2.42729 0.504379 0.00445271 -0.000487529 -0.0444713 0.999001
1.65 40.3083 -2.53233 0.515867 0.00440669 -0.00102425 -0.0449441 0.998979
1.7 41.4546 -2.63645 0.525919 0.00381213 -0.00144244 -0.0456703 0.998948
1.75 42.7162 -2.7478 0.538215 0.00328794 -0.000901467 -0.0466815 0.998904
1.8 43.8511 -2.84788 0.550316 0.00251578 8.34369e-05 -0.0479059 0.998849
1.85 44.9896 -2.95901 0.559462 0.00254494 2.01559e-05 -0.049345 0.998779
1.9 46.2498 -3.09511 0.565052 0.00241638 -0.000720651 -0.0510246 0.998694
1.95 47.389 -3.22124 0.573263 0.00226833 -0.000769257 -0.0526621 0.99861
2 48.6396 -3.36368 0.583517 0.001747 -0.000208679 -0.0542883 0.998524
2.05 49.7713 -3.49523 0.593851 0.00175152 -0.000312858 -0.0559316 0.998433
2.1 50.8983 -3.62973 0.602964 0.00107035 -0.000726354 -0.0575628 0.998341
2.15 52.1337 -3.78438 0.614543 0.00122219 -0.000949087 -0.0593143 0.998238
2.2 53.2529 -3.92864 0.626708 0.0015445 -0.00116832 -0.0609115 0.998141
2.25 54.3621 -4.07236 0.638838 0.00175665 -0.00211575 -0.0624462 0.998045
2.3 55.5795 -4.23143 0.651664 0.00180062 -0.00340818 -0.0641801 0.997931
2.35 56.6861 -4.37074 0.664289 0.0016324 -0.0036091 -0.0658881 0.997819
2.4 57.7864 -4.51725 0.680655 0.000991509 -0.00285764 -0.0676834 0.997702
2.45 58.9911 -4.68492 0.697614 0.00121586 -0.00311532 -0.0699075 0.997548
2.5 60.0856 -4.84095 0.70983 0.0009157 -0.00283316 -0.0718726 0.997409
2.55 61.1771 -4.99821 0.724138 0.000652273 -0.00202226 -0.0741035 0.997248
2.6 62.3641 -5.17849 0.737245 0.000901407 -0.00223476 -0.0767409 0.997048
2.65 63.4451 -5.34408 0.744086 0.000289533 -0.00225642 -0.0793542 0.996844
2.7 64.5249 -5.51275 0.753483 0.000610001 -0.00194715 -0.0821393 0.996619
2.75 65.7124 -5.7221 0.766661 0.00101767 -0.00200383 -0.0849907 0.996379
2.8 66.7874 -5.9187 0.776671 0.00118748 -0.00181881 -0.0875584 0.996157
2.85 67.869 -6.12817 0.786525 0.000983117 -0.00168544 -0.0901873 0.995923
2.9 69.0505 -6.36386 0.79665 0.00194882 -0.00304127 -0.0932476 0.995636
2.95 70.1121 -6.57767 0.807367 0.000781238 -0.0031261 -0.0960117 0.995375
3 71.266 -6.81785 0.826033 0.000621487 -0.00222009 -0.099059 0.995079
3.05 72.3036 -7.03965 0.840681 0.000141177 -0.00133353 -0.10173 0.994811
3.1 73.3363 -7.26635 0.853888 -9.34352e-05 -0.000626895 -0.104552 0.994519
3.15 74.4581 -7.52185 0.868125 0.000588597 -0.000385319 -0.107171 0.99424
3.2 75.4616 -7.75447 0.880333 0.0012028 -0.000644745 -0.109104 0.994029
3.25 76.549 -8.0234 0.889529 0.00210195 -0.00184533 -0.110818 0.993837
3.3 77.5169 -8.26175 0.900036 0.00326811 -0.00265077 -0.112356 0.993659
3.35 78.4703 -8.50055 0.912922 0.00375943 -0.00198254 -0.113895 0.993484
3.4 79.4029 -8.73326 0.928177 0.00431057 -0.000638797 -0.115345 0.993316
3.45 80.4089 -8.9853 0.937994 0.0044043 0.000194838 -0.116546 0.993176
3.5 81.309 -9.20449 0.945055 0.00484594 -0.000182984 -0.117571 0.993053
3.55 82.1943 -9.41917 0.952081 0.00520392 -0.000913938 -0.118505 0.992939
3.6 83.1596 -9.65444 0.954035 0.00529693 -0.00201385 -0.119367 0.992834
3.65 84.0258 -9.86971 0.958732 0.00555487 -0.00313701 -0.119995 0.992754
3.7 84.9729 -10.1075 0.96441 0.00627022 -0.00416042 -0.120719 0.992658
3.75 85.8256 -10.3244 0.968051 0.00708589 -0.00432004 -0.121312 0.99258
3.8 86.7573 -10.5596 0.970341 0.00698397 -0.00287327 -0.122149 0.992483
3.85 87.5863 -10.768 0.976766 0.00590336 -0.001205 -0.123041 0.992383
3.9 88.4111 -10.9598 0.971878 0.00522229 -0.000361627 -0.123913 0.992279
3.95 89.2143 -11.1603 0.972512 0.00414727 -0.00113678 -0.124834 0.992168
4 90.0839 -11.3835 0.980706 0.00344631 -0.00227668 -0.125928 0.992031
4.05 90.862 -11.58 0.986217 0.00320511 -0.00256811 -0.126735 0.991928
4.1 91.6212 -11.783 0.994281 0.00290121 -0.00256526 -0.127485 0.991833
4.15 92.4351 -12.0029 0.999791 0.00283013 -0.00264919 -0.128281 0.99173
4.2 93.1604 -12.2 1.00839 0.00351216 -0.00282846 -0.129053 0.991627
4.25 93.9336 -12.4131 1.01699 0.00369935 -0.00264532 -0.129823 0.991527
4.3 94.6145 -12.6016 1.02673 0.0036522 -0.00260703 -0.130611 0.991424
4.35 95.2702 -12.784 1.03879 0.00394953 -0.00243718 -0.131453 0.991312
4.4 95.9728 -12.9793 1.05089 0.0041246 -0.0023141 -0.132222 0.991209
4.45 96.5969 -13.1542 1.06164 0.0043148 -0.00216679 -0.133113 0.991089
4.5 97.2021 -13.3288 1.07257 0.00447217 -0.00204288 -0.133866 0.990987
4.55 97.8447 -13.5171 1.08318 0.00448104 -0.00220083 -0.134656 0.99088
4.6 98.4105 -13.6811 1.09407 0.00434752 -0.00220562 -0.13556 0.990757
4.65 98.9588 -13.8407 1.10839 0.00419303 -0.00216334 -0.136371 0.990647
4.7 99.5491 -14.005 1.11705 0.00394903 -0.00185095 -0.13728 0.990523
4.75 100.07 -14.1511 1.12219 0.00394924 -0.00201238 -0.138243 0.990388
4.8 100.573 -14.2964 1.13079 0.00392345 -0.00202334 -0.139096 0.990269
4.85 101.106 -14.4549 1.13926 0.00402286 -0.00190328 -0.139963 0.990147
4.9 101.577 -14.5921 1.14167 0.00384595 -0.00181004 -0.140786 0.990031
4.95 102.034 -14.7214 1.1421 0.00365789 -0.00196254 -0.14165 0.989908
5 102.519 -14.8552 1.14111 0.00328064 -0.00228559 -0.142417 0.989799
5.05 102.942 -14.9702 1.13961 0.00269643 -0.00235962 -0.143156 0.989694
5.1 103.356 -15.0808 1.1386 0.00246976 -0.00230992 -0.143875 0.98959
5.15 103.796 -15.1991 1.13837 0.00245052 -0.00225319 -0.14461 0.989483
5.2 104.176 -15.305 1.13981 0.00270529 -0.00218402 -0.145282 0.989384
5.25 104.577 -15.4158 1.14108 0.00265904 -0.00204973 -0.145842 0.989302
5.3 104.924 -15.5171 1.1464 0.00278379 -0.00197266 -0.146086 0.989266
5.35 105.259 -15.6148 1.1494 0.00260362 -0.00171103 -0.14617 0.989255
5.4 105.609 -15.7208 1.15621 0.00229087 -0.00154894 -0.146166 0.989256
5.45 105.909 -15.8095 1.16194 0.00179153 -0.00164743 -0.14612 0.989264
5.5 106.199 -15.9008 1.16499 0.00160284 -0.00187855 -0.146084 0.989269
5.55 106.506 -15.9991 1.16771 0.00165571 -0.00179262 -0.145991 0.989283
5.6 106.766 -16.0822 1.17374 0.00197193 -0.00183398 -0.14598 0.989284
5.65 107.016 -16.1615 1.17872 0.00206728 -0.00200965 -0.146013 0.989278
5.7 107.279 -16.2422 1.18062 0.0023443 -0.001976 -0.146025 0.989276
5.75 107.509 -16.3113 1.18108 0.00228252 -0.00205381 -0.146003 0.989279
5.8 107.746 -16.3843 1.18167 0.00242192 -0.00209556 -0.146041 0.989273
5.85 107.954 -16.4414 1.18319 0.00241573 -0.00186936 -0.14611 0.989264
5.9 108.149 -16.4915 1.18569 0.00222788 -0.00188397 -0.146209 0.989249
5.95 108.349 -16.5431 1.18943 0.00178758 -0.00170524 -0.146234 0.989247
6 108.519 -16.5834 1.1927 0.00187842 -0.00155931 -0.146314 0.989235
6.05 108.681 -16.6238 1.19427 0.00208378 -0.00164903 -0.146446 0.989215
6.1 108.851 -16.6673 1.19743 0.00247812 -0.00171725 -0.146414 0.989219
6.15 108.995 -16.7037 1.19844 0.00271123 -0.00175056 -0.146486 0.989207
6.2 109.127 -16.7357 1.19751 0.00290327 -0.00191499 -0.146525 0.989201
6.25 109.263 -16.7666 1.19643 0.0030398 -0.00181879 -0.1466 0.98919
6.3 109.378 -16.7926 1.19593 0.00294294 -0.00167528 -0.146651 0.989183
6.35 109.485 -16.8159 1.19748 0.00313934 -0.00192293 -0.146615 0.989187
6.4 109.598 -16.8438 1.19773 0.00314856 -0.00194322 -0.146584 0.989191
6.45 109.689 -16.8664 1.20041 0.00317495 -0.00192099 -0.146649 0.989182
6.5 109.786 -16.8915 1.20241 0.00298687 -0.0020566 -0.146557 0.989196
6.55 109.868 -16.9126 1.20401 0.00293108 -0.00223389 -0.146537 0.989198
6.6 109.953 -16.9361 1.20467 0.00287175 -0.00236087 -0.146567 0.989194
6.65 110.046 -16.9634 1.20331 0.00307833 -0.00240537 -0.146517 0.9892
6.7 110.131 -16.9885 1.201 0.0031758 -0.00228203 -0.146546 0.989196
6.75 110.214 -17.015 1.20148 0.00306949 -0.00236687 -0.146605 0.989188
6.8 110.294 -17.0481 1.21459 0.00280924 -0.00297059 -0.146392 0.989218
6.85 110.368 -17.0727 1.22037 0.00245496 -0.00344754 -0.146414 0.989214
6.9 110.453 -17.0997 1.22548 0.00252935 -0.00342038 -0.146725 0.989168
6.95 110.533 -17.122 1.22769 0.00236985 -0.00329438 -0.14696 0.989134
7 110.611 -17.1464 1.22683 0.00229819 -0.00355156 -0.147035 0.989122
7.05 110.692 -17.1707 1.2258 0.00229382 -0.00362071 -0.147238 0.989092
7.1 110.78 -17.1975 1.22771 0.00246443 -0.003481 -0.147429 0.989063
7.15 110.857 -17.2224 1.23044 0.00251397 -0.00353874 -0.147601 0.989037
7.2 110.94 -17.2496 1.23311 0.00249696 -0.00330032 -0.147774 0.989013
7.25 111.013 -17.2719 1.23455 0.00268354 -0.00324087 -0.14788 0.988996
7.3 111.083 -17.2927 1.23549 0.00277564 -0.00332669 -0.148028 0.988974
7.35 111.153 -17.3189 1.24047 0.00296148 -0.0032862 -0.148264 0.988938
7.4 111.211 -17.3408 1.24599 0.00304227 -0.00340596 -0.148359 0.988923
7.45 111.263 -17.3593 1.25289 0.00320862 -0.00351652 -0.14852 0.988898
7.5 111.316 -17.3769 1.25868 0.00326813 -0.00339103 -0.148583 0.988889
7.55 111.36 -17.3967 1.26656 0.00325061 -0.00350437 -0.148667 0.988876
7.6 111.406 -17.414 1.26884 0.0032684 -0.00368166 -0.148789 0.988857
7.65 111.46 -17.4336 1.26973 0.00339639 -0.00353836 -0.148897 0.988841
7.7 111.506 -17.4487 1.26996 0.00343098 -0.0035205 -0.148944 0.988833
7.75 111.55 -17.4621 1.27089 0.00348101 -0.0034985 -0.14913 0.988805
7.8 111.595 -17.4798 1.27672 0.00351317 -0.00350733 -0.149224 0.988791
7.85 111.634 -17.4954 1.28175 0.0036021 -0.00374174 -0.149298 0.988779
7.9 111.671 -17.5117 1.29059 0.00366996 -0.0037909 -0.149335 0.988773
7.95 111.706 -17.5269 1.29663 0.00377563 -0.0037032 -0.149413 0.988761
8 111.736 -17.5429 1.3028 0.00386549 -0.00375296 -0.14948 0.98875
8.05 111.761 -17.5537 1.30932 0.00398108 -0.00383793 -0.149563 0.988737
8.1 111.773 -17.5656 1.32404 0.00401041 -0.00379601 -0.149627 0.988727
8.15 111.787 -17.5725 1.32848 0.0039856 -0.00384601 -0.149708 0.988715
8.2 111.804 -17.5767 1.32659 0.00397 -0.00386917 -0.149755 0.988708
8.25 111.82 -17.5802 1.32232 0.0039571 -0.00386152 -0.149807 0.9887
8.3 111.832 -17.5834 1.32039 0.00396 -0.00383067 -0.149829 0.988697
8.35 111.842 -17.5865 1.32022 0.00395142 -0.00380863 -0.149848 0.988694
8.4 111.846 -17.5847 1.3192 0.0039209 -0.00372254 -0.149885 0.988689
8.45 111.85 -17.5818 1.31818 0.00390607 -0.00374482 -0.149857 0.988693
8.5 111.851 -17.5772 1.31567 0.00387296 -0.00391823 -0.149832 0.988696
8.55 111.857 -17.5725 1.31171 0.00391792 -0.00397657 -0.149848 0.988693
8.6 111.86 -17.5673 1.30591 0.00395369 -0.00377198 -0.149826 0.988697
8.65 111.859 -17.5637 1.30416 0.00395949 -0.00388997 -0.149817 0.988698
8.7 111.86 -17.5615 1.30341 0.00392514 -0.00398504 -0.14984 0.988694
8.75 111.858 -17.5603 1.30407 0.00391687 -0.00386169 -0.149871 0.98869
8.8 111.857 -17.5584 1.30334 0.00394111 -0.00389803 -0.149863 0.988691
8.85 111.855 -17.5563 1.3022 0.00392315 -0.00393827 -0.149843 0.988694
8.9 111.854 -17.5549 1.29854 0.00393722 -0.00395061 -0.149865 0.988691
8.95 111.856 -17.5547 1.2948 0.00396014 -0.00384596 -0.149908 0.988685
9 111.861 -17.555 1.28944 0.00395979 -0.00392966 -0.14988 0.988688
9.05 111.862 -17.5551 1.28741 0.00397874 -0.00392121 -0.149835 0.988695
9.1 111.862 -17.5595 1.29007 0.00400388 -0.00389027 -0.149898 0.988686
9.15 111.863 -17.5605 1.28996 0.00403175 -0.00384586 -0.149933 0.98868
9.2 111.864 -17.5628 1.29169 0.00401331 -0.00388629 -0.149961 0.988676
9.25 111.865 -17.5638 1.29376 0.00403375 -0.00387431 -0.15004 0.988664
9.3 111.866 -17.5668 1.29861 0.00409577 -0.00384957 -0.150049 0.988663
9.35 111.865 -17.569 1.30268 0.00405686 -0.00393287 -0.150094 0.988656
9.4 111.866 -17.5705 1.30555 0.00411023 -0.00392269 -0.150072 0.988659
9.45 111.867 -17.5717 1.30746 0.00409268 -0.0039128 -0.150085 0.988657
9.5 111.869 -17.5727 1.30828 0.00410958 -0.00387211 -0.150095 0.988656
9.55 111.87 -17.5743 1.31297 0.00411814 -0.00393895 -0.15018 0.988642
9.6 111.871 -17.5765 1.31784 0.00414491 -0.00389082 -0.150158 0.988646
9.65 111.871 -17.5786 1.32339 0.00415514 -0.00390799 -0.150175 0.988643
9.7 111.871 -17.5795 1.32809 0.00416151 -0.00393641 -0.150179 0.988642
9.75 111.871 -17.5825 1.33608 0.00420491 -0.00389642 -0.150216 0.988637
9.8 111.871 -17.583 1.34168 0.00417428 -0.0039166 -0.150236 0.988634
9.85 111.871 -17.5828 1.3432 0.00420068 -0.00393804 -0.150264 0.988629
9.9 111.874 -17.5829 1.34501 0.00419188 -0.00394491 -0.150249 0.988631
9.95 111.876 -17.5824 1.34556 0.00423237 -0.00388851 -0.150255 0.988631
10 111.88 -17.5812 1.34287 0.00424309 -0.0039261 -0.150276 0.988627
10.05 111.882 -17.5819 1.34376 0.00422105 -0.00391695 -0.150305 0.988623
10.1 111.881 -17.5868 1.34728 0.00425422 -0.00392871 -0.15031 0.988622
10.15 111.882 -17.5887 1.34913 0.00424213 -0.00393858 -0.150312 0.988622
10.2 111.883 -17.5918 1.3509 0.00425164 -0.00393889 -0.150308 0.988622
10.25 111.884 -17.5939 1.35175 0.00425399 -0.00395498 -0.150328 0.988619
10.3 111.883 -17.5986 1.35451 0.00431577 -0.00394186 -0.150338 0.988617
10.35 111.883 -17.6009 1.35654 0.00428723 -0.00395994 -0.150381 0.988611
10.4 111.884 -17.6041 1.35871 0.00432419 -0.00394424 -0.150397 0.988608
10.45 111.883 -17.6073 1.36074 0.00432285 -0.00397091 -0.150455 0.988599
10.5 111.883 -17.607 1.35999 0.00432875 -0.0039513 -0.150446 0.988601
10.55 111.881 -17.6071 1.35983 0.00430922 -0.00401302 -0.150443 0.988601
10.6 111.879 -17.6074 1.36041 0.00431223 -0.00399637 -0.150484 0.988595
10.65 111.878 -17.6097 1.36086 0.00431395 -0.00400848 -0.150529 0.988588
10.7 111.878 -17.6118 1.36317 0.00433648 -0.0040522 -0.15056 0.988583
10.75 111.876 -17.6162 1.36953 0.00435875 -0.00401723 -0.150582 0.98858
10.8 111.873 -17.62 1.37553 0.00433801 -0.00404554 -0.150604 0.988576
10.85 111.871 -17.6253 1.38387 0.0043937 -0.00404422 -0.150634 0.988571
10.9 111.87 -17.6295 1.38986 0.0043879 -0.00408386 -0.150655 0.988568
10.95 111.87 -17.6319 1.39381 0.0044188 -0.00402884 -0.150635 0.988571
11 111.872 -17.6344 1.3972 0.00441424 -0.00407141 -0.150626 0.988573
11.05 111.873 -17.6351 1.39771 0.00440525 -0.00406316 -0.150615 0.988574
11.1 111.874 -17.6379 1.39898 0.00439196 -0.00409481 -0.150625 0.988573
11.15 111.876 -17.6397 1.39659 0.00439382 -0.0040591 -0.150623 0.988573
11.2 111.876 -17.6432 1.39644 0.00443011 -0.00407716 -0.150674 0.988565
11.25 111.876 -17.6463 1.39662 0.00442981 -0.00405664 -0.150684 0.988564
11.3 111.875 -17.651 1.39929 0.00446553 -0.00404165 -0.150732 0.988556
11.35 111.875 -17.6535 1.39986 0.00443711 -0.00411544 -0.150777 0.988549
11.4 111.879 -17.657 1.41001 0.00446123 -0.00407449 -0.150792 0.988547
11.45 111.88 -17.658 1.41297 0.00443905 -0.00408051 -0.150747 0.988554
11.5 111.881 -17.6584 1.41404 0.0044705 -0.00408699 -0.150753 0.988553
11.55 111.887 -17.6602 1.42705 0.00447452 -0.00408862 -0.150772 0.98855
11.6 111.899 -17.6594 1.44107 0.00448499 -0.00409188 -0.150759 0.988552
