0 0 -8.73115e-11 0 -1.73472e-18 0 3.46945e-18 1
0.05 0.0188506 -0.0107663 -0.0109316 -2.25e-05 -6.04186e-05 3.13676e-06 1
0.1 0.0475809 -0.0250868 -0.0269078 -6.64359e-05 -6.19511e-05 -5.53624e-05 1
0.15 0.0944902 -0.0383458 -0.0477896 -0.00012435 -0.000145742 -0.000165172 1
0.2 0.143007 -0.0502572 -0.0666554 -0.000148947 -0.000208406 -0.000205487 1
0.25 0.270877 -0.0572294 -0.148121 -0.000206151 -8.23651e-05 -0.000343688 1
0.3 0.36975 -0.0616497 -0.201748 -0.000197186 6.81196e-05 -0.000444592 1
0.35 0.485656 -0.0684939 -0.265138 -0.000248359 0.000200377 -0.000579087 1
0.4 0.603477 -0.0769461 -0.317165 -0.00024782 0.000316235 -0.000681698 1
0.45 0.754287 -0.0931813 -0.401876 -0.000138361 0.000460129 -0.000724734 1
0.5 0.903574 -0.108539 -0.479108 1.90435e-05 0.000492633 -0.00061736 1
0.55 1.09563 -0.130841 -0.593549 4.04935e-05 0.000376509 -0.000366019 1
0.6 1.30086 -0.150716 -0.686978 -3.866e-05 3.94688e-05 0.00022024 1
0.65 1.56768 -0.164184 -0.79057 3.82639e-05 -0.000275139 0.00159337 0.999999
0.7 1.78376 -0.165686 -0.859614 9.25266e-05 -0.000381896 0.00357954 0.999994
0.75 1.99566 -0.166588 -0.920202 0.000130753 -0.000371356 0.00650485 0.999979
0.8 2.2589 -0.173189 -1.01128 0.00025 -0.000257273 0.0108977 0.999941
0.85 2.50534 -0.17668 -1.08532 0.00048588 -3.9235e-05 0.0162616 0.999868
0.9 2.78166 -0.183143 -1.17141 0.00073617 0.000124714 0.0231658 0.999731
0.95 3.03933 -0.183334 -1.23061 0.000861028 0.000402427 0.0326051 0.999468
1 3.30496 -0.180797 -1.29464 0.000728487 0.000739905 0.0427779 0.999084
1.05 3.54843 -0.171857 -1.33934 0.000398647 0.000970967 0.0545754 0.998509
1.1 3.85532 -0.156739 -1.41876 0.00039613 0.00105875 0.069213 0.997601
1.15 4.12535 -0.13372 -1.48928 0.00056489 0.00104836 0.083707 0.99649
1.2 4.39878 -0.103365 -1.55198 0.000874186 0.00105237 0.0994346 0.995043
1.25 4.71498 -0.0598542 -1.62185 0.00107105 0.00112527 0.118181 0.992991
1.3 4.99504 -0.00889761 -1.67017 0.00106262 0.00124645 0.136402 0.990652
1.35 5.30943 0.0509399 -1.72966 0.000212595 0.00173938 0.155862 0.987777
1.4 5.6349 0.134245 -1.77375 -0.00114435 0.00260209 0.178404 0.983953
1.45 5.94878 0.224733 -1.82054 -0.00240504 0.00356068 0.199589 0.97987
1.5 6.25191 0.330501 -1.85524 -0.00322828 0.00453483 0.221739 0.97509
1.55 6.59474 0.462194 -1.89871 -0.00356009 0.00551387 0.247027 0.968986
1.6 6.90758 0.599167 -1.94066 -0.00362069 0.00730464 0.270301 0.962741
1.65 7.21673 0.752996 -1.98017 -0.00385843 0.0102248 0.293785 0.955809
1.7 7.5519 0.943327 -2.02865 -0.0058416 0.0120776 0.320023 0.947315
1.75 7.84373 1.13576 -2.06562 -0.00787385 0.0135352 0.344251 0.938747
1.8 8.17082 1.36795 -2.1206 -0.0107019 0.0154148 0.370785 0.928529
1.85 8.46252 1.59619 -2.17055 -0.0117869 0.017606 0.394984 0.918444
1.9 8.73387 1.85375 -2.20516 -0.0124397 0.0202079 0.419396 0.907493
1.95 9.00401 2.16524 -2.2276 -0.012741 0.022241 0.44646 0.894436
2 9.2353 2.47327 -2.25089 -0.0126223 0.0235702 0.470935 0.881763
2.05 9.45675 2.80984 -2.27572 -0.0127274 0.0237737 0.494965 0.868494
2.1 9.68278 3.20437 -2.30558 -0.0129268 0.0234005 0.520267 0.853585
2.15 9.8762 3.58041 -2.33724 -0.013329 0.0229926 0.542132 0.839873
2.2 10.0721 4.01703 -2.37459 -0.012927 0.0228929 0.565 0.824672
2.25 10.2378 4.43106 -2.40996 -0.0124231 0.0237193 0.584657 0.810839
2.3 10.398 4.85624 -2.45343 -0.0114223 0.0246182 0.6037 0.796749
2.35 10.543 5.29618 -2.49928 -0.0109531 0.0265733 0.621776 0.782667
2.4 10.6772 5.80009 -2.54383 -0.0126399 0.0283485 0.640153 0.76762
2.45 10.7772 6.27404 -2.58907 -0.014043 0.0290122 0.655221 0.754749
2.5 10.8571 6.77613 -2.61736 -0.0146186 0.0288899 0.668473 0.743031
2.55 10.9379 7.33757 -2.66276 -0.0149343 0.0282299 0.680948 0.731635
2.6 10.9963 7.85766 -2.70773 -0.0150325 0.0277657 0.690718 0.722434
2.65 11.0471 8.44288 -2.75749 -0.0140174 0.028127 0.700063 0.713389
2.7 11.0791 8.9864 -2.80159 -0.0130415 0.0293755 0.707385 0.706098
2.75 11.0983 9.54022 -2.84615 -0.0127651 0.0298274 0.71388 0.699516
2.8 11.1243 10.1539 -2.91845 -0.0129156 0.0290677 0.719866 0.693384
2.85 11.1176 10.72 -3.01306 -0.0136917 0.0281283 0.724403 0.688667
2.9 11.1041 11.3399 -3.09288 -0.0141749 0.0278483 0.728368 0.684473
2.95 11.0693 11.9249 -3.14803 -0.01449 0.0279627 0.730896 0.681762
3 11.032 12.5077 -3.17185 -0.0148686 0.0288991 0.732425 0.680071
3.05 10.9858 13.1648 -3.18045 -0.015666 0.0303128 0.733524 0.678806
3.1 10.9256 13.7728 -3.16042 -0.0165996 0.030263 0.734484 0.677748
3.15 10.8692 14.3948 -3.16586 -0.0165343 0.0297413 0.735242 0.67695
3.2 10.8038 15.089 -3.15514 -0.0160512 0.0295047 0.736259 0.675866
3.25 10.7537 15.7319 -3.13855 -0.0152782 0.0290305 0.737087 0.675001
3.3 10.7086 16.3867 -3.08735 -0.0153104 0.0285144 0.737392 0.674689
3.35 10.6596 17.1198 -3.00862 -0.0165556 0.0285662 0.737303 0.674755
3.4 10.6168 17.795 -2.96469 -0.0176493 0.0291573 0.737183 0.674833
3.45 10.5699 18.5495 -2.87098 -0.0184896 0.0289684 0.737021 0.674996
3.5 10.5275 19.2434 -2.81769 -0.0176902 0.0278898 0.736887 0.675208
3.55 10.4924 19.9493 -2.73795 -0.0162593 0.0267318 0.736874 0.675306
3.6 10.4473 20.7331 -2.71018 -0.0139867 0.0262428 0.736645 0.675625
3.65 10.3992 21.462 -2.652 -0.0141205 0.0263165 0.736392 0.675896
3.7 10.3495 22.1986 -2.62724 -0.0156062 0.0277594 0.736183 0.676032
3.75 10.31 23.0173 -2.54744 -0.0166719 0.0296178 0.736128 0.675989
3.8 10.2666 23.77 -2.51853 -0.0165202 0.030942 0.736286 0.675761
3.85 10.2236 24.5295 -2.50724 -0.0147525 0.0324079 0.736358 0.675655
3.9 10.1677 25.3761 -2.50475 -0.0128537 0.0327491 0.736638 0.675371
3.95 10.1075 26.1496 -2.51572 -0.0113044 0.0319667 0.736912 0.675137
4 10.0642 27.0008 -2.56994 -0.0096288 0.0305359 0.737167 0.674951
4.05 10.0204 27.7806 -2.61826 -0.00763913 0.0304032 0.737395 0.674734
4.1 9.97703 28.5662 -2.66179 -0.00642586 0.0309897 0.737533 0.674569
4.15 9.92233 29.4346 -2.7241 -0.00700275 0.0312171 0.737621 0.674457
4.2 9.87696 30.2307 -2.77716 -0.0076716 0.0319261 0.737704 0.674326
4.25 9.8319 31.0328 -2.81412 -0.00779594 0.0328831 0.73788 0.674085
4.3 9.78033 31.9187 -2.85656 -0.00824107 0.0335545 0.737818 0.674114
4.35 9.72754 32.7279 -2.90005 -0.00773925 0.0343788 0.737703 0.674205
4.4 9.67325 33.5408 -2.94572 -0.00746572 0.0339877 0.737909 0.674002
4.45 9.62239 34.439 -3.0017 -0.00733645 0.0336459 0.737951 0.673975
4.5 9.57311 35.2618 -3.03835 -0.0067709 0.0337224 0.738023 0.673899
4.55 9.52059 36.1726 -3.06566 -0.00651821 0.0339671 0.738126 0.673776
4.6 9.4674 37.0057 -3.07568 -0.00553051 0.0344392 0.738285 0.673586
4.65 9.42582 37.6748 -3.07878 -0.00349524 0.0346291 0.73844 0.67342
4.7 9.36394 38.7624 -3.11467 -0.00136622 0.0351838 0.738688 0.673127
4.75 9.32482 39.6071 -3.15162 -0.0016863 0.0359335 0.738938 0.672813
4.8 9.27153 40.4588 -3.17683 -0.00312637 0.0379193 0.739344 0.672252
4.85 9.20992 41.399 -3.20807 -0.00413884 0.039228 0.739655 0.671829
4.9 9.14693 42.2559 -3.24752 -0.00453994 0.0388079 0.74001 0.671459
4.95 9.08683 43.1139 -3.29774 -0.00429897 0.0379514 0.740383 0.671099
5 9.02235 44.0619 -3.3553 -0.00472286 0.0366098 0.740905 0.670595
5.05 8.9567 44.9272 -3.40615 -0.00537765 0.0364218 0.741325 0.670136
5.1 8.8832 45.8825 -3.4604 -0.0060191 0.0368108 0.741767 0.66962
5.15 8.8098 46.7522 -3.50951 -0.00766795 0.0362923 0.742203 0.669148
5.2 8.74792 47.6197 -3.57191 -0.00821418 0.0356359 0.74265 0.668681
5.25 8.6729 48.5742 -3.64029 -0.00792948 0.0352413 0.743207 0.668086
5.3 8.60465 49.4432 -3.68045 -0.00743666 0.0353151 0.743537 0.66772
5.35 8.52935 50.3135 -3.72294 -0.00725488 0.0356473 0.743904 0.667295
5.4 8.45046 51.2692 -3.77809 -0.0074936 0.035929 0.744332 0.6668
5.45 8.38348 52.133 -3.85033 -0.00774317 0.0358878 0.744635 0.666462
5.5 8.31221 53.0828 -3.93522 -0.00823016 0.0355577 0.744899 0.666178
5.55 8.23798 53.9464 -4.00528 -0.00915197 0.0348099 0.745054 0.666032
5.6 8.15913 54.8098 -4.07268 -0.0111622 0.033953 0.745082 0.666014
5.65 8.08789 55.6704 -4.14536 -0.0134171 0.0331281 0.744778 0.666354
5.7 8.00529 56.6195 -4.21992 -0.0152986 0.0327168 0.744227 0.666949
5.75 7.9345 57.4798 -4.29589 -0.0157325 0.0331742 0.743537 0.667686
5.8 7.84494 58.4261 -4.37731 -0.0157784 0.0336767 0.742906 0.668361
5.85 7.76579 59.2838 -4.45685 -0.0148447 0.0336422 0.742385 0.668964
5.9 7.68975 60.144 -4.532 -0.0138287 0.0329084 0.742121 0.669315
5.95 7.61661 61.0856 -4.63033 -0.0124806 0.0321439 0.741787 0.669749
6 7.54615 61.9448 -4.71432 -0.0121943 0.0317468 0.741523 0.670065
6.05 7.47257 62.8064 -4.79246 -0.0130771 0.0306483 0.741276 0.670372
6.1 7.39132 63.7568 -4.87858 -0.0137357 0.0298892 0.740953 0.670751
6.15 7.31789 64.6257 -4.94976 -0.0135666 0.0294169 0.740776 0.670971
6.2 7.2367 65.5879 -5.01259 -0.0135528 0.0286589 0.740672 0.671119
6.25 7.15716 66.47 -5.05935 -0.0131312 0.0289598 0.74051 0.671293
6.3 7.07759 67.3549 -5.10398 -0.0124458 0.0291433 0.740342 0.671483
6.35 6.98404 68.3356 -5.15188 -0.011295 0.0295695 0.740174 0.67167
6.4 6.90947 69.2304 -5.19681 -0.0102455 0.0298632 0.740144 0.671707
6.45 6.83427 70.1305 -5.25274 -0.00945282 0.0302983 0.740104 0.671743
6.5 6.75311 71.1253 -5.32169 -0.0082255 0.0309547 0.739807 0.672057
6.55 6.67525 72.0389 -5.37081 -0.00858223 0.031174 0.739405 0.672484
6.6 6.59458 72.9564 -5.41892 -0.00970631 0.0315404 0.73883 0.673084
6.65 6.52057 73.9689 -5.48185 -0.0109174 0.0313661 0.738308 0.673646
6.7 6.4433 74.892 -5.54191 -0.0109842 0.0314256 0.737931 0.674055
6.75 6.36728 75.8186 -5.60446 -0.0106497 0.0312862 0.73769 0.674331
6.8 6.28195 76.8384 -5.66884 -0.0103142 0.0319049 0.737393 0.674631
6.85 6.21622 77.7694 -5.72425 -0.0103505 0.0318485 0.737245 0.674795
6.9 6.14749 78.7898 -5.79041 -0.010184 0.0315946 0.737151 0.674912
6.95 6.07121 79.7174 -5.84598 -0.00970804 0.0313571 0.737312 0.674755
7 5.98272 80.6442 -5.891 -0.0102682 0.0312208 0.737424 0.67463
7.05 5.87813 81.6652 -5.936 -0.011304 0.0313169 0.73757 0.67445
7.1 5.77834 82.592 -5.97747 -0.0123748 0.0310193 0.737845 0.674143
7.15 5.6855 83.5149 -6.02411 -0.013057 0.0306601 0.738056 0.673916
7.2 5.5923 84.5261 -6.08167 -0.0130114 0.0303605 0.738224 0.673747
7.25 5.50552 85.4421 -6.13462 -0.0133099 0.0296748 0.73835 0.673633
7.3 5.41743 86.3576 -6.18546 -0.0139382 0.0296296 0.738386 0.673583
7.35 5.32501 87.3592 -6.24449 -0.0146219 0.0297929 0.738477 0.673462
7.4 5.24871 88.2658 -6.30219 -0.0159135 0.0291507 0.73824 0.67372
7.45 5.15894 89.2596 -6.36601 -0.0166722 0.0286135 0.737661 0.674359
7.5 5.07994 90.1597 -6.42438 -0.0172569 0.0278826 0.73732 0.674747
7.55 4.99023 91.0545 -6.48334 -0.0175733 0.0271924 0.737035 0.675079
7.6 4.90074 92.0376 -6.55164 -0.016994 0.0265344 0.736803 0.675373
7.65 4.82699 92.9314 -6.60668 -0.0166737 0.0251908 0.736693 0.675553
7.7 4.75194 93.8234 -6.65746 -0.0160597 0.0247285 0.736638 0.675644
7.75 4.65584 94.8071 -6.68649 -0.0158468 0.025879 0.736873 0.67535
7.8 4.56531 95.6984 -6.71256 -0.0167187 0.0272364 0.737288 0.674822
7.85 4.47719 96.5887 -6.74063 -0.0176529 0.0280317 0.73773 0.674282
7.9 4.3846 97.5609 -6.78906 -0.0176126 0.0280176 0.738427 0.673521
7.95 4.28777 98.4447 -6.83838 -0.0165726 0.0279261 0.739188 0.672716
8 4.19171 99.3245 -6.88899 -0.0156812 0.0271673 0.739949 0.671931
8.05 4.08573 100.291 -6.94341 -0.0141472 0.0273734 0.740689 0.671141
8.1 3.99719 101.166 -6.99494 -0.0129245 0.028839 0.741555 0.670147
8.15 3.89748 102.129 -7.04905 -0.013137 0.0309306 0.742473 0.669032
8.2 3.79884 103.003 -7.10001 -0.014659 0.0320348 0.743408 0.66791
8.25 3.69718 103.875 -7.14951 -0.0154401 0.0332716 0.744182 0.666969
8.3 3.59013 104.831 -7.21007 -0.0157752 0.0327596 0.745153 0.665902
8.35 3.49102 105.697 -7.27826 -0.0163801 0.0298759 0.745774 0.665327
8.4 3.39867 106.563 -7.35098 -0.016917 0.0279606 0.746512 0.664569
8.45 3.28765 107.515 -7.4201 -0.0173058 0.0275859 0.747483 0.663482
8.5 3.1697 108.383 -7.49085 -0.017716 0.0283033 0.748251 0.662575
8.55 3.05453 109.249 -7.55642 -0.0178893 0.0292348 0.749118 0.661549
8.6 2.93289 110.201 -7.62958 -0.0164552 0.0295498 0.750126 0.660429
8.65 2.81452 111.068 -7.6816 -0.0149709 0.0294123 0.75085 0.659648
8.7 2.68003 112.022 -7.73794 -0.0146123 0.0289537 0.751472 0.658968
8.75 2.55545 112.89 -7.78294 -0.0147927 0.0288486 0.751783 0.658613
8.8 2.43502 113.759 -7.82514 -0.014615 0.0281821 0.752126 0.658254
8.85 2.30821 114.717 -7.87619 -0.0145333 0.0282679 0.752237 0.658126
8.9 2.18965 115.588 -7.92613 -0.0146148 0.0282822 0.752365 0.657976
8.95 2.08639 116.456 -7.9858 -0.0154398 0.0279215 0.752195 0.658167
9 1.96756 117.412 -8.05127 -0.0149757 0.0264576 0.752029 0.658429
9.05 1.87544 118.285 -8.11674 -0.0145819 0.0256982 0.751752 0.658784
9.1 1.76609 119.25 -8.18583 -0.0134304 0.0248452 0.751378 0.659267
9.15 1.67502 120.133 -8.2438 -0.0143468 0.025455 0.750932 0.659733
9.2 1.56324 121.023 -8.27503 -0.0148686 0.0261876 0.750537 0.660142
9.25 1.44287 122.003 -8.31216 -0.0145065 0.0264276 0.750161 0.660567
9.3 1.34066 122.898 -8.36183 -0.0135316 0.026066 0.749813 0.660998
9.35 1.23949 123.793 -8.42342 -0.0134562 0.0260159 0.749416 0.661451
9.4 1.14242 124.776 -8.50225 -0.0134888 0.0261777 0.748988 0.661929
9.45 1.05622 125.666 -8.57548 -0.0128969 0.0262459 0.748522 0.662465
9.5 0.981791 126.559 -8.64452 -0.0127537 0.0265354 0.748093 0.66294
9.55 0.894531 127.452 -8.71523 -0.0138871 0.0275607 0.747597 0.663435
9.6 0.812066 128.433 -8.79909 -0.0149502 0.0292413 0.747102 0.663898
9.65 0.722081 129.317 -8.85756 -0.0148781 0.0291837 0.746708 0.664345
9.7 0.629129 130.291 -8.90776 -0.0131244 0.0283974 0.746323 0.664848
9.75 0.538747 131.171 -8.95087 -0.0107734 0.0282533 0.746027 0.665229
9.8 0.443234 132.141 -8.99148 -0.00937055 0.0280714 0.745728 0.665593
9.85 0.352313 133.018 -9.02613 -0.00951332 0.0281305 0.745541 0.665797
9.9 0.26117 133.891 -9.06041 -0.00905568 0.0295185 0.745349 0.665959
9.95 0.167654 134.848 -9.09385 -0.00888771 0.0312039 0.745204 0.666046
10 0.0844338 135.712 -9.12459 -0.00985637 0.0313827 0.74493 0.666331
10.05 0.00886946 136.576 -9.15962 -0.0110967 0.0321965 0.744656 0.666579
10.1 -0.0782906 137.516 -9.19988 -0.0130547 0.0334948 0.744543 0.666606
10.15 -0.150269 138.367 -9.23497 -0.0140172 0.0343535 0.74426 0.666858
10.2 -0.242076 139.207 -9.2689 -0.0148778 0.0339055 0.744132 0.667006
10.25 -0.33726 140.125 -9.31553 -0.015426 0.0326915 0.744008 0.667192
10.3 -0.423391 140.947 -9.36301 -0.0163183 0.0316706 0.743962 0.667272
10.35 -0.51535 141.842 -9.41344 -0.0171304 0.0310615 0.743858 0.667395
10.4 -0.598062 142.643 -9.44947 -0.0181265 0.0309707 0.74369 0.667561
10.45 -0.685956 143.432 -9.49209 -0.0191697 0.0310889 0.743581 0.667648
10.5 -0.777356 144.285 -9.54226 -0.0198645 0.031119 0.743454 0.667767
10.55 -0.857969 145.045 -9.59097 -0.0197551 0.0311904 0.743346 0.667887
10.6 -0.934875 145.79 -9.64027 -0.0193089 0.0312375 0.743318 0.66793
10.65 -1.02152 146.593 -9.69148 -0.0188234 0.0307583 0.743488 0.667777
10.7 -1.10455 147.317 -9.72656 -0.0186487 0.0300171 0.743825 0.66744
10.75 -1.19184 148.038 -9.74698 -0.0184487 0.0300007 0.744333 0.666879
10.8 -1.28255 148.828 -9.77557 -0.0181839 0.0300794 0.744905 0.666244
10.85 -1.36564 149.539 -9.80794 -0.0182691 0.03021 0.745256 0.665843
10.9 -1.45447 150.244 -9.83856 -0.0186391 0.0296877 0.745596 0.665475
10.95 -1.54937 151.014 -9.87212 -0.0180423 0.0295071 0.745808 0.665263
11 -1.62981 151.705 -9.90654 -0.0176486 0.0297206 0.745903 0.665158
11.05 -1.71721 152.457 -9.9433 -0.0171927 0.0303732 0.745859 0.665189
11.1 -1.79703 153.13 -9.97801 -0.0171023 0.0308164 0.745715 0.665332
11.15 -1.86227 153.793 -10.0057 -0.0177051 0.0313158 0.74542 0.665623
11.2 -1.93996 154.506 -10.0406 -0.0183698 0.0314547 0.744825 0.666265
11.25 -1.9958 155.147 -10.0558 -0.0184377 0.031447 0.744137 0.667032
11.3 -2.0507 155.772 -10.0751 -0.0184785 0.031508 0.743302 0.667958
11.35 -2.1104 156.448 -10.0991 -0.0178839 0.0308304 0.742176 0.669257
11.4 -2.16727 157.054 -10.123 -0.0179511 0.0295747 0.740965 0.670652
11.45 -2.22431 157.718 -10.138 -0.0182336 0.0284634 0.739058 0.672793
11.5 -2.27208 158.315 -10.1519 -0.0184295 0.0271892 0.736716 0.675404
11.55 -2.31281 158.906 -10.1709 -0.0177945 0.0260447 0.733858 0.67857
11.6 -2.34728 159.55 -10.1951 -0.0168935 0.0245835 0.730294 0.682481
11.65 -2.37359 160.128 -10.2188 -0.0160068 0.0235248 0.726768 0.686293
11.7 -2.4003 160.709 -10.2367 -0.0154557 0.0228977 0.72314 0.690149
11.75 -2.42851 161.343 -10.2606 -0.0160231 0.0227227 0.718884 0.694574
11.8 -2.4407 161.916 -10.2815 -0.0162769 0.023045 0.714564 0.699001
11.85 -2.44738 162.483 -10.3058 -0.0170364 0.0230344 0.709945 0.703675
11.9 -2.44593 163.103 -10.3338 -0.0175446 0.0223576 0.704392 0.709242
11.95 -2.44805 163.665 -10.3509 -0.0181058 0.0216562 0.698898 0.714664
12 -2.45568 164.285 -10.3599 -0.0190956 0.020994 0.692494 0.720866
12.05 -2.4472 164.842 -10.3709 -0.0197853 0.0208977 0.686055 0.72698
12.1 -2.4269 165.395 -10.3813 -0.0203762 0.0210073 0.67891 0.733638
12.15 -2.39564 165.999 -10.3824 -0.0218252 0.0210474 0.670582 0.741216
12.2 -2.34737 166.547 -10.3958 -0.0236694 0.0203787 0.662687 0.748245
12.25 -2.28392 167.089 -10.4059 -0.0244403 0.0190143 0.654351 0.755557
12.3 -2.1945 167.676 -10.4282 -0.0250899 0.0171933 0.644987 0.763588
12.35 -2.09828 168.206 -10.4451 -0.0252789 0.0157906 0.636199 0.770949
12.4 -1.99262 168.73 -10.4665 -0.0254487 0.0148451 0.62712 0.778365
12.45 -1.85678 169.307 -10.493 -0.0252012 0.0141592 0.616838 0.786559
12.5 -1.72439 169.823 -10.5156 -0.0258017 0.0132117 0.607046 0.794138
12.55 -1.56542 170.385 -10.5381 -0.0266744 0.0123568 0.595572 0.802764
12.6 -1.40951 170.887 -10.5586 -0.027403 0.0119388 0.584376 0.810932
12.65 -1.23866 171.383 -10.5839 -0.0276039 0.011649 0.572691 0.819223
12.7 -1.02955 171.922 -10.6201 -0.0275071 0.0117432 0.559505 0.828287
12.75 -0.829111 172.402 -10.6483 -0.0277251 0.0120205 0.547131 0.836502
12.8 -0.615014 172.875 -10.6754 -0.0282291 0.0123883 0.534282 0.844744
12.85 -0.367465 173.383 -10.7022 -0.0288501 0.0127379 0.519733 0.853746
12.9 -0.128006 173.843 -10.7359 -0.0291206 0.0123071 0.506007 0.86195
12.95 0.149045 174.34 -10.7695 -0.0293835 0.0114744 0.490049 0.871124
13 0.418103 174.788 -10.8011 -0.0299633 0.0106911 0.475 0.87941
13.05 0.703633 175.225 -10.8289 -0.0310051 0.00981598 0.459918 0.887366
13.1 1.03595 175.698 -10.859 -0.0316894 0.00911827 0.443074 0.895878
13.15 1.35652 176.12 -10.8878 -0.0320089 0.00821865 0.427382 0.903467
13.2 1.72831 176.575 -10.921 -0.0326067 0.00709589 0.410117 0.911422
13.25 2.08199 176.975 -10.9469 -0.0326675 0.00651768 0.394444 0.918316
13.3 2.45676 177.366 -10.9754 -0.0324385 0.00596502 0.378441 0.925038
13.35 2.83974 177.746 -10.9972 -0.0330846 0.00531865 0.362204 0.931496
13.4 3.27181 178.151 -11.0214 -0.033664 0.00483534 0.344406 0.938205
13.45 3.67726 178.508 -11.0471 -0.0338915 0.00443499 0.328088 0.944029
13.5 4.09693 178.849 -11.0673 -0.0338256 0.0041684 0.311711 0.949566
13.55 4.56048 179.211 -11.0808 -0.0343993 0.0037928 0.294031 0.955169
13.6 4.99727 179.523 -11.0933 -0.0351898 0.00314891 0.278066 0.959912
13.65 5.49495 179.855 -11.1118 -0.0347462 0.00248576 0.260694 0.964793
13.7 5.9575 180.135 -11.118 -0.0343689 0.00186486 0.245749 0.968722
13.75 6.43073 180.403 -11.1235 -0.0339013 0.00164428 0.231499 0.972243
13.8 6.96164 180.683 -11.1287 -0.0337442 0.00113188 0.216264 0.975751
13.85 7.45592 180.921 -11.1421 -0.0340925 0.000208276 0.202843 0.978618
13.9 7.96363 181.152 -11.1601 -0.0346384 -0.000251579 0.189646 0.981241
13.95 8.5335 181.389 -11.1729 -0.0348568 -0.000441719 0.174962 0.983958
14 9.06596 181.59 -11.1843 -0.0340834 -0.000954242 0.161445 0.986292
14.05 9.61722 181.774 -11.1879 -0.0332541 -0.000711451 0.148187 0.9884
14.1 10.2362 181.966 -11.1894 -0.0333749 -9.49577e-05 0.133697 0.99046
14.15 10.8062 182.131 -11.1891 -0.0339109 0.000129564 0.120729 0.992106
14.2 11.3853 182.282 -11.1887 -0.0344684 0.000144853 0.108301 0.99352
14.25 12.0354 182.435 -11.1911 -0.0343611 0.000297567 0.0947123 0.994911
14.3 12.6393 182.554 -11.1927 -0.0345266 -4.90253e-05 0.0822364 0.996015
14.35 13.3236 182.677 -11.1966 -0.0349729 -0.0013076 0.0686991 0.997023
14.4 13.9556 182.777 -11.1996 -0.0361072 -0.00190823 0.0568562 0.997727
14.45 14.5998 182.862 -11.1991 -0.0360826 -0.00180037 0.0455375 0.998309
14.5 15.3132 182.935 -11.1971 -0.0354184 -0.00179476 0.0341762 0.998786
14.55 15.9747 182.988 -11.1928 -0.0349861 -0.00117196 0.0246793 0.999082
14.6 16.6356 183.035 -11.1897 -0.0354175 -0.00158777 0.0158089 0.999246
14.65 17.371 183.072 -11.1846 -0.0348039 -0.00188434 0.0074331 0.999365
14.7 18.0462 183.09 -11.1783 -0.0330724 -0.00170878 0.00122284 0.999451
14.75 18.7266 183.099 -11.172 -0.0315207 -0.00155455 -0.0036015 0.999495
14.8 19.4815 183.101 -11.1647 -0.0299421 -0.00100764 -0.00721783 0.999525
14.85 20.1718 183.099 -11.1559 -0.0286586 -4.57085e-05 -0.00919283 0.999547
14.9 20.9212 183.116 -11.1468 -0.0278822 0.00127945 -0.0105012 0.999555
14.95 21.6092 183.124 -11.1396 -0.0270432 0.0022907 -0.0112459 0.999568
15 22.298 183.132 -11.1335 -0.0262863 0.00282508 -0.011714 0.999582
15.05 22.99 183.134 -11.132 -0.0259254 0.00222097 -0.0117791 0.999592
15.1 23.7493 183.136 -11.1271 -0.0256329 0.00161311 -0.011459 0.999604
15.15 24.4411 183.134 -11.1232 -0.0247754 0.00102572 -0.0108398 0.999634
15.2 25.2008 183.132 -11.1161 -0.0245631 0.000646242 -0.00997356 0.999648
15.25 25.8923 183.129 -11.1058 -0.0243983 0.000870943 -0.00932317 0.999658
15.3 26.5821 183.128 -11.0967 -0.0252029 0.0010306 -0.00846979 0.999646
15.35 27.3373 183.13 -11.0856 -0.0255891 0.00118149 -0.00747202 0.999644
15.4 28.023 183.131 -11.0769 -0.0259518 0.00184457 -0.0065549 0.99964
15.45 28.7041 183.127 -11.0646 -0.0264849 0.00269071 -0.00572852 0.999629
15.5 29.4499 183.11 -11.0485 -0.0266879 0.00338822 -0.00488577 0.999626
15.55 30.1234 183.09 -11.0316 -0.0262005 0.00338066 -0.00415165 0.999642
15.6 30.7979 183.079 -11.023 -0.0262093 0.00320828 -0.00338407 0.999646
15.65 31.5261 183.081 -11.0163 -0.0261298 0.00305084 -0.00284418 0.99965
15.7 32.1825 183.091 -11.0123 -0.0257259 0.002916 -0.00260187 0.999661
15.75 32.9004 183.102 -11.0056 -0.0249016 0.00318184 -0.0022184 0.999682
15.8 33.5721 183.095 -11.0152 -0.0243796 0.00327972 -0.00225629 0.999695
15.85 34.2475 183.083 -11.0323 -0.0244402 0.0025703 -0.00252223 0.999695
15.9 34.9955 183.081 -11.0541 -0.024941 0.00203066 -0.00316107 0.999682
15.95 35.6722 183.089 -11.0689 -0.0251739 0.00174236 -0.00447223 0.999672
16 36.3426 183.101 -11.0787 -0.0256033 0.00142814 -0.00626865 0.999652
16.05 37.0601 183.11 -11.0782 -0.0263097 0.0018695 -0.00916883 0.99961
16.1 37.7099 183.11 -11.0639 -0.0273033 0.00216709 -0.0133225 0.999536
16.15 38.3448 183.105 -11.0496 -0.0286317 0.00224801 -0.0189917 0.999407
16.2 39.0358 183.09 -11.0306 -0.0295661 0.00252162 -0.0271294 0.999191
16.25 39.6651 183.055 -11.014 -0.0301324 0.00243574 -0.036359 0.998881
16.3 40.3609 182.998 -11.0037 -0.03108 0.00152915 -0.0481485 0.998355
16.35 40.9874 182.934 -10.9971 -0.0321284 0.000417487 -0.0604317 0.997655
16.4 41.6709 182.845 -10.9854 -0.0325938 -0.00109352 -0.0757652 0.996592
16.45 42.2904 182.748 -10.9678 -0.0328036 -0.00261566 -0.0907548 0.995329
16.5 42.8928 182.64 -10.9434 -0.0325704 -0.00395128 -0.106475 0.993774
16.55 43.4853 182.521 -10.8982 -0.0330044 -0.00466534 -0.122945 0.991854
16.6 44.138 182.365 -10.8643 -0.032318 -0.00548988 -0.141509 0.989394
16.65 44.7346 182.203 -10.8363 -0.0310447 -0.005821 -0.1584 0.98687
16.7 45.3722 182.001 -10.8105 -0.0291391 -0.0058331 -0.177394 0.983691
16.75 45.9363 181.8 -10.7722 -0.0287139 -0.00432783 -0.194845 0.980404
16.8 46.54 181.553 -10.7265 -0.0272829 -0.0027433 -0.213875 0.976476
16.85 47.0798 181.306 -10.6743 -0.024513 -0.00244251 -0.230976 0.972648
16.9 47.6119 181.038 -10.6352 -0.0232588 -0.0024699 -0.248058 0.968463
16.95 48.1393 180.749 -10.6073 -0.0240593 -0.00274844 -0.265491 0.963809
17 48.6977 180.4 -10.5733 -0.0249596 -0.0038435 -0.284688 0.958287
17.05 49.1958 180.059 -10.5337 -0.0243586 -0.00445738 -0.301614 0.953108
17.1 49.7409 179.662 -10.4789 -0.0227418 -0.00425942 -0.320507 0.946963
17.15 50.2352 179.287 -10.4357 -0.0227758 -0.00346359 -0.337857 0.940915
17.2 50.7109 178.89 -10.3811 -0.0226906 -0.0032545 -0.354923 0.934615
17.25 51.2069 178.425 -10.3232 -0.0225758 -0.00352196 -0.373582 0.927316
17.3 51.6324 177.974 -10.2635 -0.0217671 -0.00503572 -0.390517 0.920324
17.35 52.0439 177.505 -10.2168 -0.0213796 -0.00663961 -0.407379 0.912985
17.4 52.4837 176.971 -10.1711 -0.0203295 -0.00803702 -0.425446 0.90472
17.45 52.8753 176.473 -10.1351 -0.0198957 -0.00897202 -0.441474 0.897009
17.5 53.2386 175.961 -10.0866 -0.0188975 -0.00965652 -0.457047 0.88919
17.55 53.6247 175.375 -10.0345 -0.0174772 -0.00999836 -0.473721 0.880445
17.6 53.9668 174.831 -9.99397 -0.0162627 -0.0108618 -0.488264 0.872477
17.65 54.3236 174.215 -9.94877 -0.0154466 -0.011414 -0.503452 0.86381
17.7 54.6418 173.648 -9.91133 -0.0147688 -0.0119188 -0.51658 0.856029
17.75 54.9422 173.069 -9.86382 -0.0142905 -0.0129978 -0.528806 0.848523
17.8 55.2578 172.419 -9.81747 -0.013822 -0.0140675 -0.541372 0.840552
17.85 55.5294 171.814 -9.77087 -0.0132511 -0.0149421 -0.552173 0.83349
17.9 55.7958 171.204 -9.73516 -0.0133896 -0.0159584 -0.562214 0.826729
17.95 56.0496 170.582 -9.69931 -0.0139979 -0.0170944 -0.571521 0.82029
18 56.3154 169.882 -9.64918 -0.0150451 -0.0182299 -0.581193 0.813422
18.05 56.5458 169.234 -9.60784 -0.0164132 -0.0189256 -0.58947 0.807401
18.1 56.7859 168.505 -9.5546 -0.0162934 -0.0198886 -0.597888 0.801168
18.15 56.9939 167.825 -9.49936 -0.0154485 -0.019857 -0.604184 0.796447
18.2 57.1817 167.134 -9.44055 -0.0145113 -0.0195512 -0.609289 0.792574
18.25 57.3812 166.369 -9.38242 -0.0137398 -0.0193175 -0.613913 0.789018
18.3 57.553 165.665 -9.32653 -0.0141604 -0.0187627 -0.617483 0.786233
18.35 57.72 164.949 -9.27361 -0.0151519 -0.0178865 -0.620877 0.783558
18.4 57.9008 164.149 -9.21524 -0.0157786 -0.0165704 -0.624751 0.780489
18.45 58.0619 163.411 -9.16616 -0.0164647 -0.0147682 -0.628425 0.777556
18.5 58.2316 162.59 -9.11579 -0.0175543 -0.0126821 -0.632796 0.774015
18.55 58.3877 161.829 -9.07591 -0.0191093 -0.0104172 -0.637314 0.770296
18.6 58.5355 161.059 -9.0367 -0.0200656 -0.00909991 -0.642408 0.766046
18.65 58.6649 160.28 -8.99196 -0.020564 -0.00876638 -0.647749 0.761526
18.7 58.8041 159.418 -8.94938 -0.020916 -0.00942106 -0.653351 0.756708
18.75 58.9086 158.634 -8.90803 -0.021227 -0.0111572 -0.65832 0.752356
18.8 59.0161 157.767 -8.86245 -0.0215098 -0.0134257 -0.66351 0.747738
18.85 59.087 156.98 -8.80939 -0.0205412 -0.0146707 -0.668163 0.743587
18.9 59.1539 156.189 -8.75434 -0.0184614 -0.0144288 -0.672423 0.739796
18.95 59.2191 155.318 -8.69387 -0.0158209 -0.013678 -0.676407 0.736231
19 59.2754 154.525 -8.64387 -0.0137242 -0.0138016 -0.679325 0.733579
19.05 59.3154 153.73 -8.59599 -0.0126475 -0.0149863 -0.681646 0.73142
19.1 59.3383 152.854 -8.53925 -0.0112532 -0.0166225 -0.683558 0.72962
19.15 59.3649 152.053 -8.48979 -0.0117924 -0.0175204 -0.684361 0.728838
19.2 59.3942 151.251 -8.44559 -0.0123517 -0.0189627 -0.684738 0.728438
19.25 59.431 150.363 -8.40208 -0.0134781 -0.0216573 -0.684378 0.728681
19.3 59.4554 149.553 -8.3603 -0.0135856 -0.0233237 -0.683939 0.72904
19.35 59.4971 148.654 -8.30688 -0.0129889 -0.0225339 -0.683033 0.729924
19.4 59.5319 147.834 -8.25432 -0.0113124 -0.0210702 -0.681924 0.731032
19.45 59.5826 147.013 -8.20363 -0.00916755 -0.0219216 -0.680549 0.732317
19.5 59.6332 146.19 -8.15837 -0.00804139 -0.0223005 -0.678919 0.73383
19.55 59.6899 145.284 -8.1125 -0.00771377 -0.023088 -0.677188 0.735407
19.6 59.747 144.455 -8.06626 -0.00795609 -0.0234641 -0.675604 0.736849
19.65 59.8183 143.626 -8.02279 -0.00810169 -0.0233063 -0.673966 0.73835
19.7 59.9071 142.709 -7.97557 -0.00805207 -0.0228149 -0.672214 0.739961
19.75 59.9886 141.874 -7.92956 -0.00755259 -0.0220671 -0.670617 0.741437
19.8 60.0743 140.951 -7.87517 -0.00818064 -0.0210421 -0.668933 0.742979
19.85 60.1553 140.111 -7.82903 -0.00860542 -0.0212537 -0.667637 0.744134
19.9 60.2413 139.268 -7.78583 -0.0090636 -0.0221489 -0.666601 0.745031
19.95 60.3402 138.339 -7.74078 -0.0103802 -0.0221782 -0.665913 0.745627
20 60.4342 137.491 -7.69618 -0.0114708 -0.0209843 -0.665678 0.745856
20.05 60.5369 136.558 -7.64485 -0.0119235 -0.0192475 -0.665667 0.745905
20.1 60.6311 135.707 -7.59686 -0.0120676 -0.0176794 -0.665858 0.745771
20.15 60.731 134.854 -7.55503 -0.0129091 -0.0161145 -0.666317 0.745382
20.2 60.8323 134 -7.51842 -0.0137715 -0.015466 -0.667036 0.744737
20.25 60.9388 133.059 -7.47599 -0.0150552 -0.0149642 -0.668014 0.743846
20.3 61.0161 132.201 -7.42544 -0.0158922 -0.014895 -0.668892 0.74304
20.35 61.1035 131.255 -7.37006 -0.0157701 -0.0141766 -0.669683 0.742344
20.4 61.1696 130.399 -7.3241 -0.0150074 -0.0135437 -0.670389 0.741734
20.45 61.2413 129.541 -7.2785 -0.0149491 -0.012951 -0.671036 0.741161
20.5 61.322 128.598 -7.23127 -0.0153518 -0.0124412 -0.671643 0.740612
20.55 61.4048 127.741 -7.18792 -0.0154832 -0.0121636 -0.672063 0.740232
20.6 61.4872 126.884 -7.14767 -0.0152131 -0.0121027 -0.67241 0.739923
20.65 61.5838 125.942 -7.10777 -0.0149041 -0.0114826 -0.672813 0.739573
20.7 61.6686 125.084 -7.07071 -0.014199 -0.0104892 -0.673195 0.739254
20.75 61.7597 124.142 -7.02915 -0.0126832 -0.00991428 -0.673618 0.738904
20.8 61.8378 123.287 -6.99302 -0.0124882 -0.0105012 -0.673937 0.738608
20.85 61.9192 122.435 -6.96501 -0.0139322 -0.011849 -0.674204 0.738318
20.9 62.0102 121.499 -6.93551 -0.0162948 -0.012969 -0.674405 0.738068
20.95 62.0936 120.649 -6.89463 -0.0163232 -0.0138841 -0.674541 0.737926
21 62.1785 119.8 -6.85053 -0.0168617 -0.0137546 -0.67452 0.737936
21.05 62.2748 118.87 -6.80133 -0.0179272 -0.0130448 -0.674494 0.737947
21.1 62.3602 118.027 -6.75941 -0.0190977 -0.0125084 -0.674342 0.738066
21.15 62.4485 117.184 -6.72041 -0.019801 -0.0117419 -0.674224 0.738168
21.2 62.5478 116.262 -6.67321 -0.0194446 -0.0119781 -0.674318 0.738088
21.25 62.6328 115.431 -6.62514 -0.0195797 -0.0122732 -0.674344 0.738056
21.3 62.7165 114.603 -6.57717 -0.0183686 -0.0141424 -0.674331 0.738065
21.35 62.8111 113.695 -6.52419 -0.0187828 -0.01415 -0.67401 0.738348
21.4 62.9113 112.874 -6.47715 -0.0198508 -0.0142987 -0.67404 0.73829
21.45 63.0063 111.972 -6.42538 -0.0211114 -0.0156449 -0.673928 0.73833
21.5 63.102 111.154 -6.37763 -0.0213957 -0.0139962 -0.674049 0.738244
21.55 63.1921 110.336 -6.33302 -0.0212627 -0.0134514 -0.674317 0.738013
21.6 63.299 109.439 -6.2882 -0.0213553 -0.0112097 -0.674158 0.738194
21.65 63.3786 108.621 -6.24262 -0.0194713 -0.0112379 -0.674116 0.738284
21.7 63.461 107.806 -6.2076 -0.0194493 -0.0118329 -0.673901 0.738471
21.75 63.5566 106.909 -6.1602 -0.0181412 -0.012629 -0.674096 0.738313
21.8 63.6368 106.093 -6.11426 -0.0180662 -0.0127023 -0.674164 0.738252
21.85 63.713 105.279 -6.06296 -0.0178393 -0.0134684 -0.67453 0.737909
21.9 63.7897 104.381 -6.00849 -0.0183107 -0.0139406 -0.675227 0.737251
21.95 63.8588 103.564 -5.95901 -0.0191616 -0.0149626 -0.675998 0.736502
22 63.9426 102.664 -5.89348 -0.0190603 -0.0170686 -0.676849 0.735677
22.05 64.0191 101.843 -5.8292 -0.0184953 -0.0184255 -0.677242 0.735297
22.1 64.0973 101.018 -5.77537 -0.0174545 -0.0186123 -0.67767 0.734923
22.15 64.1808 100.106 -5.7072 -0.0153369 -0.0181098 -0.677919 0.734753
22.2 64.2456 99.2694 -5.63925 -0.0134771 -0.0175686 -0.678098 0.734638
22.25 64.3161 98.3459 -5.56861 -0.0128961 -0.0169136 -0.678443 0.734345
22.3 64.375 97.5041 -5.51232 -0.0123214 -0.017049 -0.678695 0.734119
22.35 64.4372 96.6586 -5.46363 -0.0118958 -0.0177267 -0.678757 0.734053
22.4 64.5171 95.8138 -5.42002 -0.0119684 -0.0185125 -0.678794 0.733998
22.45 64.5952 94.8809 -5.36938 -0.0117928 -0.0179481 -0.678868 0.733946
22.5 64.6732 94.029 -5.32287 -0.0120286 -0.0176978 -0.678778 0.734032
22.55 64.7608 93.0891 -5.27511 -0.012664 -0.0178828 -0.678669 0.734117
22.6 64.8598 92.2324 -5.24761 -0.0144564 -0.0187302 -0.678364 0.734345
22.65 64.9481 91.376 -5.21376 -0.0149678 -0.0186275 -0.678061 0.734617
22.7 65.0453 90.4326 -5.17613 -0.0145691 -0.017454 -0.677579 0.735098
22.75 65.1276 89.5747 -5.13492 -0.0139212 -0.0159363 -0.677224 0.735473
22.8 65.2116 88.7152 -5.09635 -0.0138023 -0.0144825 -0.67689 0.735813
22.85 65.3157 87.7632 -5.0639 -0.0139763 -0.0143849 -0.676525 0.736146
22.9 65.4088 86.8965 -5.03314 -0.015182 -0.0143405 -0.676321 0.736311
22.95 65.5105 86.0271 -5.00483 -0.016195 -0.0147091 -0.676225 0.73637
23 65.6056 85.0734 -4.96324 -0.0169098 -0.0145967 -0.676247 0.736336
23.05 65.7067 84.2031 -4.93144 -0.0172316 -0.0142495 -0.676304 0.736283
23.1 65.8017 83.3316 -4.90153 -0.0166513 -0.0134937 -0.676615 0.736025
23.15 65.8952 82.3739 -4.86405 -0.0159511 -0.0122573 -0.67692 0.735781
23.2 65.9747 81.5024 -4.82622 -0.0154874 -0.0113019 -0.677315 0.735444
23.25 66.0488 80.5393 -4.78154 -0.0153395 -0.0113074 -0.677609 0.735175
23.3 66.1287 79.6607 -4.74915 -0.0155037 -0.0117826 -0.677875 0.734919
23.35 66.2056 78.7803 -4.71569 -0.0155234 -0.0122595 -0.678121 0.734684
23.4 66.2902 77.8097 -4.67723 -0.0151651 -0.0121554 -0.678436 0.734403
23.45 66.3619 76.9276 -4.63733 -0.0144308 -0.0119216 -0.678771 0.734112
23.5 66.4344 76.0455 -4.59848 -0.0140186 -0.0115695 -0.67913 0.733793
23.55 66.5167 75.078 -4.55959 -0.0149896 -0.0118659 -0.679445 0.733477
23.6 66.5949 74.1989 -4.52688 -0.0158389 -0.012667 -0.679769 0.733146
23.65 66.6658 73.3234 -4.49042 -0.0175073 -0.0129272 -0.679995 0.732894
23.7 66.7515 72.367 -4.44901 -0.0180798 -0.013396 -0.680411 0.732485
23.75 66.8278 71.4991 -4.40882 -0.0189573 -0.0135305 -0.680728 0.732166
23.8 66.9157 70.5461 -4.36638 -0.0202957 -0.0133979 -0.681115 0.731772
23.85 66.9863 69.6824 -4.32192 -0.0200169 -0.0135867 -0.681385 0.731525
23.9 67.0475 68.8209 -4.27043 -0.0190742 -0.0138032 -0.681535 0.731406
23.95 67.1056 67.8771 -4.20647 -0.0185365 -0.0135689 -0.681791 0.731186
24 67.1529 67.02 -4.14872 -0.0177483 -0.014011 -0.681993 0.731009
24.05 67.2041 66.1629 -4.08964 -0.016775 -0.0144064 -0.682061 0.730961
24.1 67.2665 65.2242 -4.02738 -0.0159861 -0.0149792 -0.682187 0.73085
24.15 67.3338 64.3721 -3.96635 -0.0156125 -0.0158385 -0.682294 0.730739
24.2 67.3986 63.5206 -3.90717 -0.0152331 -0.0164429 -0.682303 0.730726
24.25 67.4788 62.584 -3.84572 -0.014925 -0.0164056 -0.682371 0.730669
24.3 67.5497 61.7352 -3.79292 -0.0139488 -0.0161463 -0.682445 0.730626
24.35 67.626 60.8026 -3.73514 -0.012572 -0.0164233 -0.682527 0.730568
24.4 67.6886 59.9584 -3.68517 -0.0122609 -0.0169734 -0.682596 0.730496
24.45 67.7492 59.117 -3.63667 -0.0125585 -0.0176391 -0.682633 0.730441
24.5 67.8442 58.1942 -3.60098 -0.0127008 -0.0183178 -0.682571 0.73048
24.55 67.9246 57.3576 -3.56584 -0.0124332 -0.0186413 -0.682528 0.730516
24.6 68.0078 56.5268 -3.52704 -0.0120386 -0.0184614 -0.682649 0.730414
24.65 68.0819 55.6157 -3.4785 -0.0122378 -0.0183098 -0.682724 0.730345
24.7 68.1545 54.791 -3.4364 -0.0122807 -0.0184081 -0.682824 0.730248
24.75 68.2304 53.9623 -3.40075 -0.0116842 -0.0190307 -0.682857 0.730211
24.8 68.3139 53.0527 -3.3608 -0.0102417 -0.0197226 -0.682824 0.730245
24.85 68.3808 52.2287 -3.32039 -0.00947474 -0.0196151 -0.682842 0.730242
24.9 68.4546 51.3199 -3.28191 -0.00808524 -0.0199043 -0.68264 0.730439
24.95 68.5161 50.5005 -3.2448 -0.00811642 -0.0208994 -0.682429 0.730608
25 68.5951 49.6832 -3.21954 -0.0107894 -0.0207119 -0.682176 0.730815
25.05 68.6821 48.7878 -3.18587 -0.00979827 -0.0219309 -0.682097 0.730868
25.1 68.757 47.9752 -3.14375 -0.00595173 -0.0206182 -0.681636 0.731377
25.15 68.8456 47.1648 -3.1029 -0.00309831 -0.0191282 -0.68167 0.731403
25.2 68.9267 46.2793 -3.06342 -0.00325604 -0.0198376 -0.681592 0.731456
25.25 69.0146 45.4714 -3.05196 -0.00463953 -0.0239168 -0.680782 0.732081
25.3 69.0925 44.6681 -3.02869 -0.00518933 -0.0246139 -0.680252 0.732547
25.35 69.168 43.7857 -2.98094 -0.00310095 -0.0235832 -0.679783 0.733028
25.4 69.2285 42.9887 -2.93545 -0.00325213 -0.0247484 -0.679315 0.733422
25.45 69.311 42.1151 -2.90368 -0.0059086 -0.026996 -0.679122 0.733505
25.5 69.3805 41.323 -2.8727 -0.00778641 -0.0291876 -0.678701 0.733793
25.55 69.4459 40.5321 -2.82666 -0.00607602 -0.0294421 -0.678243 0.734223
25.6 69.5167 39.6618 -2.77335 -0.00159613 -0.0281662 -0.677921 0.734593
25.65 69.5804 38.8718 -2.72193 0.00114753 -0.0272479 -0.677817 0.734724
25.7 69.6595 38.083 -2.68509 0.00255239 -0.027099 -0.677952 0.734602
25.75 69.7345 37.2278 -2.63453 0.0023279 -0.0272937 -0.678167 0.734397
25.8 69.8037 36.4578 -2.58297 0.00132923 -0.0285143 -0.67851 0.734036
25.85 69.8647 35.6874 -2.53507 0.000527247 -0.030148 -0.678941 0.733573
25.9 69.9274 34.8405 -2.4685 -0.000658804 -0.0314924 -0.679518 0.732982
25.95 69.9823 34.0744 -2.40617 -0.00147274 -0.0315885 -0.679926 0.732599
26 70.0412 33.2361 -2.33381 -0.00173481 -0.0310116 -0.680334 0.732244
26.05 70.1056 32.478 -2.27146 -0.000939348 -0.0302382 -0.680497 0.732126
26.1 70.1673 31.7253 -2.21045 -0.000438357 -0.0289464 -0.680586 0.732096
26.15 70.2346 30.9074 -2.14403 0.000476463 -0.0279047 -0.680718 0.732014
26.2 70.2927 30.1716 -2.08553 0.00154494 -0.0280781 -0.68064 0.732078
26.25 70.3373 29.4569 -2.03433 0.00203747 -0.0283606 -0.680576 0.732126
26.3 70.3897 28.6882 -1.99923 0.00254943 -0.0287909 -0.680541 0.73214
26.35 70.4366 28.0094 -1.96919 0.00363339 -0.0289515 -0.680414 0.732246
26.4 70.479 27.3498 -1.9348 0.00430064 -0.0285464 -0.680376 0.732294
26.45 70.5393 26.6516 -1.90749 0.00524532 -0.027782 -0.680493 0.732209
26.5 70.5858 26.046 -1.88018 0.00552274 -0.0275138 -0.680722 0.732004
26.55 70.6274 25.4666 -1.85412 0.00526396 -0.0278009 -0.681109 0.731636
26.6 70.6718 24.8627 -1.82809 0.00465428 -0.0278784 -0.681611 0.731169
26.65 70.7132 24.3413 -1.8028 0.00347574 -0.0280577 -0.682176 0.730642
26.7 70.7744 23.7982 -1.77535 0.00224026 -0.0279345 -0.682729 0.730134
26.75 70.8244 23.3327 -1.74613 0.00260747 -0.0285595 -0.683176 0.729691
26.8 70.877 22.8878 -1.71816 0.0021632 -0.0291125 -0.683496 0.72937
26.85 70.919 22.4113 -1.68537 0.000946842 -0.0303704 -0.683946 0.728899
26.9 70.9675 21.9833 -1.65202 -0.000353333 -0.0309268 -0.684098 0.728734
26.95 71.0076 21.5572 -1.62009 -0.00123606 -0.0304321 -0.684098 0.728754
27 71.0525 21.0908 -1.58501 -0.00144098 -0.0294523 -0.683947 0.728935
27.05 71.0856 20.6686 -1.55394 -0.00130546 -0.0285225 -0.6838 0.729111
27.1 71.1178 20.248 -1.52251 -0.00138408 -0.0272025 -0.683829 0.729133
27.15 71.1563 19.7904 -1.48977 -0.00220528 -0.0259733 -0.683737 0.729263
27.2 71.1872 19.3783 -1.4618 -0.00355795 -0.0252466 -0.683648 0.729366
27.25 71.222 18.9272 -1.43103 -0.00401962 -0.0245406 -0.683971 0.729085
27.3 71.2409 18.5223 -1.39786 -0.00448098 -0.0233803 -0.684507 0.728617
27.35 71.2538 18.1224 -1.36296 -0.00520199 -0.0226899 -0.685445 0.727752
27.4 71.2714 17.685 -1.33252 -0.00702855 -0.022276 -0.687087 0.726199
27.45 71.2709 17.2913 -1.29184 -0.00779199 -0.0219294 -0.689171 0.724225
27.5 71.2683 16.9001 -1.25089 -0.00819631 -0.0207551 -0.691403 0.722124
27.55 71.2562 16.4776 -1.20229 -0.00847917 -0.0196442 -0.693663 0.719982
27.6 71.2368 16.1045 -1.16265 -0.00939419 -0.0196834 -0.695679 0.718022
27.65 71.2186 15.7435 -1.13078 -0.00965443 -0.0197571 -0.698189 0.715575
27.7 71.1928 15.3621 -1.09481 -0.0100678 -0.0195477 -0.701077 0.712747
27.75 71.1704 15.0282 -1.06354 -0.00999914 -0.0192749 -0.703589 0.710276
27.8 71.1397 14.67 -1.03172 -0.0102744 -0.0195832 -0.706078 0.707788
27.85 71.1148 14.347 -1.00746 -0.0110457 -0.0203304 -0.70851 0.705321
27.9 71.0899 14.0271 -0.984796 -0.0119417 -0.0203794 -0.711235 0.702558
27.95 71.062 13.6778 -0.956456 -0.0126236 -0.0194778 -0.714783 0.698961
28 71.0323 13.363 -0.928927 -0.0127466 -0.0183132 -0.718887 0.694769
28.05 70.9991 13.0498 -0.9014 -0.0124657 -0.0177416 -0.723595 0.689884
28.1 70.9794 12.7042 -0.877667 -0.0113294 -0.0177783 -0.729104 0.684078
28.15 70.9566 12.3934 -0.8574 -0.0105312 -0.018483 -0.734178 0.678623
28.2 70.92 12.0556 -0.841011 -0.00986275 -0.0190827 -0.739543 0.672766
28.25 70.8638 11.7561 -0.823152 -0.00916383 -0.0191929 -0.744298 0.667509
28.3 70.8006 11.4595 -0.802691 -0.00859976 -0.0190862 -0.749007 0.662231
28.35 70.7391 11.1389 -0.78524 -0.00827691 -0.0186444 -0.754124 0.656415
28.4 70.688 10.8549 -0.769563 -0.00772741 -0.0182042 -0.758504 0.651368
28.45 70.634 10.5808 -0.755194 -0.00664975 -0.0184345 -0.762661 0.646501
28.5 70.5658 10.292 -0.736456 -0.00553516 -0.0193668 -0.766857 0.641502
28.55 70.5041 10.041 -0.722414 -0.00472735 -0.020444 -0.770275 0.637367
28.6 70.4455 9.80255 -0.707489 -0.00402712 -0.0212794 -0.773188 0.633807
28.65 70.3862 9.55617 -0.692586 -0.00355221 -0.021867 -0.775808 0.63058
28.7 70.3294 9.34751 -0.678044 -0.00327174 -0.0221143 -0.777544 0.628432
28.75 70.2731 9.15366 -0.664413 -0.00319296 -0.0222906 -0.778694 0.627
28.8 70.2224 8.95846 -0.659534 -0.00301338 -0.0225546 -0.779357 0.626166
28.85 70.1825 8.79719 -0.653097 -0.00298835 -0.0229834 -0.779407 0.626089
28.9 70.1586 8.64465 -0.648386 -0.00395824 -0.0234771 -0.779008 0.626562
28.95 70.1203 8.47894 -0.639608 -0.00550861 -0.0241841 -0.777901 0.627897
29 70.0907 8.32908 -0.631738 -0.00623452 -0.024928 -0.776294 0.629847
29.05 70.0693 8.15769 -0.62665 -0.00619109 -0.0253343 -0.773952 0.632707
29.1 70.0348 7.9991 -0.618924 -0.0060132 -0.0254733 -0.771206 0.636047
29.15 69.995 7.84505 -0.607894 -0.00584492 -0.0255044 -0.767983 0.639936
29.2 69.9475 7.67744 -0.594218 -0.00549248 -0.0255321 -0.763715 0.645025
29.25 69.8909 7.53053 -0.577901 -0.00499817 -0.025698 -0.75903 0.650529
29.3 69.8372 7.38497 -0.562817 -0.00505771 -0.0257913 -0.753821 0.656554
29.35 69.8006 7.21899 -0.549028 -0.00579714 -0.0257781 -0.747572 0.663655
29.4 69.7715 7.06403 -0.536792 -0.00683759 -0.0263036 -0.740903 0.671062
29.45 69.7384 6.90261 -0.521136 -0.00844452 -0.0271988 -0.73332 0.679287
29.5 69.6973 6.71308 -0.501874 -0.00937381 -0.0282887 -0.723917 0.689243
29.55 69.6757 6.52385 -0.487037 -0.00936588 -0.0288933 -0.713722 0.69977
29.6 69.6566 6.32163 -0.470921 -0.00919416 -0.0288439 -0.702089 0.711445
29.65 69.6452 6.08452 -0.450831 -0.00892967 -0.028105 -0.687826 0.725276
29.7 69.661 5.8581 -0.445411 -0.00890094 -0.0262168 -0.673561 0.738613
29.75 69.6826 5.62127 -0.436629 -0.00792292 -0.0240505 -0.658123 0.752485
29.8 69.7342 5.35029 -0.433597 -0.00717225 -0.0227675 -0.640086 0.767932
29.85 69.7837 5.09849 -0.425593 -0.00645685 -0.0227174 -0.622635 0.782156
29.9 69.8493 4.84232 -0.417831 -0.00495744 -0.0220713 -0.604655 0.796166
29.95 69.9098 4.55799 -0.388646 -0.00344503 -0.0204877 -0.584245 0.811311
30 69.9746 4.29688 -0.352306 -0.0027023 -0.0183569 -0.565147 0.824782
30.05 70.0642 4.03896 -0.325846 -0.0037644 -0.0146595 -0.545626 0.837892
30.1 70.1836 3.75559 -0.301976 -0.00354776 -0.0123045 -0.523512 0.851922
30.15 70.2959 3.49808 -0.283767 -0.00148976 -0.012748 -0.502316 0.864589
30.2 70.4189 3.2414 -0.266803 -0.000718883 -0.0132708 -0.480161 0.87708
30.25 70.5968 2.9711 -0.250836 -9.05482e-05 -0.0138432 -0.455186 0.890289
30.3 70.786 2.73009 -0.239689 -0.00127896 -0.01339 -0.431723 0.901906
30.35 70.9987 2.49474 -0.226965 -0.00178397 -0.0122326 -0.408288 0.912769
30.4 71.2303 2.23651 -0.212341 -0.0004291 -0.0123489 -0.382322 0.923946
30.45 71.4645 2.00471 -0.205155 0.000696028 -0.0132397 -0.358626 0.933387
30.5 71.7055 1.77825 -0.197767 0.0023914 -0.0148715 -0.335214 0.942022
30.55 72.0455 1.53985 -0.225071 0.00230951 -0.0155276 -0.310326 0.950501
30.6 72.3577 1.33625 -0.233512 -0.000723844 -0.013538 -0.288681 0.957329
30.65 72.6778 1.14164 -0.23504 -0.00381008 -0.0108662 -0.267491 0.963491
30.7 73.0412 0.931913 -0.238983 -0.0043681 -0.009407 -0.24479 0.969521
30.75 73.3774 0.747234 -0.236087 -0.00350547 -0.00856657 -0.224761 0.97437
30.8 73.7888 0.552742 -0.235244 -0.00176164 -0.00755469 -0.202772 0.979195
30.85 74.1755 0.388703 -0.23833 -0.000367867 -0.00601033 -0.182485 0.98319
30.9 74.591 0.240184 -0.253809 -5.26493e-05 -0.0042978 -0.162425 0.986711
30.95 75.041 0.0948222 -0.262233 -0.00144858 -0.00343417 -0.141919 0.989871
31 75.4896 -0.0299375 -0.280793 -0.00327502 -0.00302529 -0.125234 0.992117
31.05 75.9457 -0.149884 -0.29905 -0.00490767 -0.00267665 -0.11085 0.993821
31.1 76.4676 -0.274316 -0.322966 -0.00654324 -0.00184775 -0.0981012 0.995153
31.15 76.9406 -0.374159 -0.333828 -0.00807616 -0.000970231 -0.0891468 0.995985
31.2 77.4742 -0.477462 -0.347008 -0.00932644 -0.000473199 -0.0814628 0.996633
31.25 77.9716 -0.566959 -0.359706 -0.0103678 -7.84221e-06 -0.0761174 0.997045
31.3 78.4764 -0.653247 -0.373035 -0.01088 0.000460371 -0.0722164 0.99733
31.35 79.054 -0.743782 -0.390102 -0.0116306 0.000930214 -0.0692985 0.997528
31.4 79.5779 -0.818741 -0.398959 -0.01236 0.00107265 -0.0676432 0.997632
31.45 80.0995 -0.887376 -0.388065 -0.0129415 0.00111201 -0.0666368 0.997693
31.5 80.6649 -0.965729 -0.380205 -0.0130113 0.00092724 -0.0657058 0.997754
31.55 81.1969 -1.04086 -0.378561 -0.011636 0.000764926 -0.0646718 0.997838
31.6 81.7703 -1.1173 -0.351356 -0.0103046 0.000260242 -0.0634523 0.997932
31.65 82.3018 -1.18394 -0.322645 -0.0096654 -2.63596e-05 -0.0624513 0.998001
31.7 82.8257 -1.25351 -0.301488 -0.007522 0.000839535 -0.0615013 0.998078
31.75 83.4182 -1.33361 -0.287584 -0.00667366 0.00125157 -0.0605057 0.998145
31.8 83.9413 -1.39874 -0.278416 -0.00740981 -2.44375e-05 -0.0595288 0.998199
31.85 84.4595 -1.4612 -0.267089 -0.00907389 -0.0011274 -0.0593367 0.998196
31.9 85.0297 -1.53183 -0.253167 -0.00979781 -0.00129477 -0.0594198 0.998184
31.95 85.5421 -1.60176 -0.245359 -0.00802591 -0.00175537 -0.0589397 0.998228
32 86.0685 -1.67727 -0.248378 -0.00502198 -0.00266965 -0.0587232 0.998258
32.05 86.6266 -1.74555 -0.238409 -0.00640034 -0.00146571 -0.0596482 0.998198
32.1 87.138 -1.80691 -0.230712 -0.00883757 -2.38724e-05 -0.0598978 0.998165
32.15 87.6348 -1.87062 -0.220636 -0.00954578 0.000529353 -0.0599741 0.998154
32.2 88.1819 -1.94399 -0.21439 -0.00886124 0.000772703 -0.0601255 0.998151
32.25 88.678 -2.01256 -0.212464 -0.00843794 0.0011171 -0.0602831 0.998145
32.3 89.2216 -2.08666 -0.211005 -0.00829908 0.0010168 -0.0604417 0.998137
32.35 89.7051 -2.14841 -0.215241 -0.0087687 0.000871197 -0.0608036 0.998111
32.4 90.1866 -2.20602 -0.233386 -0.00894754 0.000883988 -0.0613374 0.998077
32.45 90.7205 -2.27305 -0.257318 -0.00833386 0.000828407 -0.0621907 0.998029
32.5 91.1984 -2.33758 -0.271395 -0.00745154 0.000502541 -0.062917 0.997991
32.55 91.678 -2.40127 -0.28773 -0.00691382 0.000406839 -0.0637611 0.997941
32.6 92.1902 -2.47027 -0.291662 -0.00713467 0.000708515 -0.0649733 0.997861
32.65 92.6585 -2.53391 -0.299706 -0.00726462 0.000958668 -0.0659637 0.997795
32.7 93.1109 -2.59153 -0.293494 -0.00663167 0.000812478 -0.0668026 0.997744
32.75 93.6017 -2.65102 -0.282236 -0.00539375 0.000650965 -0.0677162 0.99769
32.8 94.0462 -2.70927 -0.27179 -0.00456514 0.000471116 -0.0685654 0.997636
32.85 94.5382 -2.77351 -0.262176 -0.00425578 -0.000324802 -0.069317 0.997586
32.9 94.9921 -2.83564 -0.255112 -0.00420716 -0.0019475 -0.0699292 0.997541
32.95 95.4606 -2.90183 -0.249682 -0.00363859 -0.00305858 -0.0703548 0.997511
33 95.9886 -2.97814 -0.243851 -0.00325459 -0.00342453 -0.0702507 0.997518
33.05 96.4728 -3.04949 -0.235571 -0.00241991 -0.00333068 -0.0700689 0.997534
33.1 96.969 -3.12157 -0.227259 -0.00157978 -0.003018 -0.0699465 0.997545
33.15 97.5144 -3.19858 -0.211818 -0.000674869 -0.00284434 -0.0694556 0.997581
33.2 98.0155 -3.25784 -0.191074 0.000122067 -0.00299363 -0.0683534 0.997657
33.25 98.5239 -3.32265 -0.173517 0.000116568 -0.00283128 -0.0669796 0.99775
33.3 99.0933 -3.39121 -0.153605 0.000137758 -0.00211264 -0.0653066 0.997863
33.35 99.6167 -3.45721 -0.137299 0.000233194 -0.00156388 -0.0632898 0.997994
33.4 100.206 -3.52947 -0.123759 0.000429369 -0.000913397 -0.060758 0.998152
33.45 100.747 -3.59512 -0.114539 0.000267974 -0.000335125 -0.0583499 0.998296
33.5 101.285 -3.65809 -0.105475 0.000154399 -0.000210365 -0.0558386 0.99844
33.55 101.878 -3.72385 -0.0995451 -0.000253324 -0.00123671 -0.0530248 0.998592
33.6 102.414 -3.78198 -0.0932884 -0.000704799 -0.00224676 -0.0504044 0.998726
33.65 102.963 -3.83703 -0.0920792 -0.00206236 -0.00286621 -0.0479544 0.998843
33.7 103.566 -3.8949 -0.0889923 -0.00318743 -0.00334198 -0.0454467 0.998956
33.75 104.12 -3.94686 -0.0870116 -0.00399011 -0.00324957 -0.0430933 0.999058
33.8 104.65 -3.99564 -0.0734107 -0.00378872 -0.00272974 -0.0412103 0.99914
33.85 105.202 -4.04324 -0.0447681 -0.00345915 -0.00203202 -0.0396144 0.999207
33.9 105.722 -4.08416 -0.0288448 -0.00375759 -0.000794212 -0.0386282 0.999246
33.95 106.327 -4.11983 -0.0179679 -0.00513619 -1.26601e-05 -0.037933 0.999267
34 106.884 -4.14848 -0.00805422 -0.0061433 0.000265221 -0.0377272 0.999269
34.05 107.435 -4.17895 0.00151765 -0.00685472 0.000546091 -0.0381328 0.999249
34.1 108.04 -4.2129 0.0106981 -0.00743187 0.000724996 -0.0391974 0.999204
34.15 108.586 -4.24927 0.0130645 -0.00753566 0.000643387 -0.0404302 0.999154
34.2 109.138 -4.28368 0.0128479 -0.00773168 0.0012778 -0.0417995 0.999095
34.25 109.716 -4.32481 0.0198403 -0.0086526 0.00209737 -0.0436083 0.999009
34.3 110.243 -4.36179 0.022943 -0.00961452 0.0026516 -0.0454946 0.998915
34.35 110.754 -4.4029 0.0286207 -0.0101691 0.00313094 -0.0476229 0.998809
34.4 111.321 -4.45219 0.0256572 -0.0107186 0.00320407 -0.0503838 0.998667
34.45 111.822 -4.49978 0.0244169 -0.0112457 0.00307472 -0.0531484 0.998519
34.5 112.312 -4.54877 0.0247032 -0.0109828 0.00317249 -0.0562802 0.99835
34.55 112.841 -4.60552 0.0253091 -0.00956275 0.00336912 -0.059831 0.998157
34.6 113.306 -4.65973 0.0290347 -0.00857186 0.0036111 -0.0632094 0.997957
34.65 113.823 -4.72195 0.0212046 -0.0088303 0.00142387 -0.0669275 0.997718
34.7 114.276 -4.78142 0.0201403 -0.00798524 -0.00157545 -0.0705201 0.997477
34.75 114.728 -4.84367 0.0169615 -0.0082651 -0.00392887 -0.0740295 0.997214
34.8 115.206 -4.91438 0.0181961 -0.00810963 -0.00842454 -0.0776242 0.996914
34.85 115.64 -4.97922 0.0171175 -0.00827292 -0.0135794 -0.0804341 0.996633
34.9 116.063 -5.04211 0.0198327 -0.00824778 -0.0189066 -0.0831096 0.996327
34.95 116.522 -5.11201 0.0365914 -0.0082856 -0.0207335 -0.0860224 0.996043
35 116.924 -5.18544 0.0693989 -0.00658903 -0.0200737 -0.0881979 0.995879
35.05 117.303 -5.26476 0.116261 -0.00506497 -0.0202306 -0.0902388 0.995702
35.1 117.711 -5.34977 0.176058 -0.00497501 -0.017188 -0.092882 0.995516
35.15 118.08 -5.42584 0.230625 -0.00609538 -0.0124393 -0.0950407 0.995377
35.2 118.444 -5.50455 0.287499 -0.00632012 -0.00843093 -0.0972379 0.995205
35.25 118.862 -5.58407 0.340415 -0.00675657 -0.00551512 -0.0994319 0.995006
35.3 119.292 -5.6314 0.409247 -0.00609776 -0.00397383 -0.101509 0.994808
35.35 119.743 -5.69435 0.461922 -0.00518589 -0.00378365 -0.104149 0.994541
35.4 120.16 -5.74246 0.513397 -0.00473975 -0.00485668 -0.107248 0.994209
35.45 120.56 -5.80157 0.548983 -0.005658 -0.00515701 -0.110446 0.993853
35.5 121 -5.86844 0.59246 -0.00540264 -0.00466652 -0.114056 0.993449
35.55 121.391 -5.93879 0.626835 -0.00535915 -0.00391672 -0.117041 0.993105
35.6 121.773 -6.00593 0.662488 -0.00622554 -0.00263145 -0.120264 0.992719
35.65 122.193 -6.07947 0.704048 -0.00778857 -0.000222696 -0.12357 0.992305
35.7 122.568 -6.15772 0.739805 -0.00607842 0.00281741 -0.126144 0.991989
35.75 122.942 -6.23904 0.775485 -0.0036173 0.00692649 -0.128412 0.99169
35.8 123.346 -6.33113 0.80029 -0.0018658 0.0106609 -0.130857 0.991342
35.85 123.701 -6.41077 0.828274 -0.000820442 0.0142518 -0.132393 0.991094
35.9 124.085 -6.50275 0.85578 0.000226573 0.0177252 -0.134082 0.990812
35.95 124.445 -6.56999 0.892473 -0.00102816 0.0182396 -0.135944 0.990548
36 124.756 -6.64971 0.895459 -0.00375991 0.0161002 -0.13751 0.990362
36.05 125.083 -6.74533 0.883184 -0.00518934 0.0136662 -0.138902 0.990198
36.1 125.381 -6.82978 0.886818 -0.00420829 0.0108439 -0.140107 0.990068
36.15 125.65 -6.92196 0.88056 -0.00195417 0.00741927 -0.140734 0.990018
36.2 125.933 -7.01407 0.855593 -0.000155372 0.00339775 -0.139346 0.990238
36.25 126.184 -7.09488 0.84517 0.00162583 -0.000965602 -0.135983 0.990709
36.3 126.418 -7.17539 0.836436 0.00276095 -0.00489238 -0.130925 0.991376
36.35 126.683 -7.25264 0.841156 0.00387174 -0.00711993 -0.12351 0.99231
36.4 126.912 -7.31586 0.850834 0.00297948 -0.0051612 -0.114362 0.993421
36.45 127.144 -7.37652 0.854632 0.00248815 -0.00341018 -0.102498 0.994724
36.5 127.389 -7.43631 0.834313 0.00189947 -0.00454765 -0.0875765 0.996146
36.55 127.618 -7.47847 0.818157 0.00145621 -0.00555949 -0.0723868 0.99736
36.6 127.849 -7.50824 0.808371 0.000937916 -0.00584429 -0.0558557 0.998421
36.65 128.102 -7.52992 0.789254 0.00042027 -0.00549181 -0.0367788 0.999308
36.7 128.339 -7.54238 0.771096 0.000159757 -0.00513526 -0.0178902 0.999827
36.75 128.577 -7.5482 0.740317 0.000211034 -0.00453409 0.00200688 0.999988
36.8 128.851 -7.54261 0.728412 0.000151637 -0.00363269 0.0251763 0.999676
36.85 129.1 -7.52353 0.708228 0.000168733 -0.00237451 0.0469602 0.998894
36.9 129.356 -7.49399 0.69454 2.90879e-05 -0.000847077 0.0688018 0.99763
36.95 129.642 -7.4471 0.68329 -0.000933766 0.00149745 0.0927877 0.995684
37 129.907 -7.39122 0.680315 -0.00247023 0.00266916 0.115033 0.993355
37.05 130.172 -7.32114 0.685188 -0.00443878 0.00301748 0.138138 0.990398
37.1 130.468 -7.22711 0.686712 -0.00590775 0.00342706 0.163337 0.986547
37.15 130.745 -7.12943 0.683909 -0.00678563 0.0035849 0.185999 0.98252
37.2 131.053 -7.00397 0.681588 -0.00590478 0.00465012 0.211012 0.977455
37.25 131.337 -6.87504 0.681195 -0.00528648 0.00626714 0.233611 0.972296
37.3 131.614 -6.72271 0.682114 -0.00462574 0.0073453 0.256004 0.966637
37.35 131.893 -6.55064 0.681763 -0.00640276 0.00807598 0.279056 0.960219
37.4 132.209 -6.34071 0.67901 -0.00958779 0.00839138 0.304444 0.952445
37.45 132.505 -6.13167 0.675926 -0.00964609 0.0099558 0.327388 0.944788
37.5 132.832 -5.87861 0.67056 -0.00896146 0.0121224 0.352289 0.93577
37.55 133.12 -5.61931 0.668666 -0.00948561 0.0123565 0.37504 0.926878
37.6 133.401 -5.33975 0.66454 -0.0105965 0.0120231 0.398043 0.917227
37.65 133.705 -5.00606 0.657022 -0.0104847 0.0122463 0.422984 0.905994
37.7 133.981 -4.68119 0.65213 -0.0104796 0.0123333 0.445158 0.895306
37.75 134.241 -4.3319 0.643585 -0.0103304 0.0111307 0.467272 0.883983
37.8 134.518 -3.91973 0.637284 -0.0101486 0.00938262 0.491081 0.871005
37.85 134.762 -3.52239 0.629602 -0.00921192 0.00917108 0.512003 0.858885
37.9 134.998 -3.10359 0.620576 -0.00847506 0.0105342 0.531726 0.846809
37.95 135.235 -2.61405 0.61099 -0.00884768 0.0118399 0.551696 0.833914
38 135.431 -2.14338 0.608794 -0.0113248 0.0121724 0.567844 0.822968
38.05 135.631 -1.60361 0.616687 -0.0133009 0.0123641 0.58368 0.811781
38.1 135.804 -1.09603 0.612778 -0.0135803 0.0124385 0.596648 0.802292
38.15 135.965 -0.57095 0.60507 -0.0136374 0.0131406 0.608036 0.793684
38.2 136.126 0.027865 0.592953 -0.0130088 0.0147588 0.619363 0.784858
38.25 136.266 0.589433 0.591306 -0.0127204 0.0164744 0.628576 0.777469
38.3 136.389 1.16862 0.594983 -0.0136029 0.0179767 0.636564 0.770895
38.35 136.512 1.8218 0.585812 -0.0149294 0.0190348 0.644344 0.764353
38.4 136.611 2.42954 0.569579 -0.0153374 0.0195678 0.650601 0.759013
38.45 136.72 3.11118 0.543269 -0.0153238 0.020195 0.656275 0.754096
38.5 136.813 3.74557 0.53157 -0.0157686 0.0203485 0.660569 0.750324
38.55 136.901 4.39243 0.516661 -0.0160285 0.0207848 0.663782 0.747465
38.6 136.987 5.11934 0.498336 -0.0166612 0.0216004 0.666372 0.74512
38.65 137.064 5.79039 0.473524 -0.0169186 0.022202 0.667891 0.743735
38.7 137.145 6.47032 0.448037 -0.0177631 0.0228382 0.668369 0.743267
38.75 137.236 7.23009 0.436259 -0.0184805 0.0236057 0.668183 0.743393
38.8 137.322 7.92708 0.418602 -0.0182035 0.0246461 0.667671 0.743826
38.85 137.41 8.62947 0.399592 -0.0171063 0.0260184 0.66715 0.744272
38.9 137.509 9.4093 0.367629 -0.0153789 0.0286274 0.666778 0.744547
38.95 137.602 10.1236 0.34785 -0.0139545 0.0289157 0.666614 0.744711
39 137.704 10.9194 0.327681 -0.0125623 0.0281881 0.666242 0.745097
39.05 137.797 11.6504 0.30928 -0.0114642 0.0262908 0.666066 0.745341
39.1 137.893 12.3876 0.281718 -0.0091103 0.0257109 0.665776 0.745653
39.15 137.999 13.208 0.258495 -0.0091254 0.0261117 0.664937 0.746387
39.2 138.099 13.9608 0.242627 -0.00875597 0.026529 0.664036 0.747179
39.25 138.206 14.719 0.237608 -0.00941219 0.0264818 0.663308 0.747819
39.3 138.326 15.5586 0.228815 -0.0104306 0.0264204 0.662553 0.748477
39.35 138.436 16.3265 0.209428 -0.0107503 0.0265194 0.661951 0.749
39.4 138.552 17.0982 0.189983 -0.0102981 0.0274032 0.661335 0.74952
39.45 138.677 17.9532 0.166213 -0.0103124 0.0274064 0.660677 0.750099
39.5 138.79 18.7347 0.14943 -0.0103055 0.0268185 0.660043 0.750678
39.55 138.916 19.5994 0.126186 -0.00996789 0.026476 0.659504 0.751169
39.6 139.034 20.3891 0.110744 -0.0095071 0.0268334 0.659073 0.75154
39.65 139.155 21.183 0.091079 -0.00934701 0.0273045 0.658648 0.751898
39.7 139.287 22.061 0.0774367 -0.00902517 0.0278618 0.658389 0.752108
39.75 139.402 22.8659 0.0613136 -0.00888069 0.0280384 0.658467 0.752035
39.8 139.509 23.6767 0.0402742 -0.0084391 0.0281508 0.658649 0.751876
39.85 139.627 24.5742 0.0185183 -0.00797313 0.028401 0.658925 0.75163
39.9 139.736 25.3956 -0.00682049 -0.00794086 0.0284952 0.659207 0.75138
39.95 139.815 26.2404 0.00367317 -0.00809831 0.0291825 0.659425 0.75116
