0 0 0 -7.27596e-12 -2.1684e-19 -8.67362e-19 0 1
0.05 1.33776 0.00418575 0.00567015 -0.000371426 0.000353587 0.00239164 0.999997
0.1 2.56317 0.0133599 0.00903889 -0.00158802 -0.000607412 0.00463522 0.999988
0.15 3.79681 0.0282698 0.0112993 -0.00257133 -0.00247506 0.0067999 0.999971
0.2 5.1622 0.0498179 0.0194337 -0.00382352 -0.00317616 0.00945016 0.999943
0.25 6.41306 0.075556 0.030589 -0.00373486 -0.002714 0.0119285 0.999918
0.3 7.80016 0.111376 0.0404685 -0.00374139 -0.00272101 0.0147322 0.999881
0.35 9.06977 0.148308 0.0483828 -0.0034528 -0.00389258 0.0174033 0.999835
0.4 10.3461 0.1929 0.0574731 -0.00332531 -0.00435117 0.0200772 0.999783
0.45 11.6279 0.244914 0.0715078 -0.00363478 -0.00399711 0.0224918 0.999732
0.5 13.0424 0.311316 0.0894542 -0.00434077 -0.00302854 0.024729 0.99968
0.55 14.3375 0.377631 0.104321 -0.00458285 -0.00223378 0.0262844 0.999642
0.6 15.7657 0.454705 0.118788 -0.00474756 -0.00222784 0.0278499 0.999598
0.65 17.0695 0.528714 0.130308 -0.00465355 -0.00236013 0.0293596 0.999555
0.7 18.3794 0.605024 0.144626 -0.00481817 -0.00157941 0.0307982 0.999513
0.75 19.8252 0.696705 0.160802 -0.00558953 -0.000547514 0.0323704 0.99946
0.8 21.1441 0.783504 0.173117 -0.00632518 2.85284e-05 0.0337395 0.999411
0.85 22.4636 0.875549 0.185435 -0.0066712 2.4342e-06 0.0351135 0.999361
0.9 23.9187 0.977044 0.196637 -0.00615639 -0.00094507 0.036775 0.999304
0.95 25.2401 1.07428 0.210462 -0.00565784 -0.00115776 0.0385042 0.999242
1 26.5662 1.17397 0.225083 -0.00464788 -0.00131333 0.0405016 0.999168
1.05 28.025 1.29064 0.241012 -0.00361012 -0.00151407 0.0429982 0.999067
1.1 29.3537 1.40309 0.257219 -0.00338816 -0.00175094 0.0453368 0.998964
1.15 30.6835 1.52288 0.274022 -0.00321776 -0.00182187 0.0476039 0.998859
1.2 32.1486 1.66296 0.18966 -0.00400867 -0.00144856 0.0499904 0.998741
1.25 33.4802 1.79595 0.204735 -0.00475781 -0.000538639 0.0521041 0.99863
1.3 34.8079 1.93475 0.21936 -0.0056793 0.000127272 0.054203 0.998514
1.35 36.2685 2.09221 0.2345 -0.0063862 0.000549515 0.0566036 0.998376
1.4 37.5936 2.24069 0.247697 -0.00694545 0.00090107 0.058712 0.99825
1.45 38.9195 2.39472 0.257976 -0.00787912 0.000898165 0.0609783 0.998108
1.5 40.3743 2.57129 0.269596 -0.00980137 0.000848785 0.0634155 0.997939
1.55 41.6947 2.74065 0.279666 -0.011902 8.19885e-05 0.0654149 0.997787
1.6 43.0134 2.91593 0.289557 -0.0137314 -0.00112365 0.0672441 0.997641
1.65 44.4621 3.11431 0.302892 -0.0147389 -0.00204199 0.0691734 0.997494
1.7 45.7785 3.2958 0.32006 -0.0137541 -0.00223282 0.0709306 0.997384
1.75 47.0936 3.47723 0.340111 -0.0121613 -0.0020558 0.0726188 0.997284
1.8 48.5386 3.68083 0.362477 -0.0101779 -0.000993855 0.0743148 0.997182
1.85 49.8513 3.87042 0.380743 -0.00870951 -0.000362927 0.0756221 0.997098
1.9 51.1617 4.06561 0.39408 -0.00738319 -0.000314637 0.0768162 0.997018
1.95 52.6022 4.28592 0.402955 -0.0066631 -0.000655231 0.0780386 0.996928
2 53.9128 4.48945 0.413342 -0.00660484 -0.000971739 0.0789464 0.996857
2.05 55.2249 4.69714 0.423446 -0.0064789 -0.00122577 0.0796468 0.996801
2.1 56.6683 4.93 0.436925 -0.00637811 -0.00131418 0.0803602 0.996745
2.15 57.9827 5.14698 0.449431 -0.00579067 -0.00147925 0.0809199 0.996703
2.2 59.3006 5.36215 0.463012 -0.00597773 -0.0024107 0.0814391 0.996657
2.25 60.7541 5.60023 0.476565 -0.00626395 -0.00353461 0.0818007 0.996623
2.3 62.0756 5.81975 0.490485 -0.00706179 -0.00359698 0.081885 0.99661
2.35 63.4007 6.03953 0.508783 -0.00780546 -0.00300387 0.0816917 0.996623
2.4 64.865 6.28219 0.527502 -0.00745837 -0.00220427 0.0815746 0.996637
2.45 66.2031 6.50084 0.545687 -0.00648522 -0.00252504 0.081599 0.996641
2.5 67.5495 6.71808 0.564297 -0.00453909 -0.00352839 0.0815143 0.996656
2.55 69.0398 6.95899 0.590304 -0.00258066 -0.003613 0.0811726 0.99669
2.6 70.4034 7.18004 0.618157 -0.000998073 -0.00291911 0.0809399 0.996714
2.65 71.9055 7.42389 0.645789 0.000712936 -0.00187629 0.0806178 0.996743
2.7 73.2713 7.64745 0.662535 0.0014887 -0.00150013 0.0802308 0.996774
2.75 74.636 7.87452 0.680966 0.00202574 -0.000637862 0.0797883 0.99681
2.8 76.0045 8.09971 0.69914 0.00118936 0.000611852 0.0791497 0.996862
2.85 77.5156 8.34631 0.714314 0.00107574 0.000180995 0.0783634 0.996924
2.9 78.8922 8.56799 0.727724 0.000200867 -0.0020322 0.0778853 0.99696
2.95 80.2702 8.78791 0.743487 -0.000827052 -0.00428986 0.0773966 0.996991
3 81.7844 9.03236 0.769757 -0.00428258 -0.00644332 0.0769477 0.997005
3.05 83.1574 9.25133 0.800735 -0.00475391 -0.00477185 0.076207 0.997069
3.1 84.5315 9.46856 0.834457 -0.005316 0.000867419 0.0757435 0.997113
3.15 86.0459 9.7012 0.852545 -0.00105725 0.00360777 0.0756965 0.997124
3.2 87.423 9.90537 0.861885 0.00505293 0.0021381 0.0761986 0.997078
3.25 88.7981 10.1044 0.870189 0.00825918 -0.00122415 0.0766929 0.99702
3.3 90.3102 10.3242 0.890159 0.009743 -0.00306006 0.0768028 0.996994
3.35 91.687 10.5283 0.918699 0.0084708 -0.00235514 0.0768907 0.997001
3.4 93.0644 10.7334 0.944721 0.0081563 -0.00103621 0.0770885 0.99699
3.45 94.5788 10.9588 0.967339 0.00677103 -0.000305925 0.0776022 0.996961
3.5 95.9546 11.1713 0.981921 0.00572515 0.000442221 0.0779 0.996945
3.55 97.3307 11.3828 0.994775 0.00574423 0.000676956 0.0781966 0.996921
3.6 98.8547 11.6153 1.01152 0.0080657 -0.000609243 0.0785011 0.996881
3.65 100.247 11.8263 1.03368 0.0110229 -0.00023101 0.079186 0.996799
3.7 101.637 12.0353 1.05311 0.0132856 0.000421729 0.0799295 0.996712
3.75 103.164 12.265 1.07042 0.0145407 0.000109094 0.0801363 0.996678
3.8 104.554 12.4799 1.08871 0.014543 0.000255471 0.0801767 0.996675
3.85 105.948 12.7019 1.10937 0.0141653 0.000294255 0.0803501 0.996666
3.9 107.485 12.9514 1.13183 0.0154611 -0.00258292 0.0806247 0.996621
3.95 108.882 13.1709 1.15546 0.017816 -0.00624089 0.0809888 0.996536
4 110.287 13.392 1.19316 0.0187359 -0.00545144 0.0814081 0.99649
4.05 111.83 13.6389 1.2329 0.0187379 -0.0039761 0.0819507 0.996452
4.1 113.236 13.8677 1.25934 0.0179609 -0.00385133 0.0822166 0.996445
4.15 114.644 14.0995 1.28491 0.0162232 -0.00262909 0.0822769 0.996474
4.2 116.198 14.3557 1.3138 0.0149917 -0.000490711 0.08231 0.996494
4.25 117.618 14.5891 1.34032 0.0150001 0.000584352 0.0823973 0.996487
4.3 119.041 14.8203 1.36117 0.015522 0.00019335 0.0825813 0.996463
4.35 120.612 15.0785 1.3827 0.0162763 -0.000929699 0.0827493 0.996437
4.4 122.042 15.3144 1.40336 0.0167531 -0.000992917 0.0827527 0.996429
4.45 123.479 15.5534 1.42598 0.0171104 -0.000561973 0.0826182 0.996434
4.5 125.058 15.8127 1.44471 0.0176799 -0.000446411 0.0824521 0.996438
4.55 126.497 16.0496 1.46044 0.0186777 0.000124962 0.082338 0.996429
4.6 127.942 16.2851 1.47731 0.020346 0.000976377 0.0822276 0.996405
4.65 129.534 16.5422 1.49181 0.0221012 0.00107516 0.0821098 0.996378
4.7 130.988 16.774 1.50446 0.0237457 0.000391797 0.081964 0.996352
4.75 132.449 17.0055 1.51753 0.0255778 -0.000322083 0.0817745 0.996323
4.8 134.063 17.2591 1.53295 0.0266618 -0.000413664 0.0814903 0.996317
4.85 135.534 17.4884 1.55042 0.0282201 0.000342665 0.0812488 0.996294
4.9 137.012 17.7166 1.56465 0.0291433 0.000991839 0.0808329 0.996301
4.95 138.647 17.9687 1.57846 0.0306344 0.0017406 0.0803807 0.996292
5 140.14 18.1931 1.58575 0.0316567 0.00114392 0.0801164 0.996282
5.05 141.783 18.441 1.59722 0.032147 -0.000534437 0.080009 0.996275
5.1 143.279 18.6608 1.61266 0.0323025 -0.00136883 0.0801044 0.996262
5.15 144.776 18.8844 1.63274 0.0317458 -0.000847233 0.0804291 0.996254
5.2 146.419 19.1331 1.65149 0.0311928 0.000145514 0.0808832 0.996235
5.25 147.913 19.3655 1.66999 0.0299535 0.000352058 0.0812339 0.996245
5.3 149.406 19.6009 1.68874 0.0292572 0.000609785 0.0816485 0.996231
5.35 150.901 19.8396 1.70435 0.0282102 0.000685694 0.0821995 0.996216
5.4 152.543 20.1024 1.71709 0.0275225 0.000562033 0.0828525 0.996182
5.45 154.032 20.3418 1.72296 0.0273491 0.00076029 0.0833103 0.996148
5.5 155.514 20.581 1.73484 0.0277009 0.00101488 0.0838251 0.996095
5.55 157.142 20.847 1.75148 0.0286538 0.00158811 0.0845209 0.996008
5.6 158.619 21.0898 1.76673 0.0285552 0.00102653 0.0850777 0.995965
5.65 160.094 21.3359 1.78824 0.0278634 -0.000303926 0.085561 0.995943
5.7 161.713 21.6072 1.81632 0.0263074 -0.000306989 0.0859399 0.995953
5.75 163.183 21.8548 1.84582 0.0260368 0.00142614 0.0862753 0.99593
5.8 164.652 22.1031 1.87438 0.0272358 0.00304753 0.086706 0.995857
5.85 166.261 22.3721 1.89778 0.0300144 0.00291325 0.0873874 0.995718
5.9 167.72 22.6189 1.91853 0.0314067 0.00131743 0.0880532 0.99562
5.95 169.171 22.8704 1.93729 0.0285658 -0.00161262 0.0883874 0.995675
6 170.767 23.1539 1.96815 0.0268098 -0.00169157 0.0882358 0.995737
6.05 172.216 23.4118 2.00441 0.0233578 0.00243894 0.0880437 0.99584
6.1 173.663 23.6639 2.0244 0.0240313 0.00357243 0.0883116 0.995797
6.15 175.253 23.9365 2.03869 0.027856 0.00412472 0.0887036 0.99566
6.2 176.695 24.1815 2.05136 0.030616 0.00406493 0.0889628 0.995556
6.25 178.133 24.434 2.06693 0.0322496 0.0025964 0.0890951 0.995498
6.3 179.714 24.7124 2.08363 0.0326207 0.000567275 0.0892253 0.995477
6.35 181.153 24.9701 2.10308 0.0313153 -0.000661596 0.0890711 0.995533
6.4 182.593 25.2248 2.12658 0.0307803 -0.000926684 0.088752 0.995578
6.45 184.176 25.5049 2.15098 0.0303437 0.000438171 0.0886609 0.995599
6.5 185.613 25.7567 2.17217 0.0314704 0.0017594 0.0885409 0.995574
6.55 187.046 26.0126 2.19285 0.032146 0.00202789 0.0883969 0.995564
6.6 188.62 26.2898 2.21605 0.0333854 0.000964569 0.0883669 0.995528
6.65 190.048 26.5363 2.23102 0.0341432 0.000198534 0.0883802 0.995501
6.7 191.615 26.8088 2.24827 0.033633 -0.00131563 0.0881288 0.99554
6.75 193.036 27.0577 2.26911 0.0325823 -0.00288564 0.0879748 0.995586
6.8 194.455 27.3115 2.29473 0.0304531 -0.00278749 0.0880295 0.995648
6.85 196.012 27.591 2.32693 0.028084 -0.00144486 0.0882931 0.995698
6.9 197.423 27.8509 2.35047 0.0267622 -0.000180253 0.0885884 0.995709
6.95 198.828 28.1043 2.36804 0.0260825 0.00142061 0.0888146 0.995706
7 200.23 28.3547 2.37934 0.0272417 0.00245883 0.0892954 0.99563
7.05 201.771 28.6305 2.38317 0.0296369 0.00245748 0.0901054 0.995488
7.1 203.168 28.8818 2.3895 0.0318587 0.00143459 0.0906918 0.995368
7.15 204.565 29.1404 2.38791 0.0326869 0.000667847 0.091216 0.995294
7.2 206.095 29.4253 2.4004 0.0319257 0.000246362 0.091801 0.995265
7.25 207.484 29.6945 2.41037 0.0309431 -5.15038e-05 0.0922206 0.995258
7.3 208.869 29.9603 2.42565 0.0298693 -0.000140344 0.0923756 0.995276
7.35 210.389 30.2544 2.44232 0.028744 -0.000271016 0.0924349 0.995304
7.4 211.767 30.5181 2.45996 0.0283074 -0.000184252 0.0924732 0.995313
7.45 213.143 30.7819 2.47846 0.0269165 -0.000776298 0.0924516 0.995353
7.5 214.652 31.0751 2.49675 0.024641 -0.00289657 0.092465 0.995407
7.55 216.023 31.3369 2.52082 0.0259037 -0.00114694 0.0921636 0.995406
7.6 217.394 31.5984 2.54598 0.0254641 0.0023088 0.0921689 0.995415
7.65 218.898 31.8757 2.56197 0.0290538 0.00209562 0.0925172 0.995285
7.7 220.262 32.1312 2.57379 0.0317277 0.000716325 0.0927154 0.995187
7.75 221.624 32.3871 2.59112 0.0325491 -0.00021264 0.0926718 0.995165
7.8 223.119 32.6715 2.61562 0.0319691 -0.000282298 0.0925267 0.995197
7.85 224.477 32.9288 2.63897 0.0309354 -4.92862e-05 0.0923799 0.995243
7.9 225.832 33.185 2.66189 0.0309854 0.000467503 0.0921501 0.995263
7.95 227.321 33.466 2.68715 0.0311806 0.00108519 0.0919524 0.995275
8 228.672 33.7187 2.70714 0.0318647 0.000468216 0.0919407 0.995254
8.05 230.021 33.9719 2.72672 0.0321717 -0.000281344 0.0918509 0.995253
8.1 231.504 34.2499 2.75041 0.0318498 -0.000309415 0.0913241 0.995312
8.15 232.853 34.5025 2.77374 0.0314781 0.000185463 0.0906858 0.995382
8.2 234.338 34.7779 2.7996 0.0318164 -9.77364e-05 0.0898231 0.995449
8.25 235.689 35.0266 2.82187 0.0322197 -0.00122886 0.089051 0.995505
8.3 237.04 35.2718 2.84486 0.0324675 -0.00177881 0.0881869 0.995573
8.35 238.53 35.5401 2.87324 0.032423 -0.00126199 0.0869654 0.995683
8.4 239.886 35.7803 2.89901 0.0327882 -0.000401672 0.0857821 0.995774
8.45 241.245 36.0166 2.92154 0.0334199 -0.000339201 0.0847631 0.99584
8.5 242.741 36.271 2.94522 0.0348604 -0.00085691 0.0840179 0.995854
8.55 244.104 36.5007 2.96687 0.0352879 -0.00132045 0.0834794 0.995884
8.6 245.473 36.7331 2.98855 0.0357189 -0.00145782 0.0827834 0.995926
8.65 246.982 36.9872 3.01395 0.0346826 -0.00121145 0.0820372 0.996025
8.7 248.36 37.2122 3.03539 0.0338929 -0.00106193 0.081277 0.996115
8.75 249.742 37.4336 3.0554 0.0329762 -0.00038396 0.0805011 0.996209
8.8 251.261 37.6752 3.0767 0.0312873 0.000281321 0.0795375 0.996341
8.85 252.645 37.8896 3.09209 0.030493 0.000810847 0.0786739 0.996434
8.9 254.03 38.099 3.10381 0.0294867 0.00132686 0.0778488 0.996528
8.95 255.549 38.3248 3.11668 0.0288874 0.00155164 0.0768605 0.996622
9 256.925 38.5292 3.1317 0.0285398 0.00116529 0.0760528 0.996695
9.05 258.303 38.7272 3.1468 0.0285751 0.00125413 0.07525 0.996754
9.1 259.815 38.9467 3.16538 0.0284508 0.0020421 0.0744567 0.996816
9.15 261.195 39.1407 3.17453 0.0283394 0.00339927 0.073737 0.996869
9.2 262.573 39.3358 3.17901 0.0281028 0.00444418 0.0730772 0.99692
9.25 264.082 39.5514 3.18212 0.0268639 0.00480348 0.0722844 0.997011
9.3 265.443 39.748 3.18639 0.0255653 0.0043318 0.0715038 0.997103
9.35 266.8 39.9417 3.19158 0.024782 0.00409563 0.0708208 0.997173
9.4 268.289 40.1536 3.19606 0.0245385 0.00392939 0.0701081 0.99723
9.45 269.636 40.3446 3.20067 0.0247909 0.00343327 0.0695845 0.997262
9.5 270.986 40.5312 3.20437 0.0248042 0.00293954 0.0691202 0.997296
9.55 272.456 40.7327 3.21909 0.0244931 0.00194209 0.068506 0.997348
9.6 273.786 40.9135 3.23825 0.0238968 0.000760186 0.0677932 0.997413
9.65 275.106 41.0869 3.26086 0.0230667 0.000272297 0.0671152 0.997479
9.7 276.545 41.2655 3.29936 0.0224924 0.000208583 0.0664133 0.997539
9.75 277.853 41.4269 3.33384 0.0226686 0.00024052 0.0656827 0.997583
9.8 279.155 41.5871 3.36105 0.0237826 -2.14113e-05 0.0652075 0.997588
9.85 280.582 41.7607 3.38877 0.0235583 -0.000544854 0.0646276 0.997631
9.9 281.879 41.9204 3.41138 0.0232023 0.000148476 0.0638716 0.997688
9.95 283.167 42.0741 3.44049 0.0228674 0.000630562 0.0632521 0.997735
10 284.591 42.2476 3.46114 0.0226153 0.000783452 0.0625118 0.997788
10.05 285.878 42.3994 3.47672 0.0214165 0.000177126 0.0618589 0.997855
10.1 287.169 42.554 3.48955 0.0212648 -0.000148089 0.0610262 0.99791
10.15 288.588 42.7213 3.5044 0.0206371 -0.00064175 0.0598982 0.997991
10.2 289.882 42.8711 3.51999 0.0210306 -0.00163185 0.0589442 0.998038
10.25 291.178 43.0171 3.53759 0.0221396 -0.0017693 0.0581619 0.99806
10.3 292.605 43.1745 3.55711 0.0232937 -0.00195323 0.0572904 0.998084
10.35 293.905 43.3178 3.5763 0.0239179 -0.0017257 0.0562661 0.998128
10.4 295.337 43.4729 3.59765 0.024333 -0.00176958 0.0551059 0.998182
10.45 296.643 43.6124 3.61672 0.0247401 -0.0020848 0.0537781 0.998244
10.5 297.95 43.7497 3.6341 0.0243933 -0.00258946 0.0521602 0.998337
10.55 299.393 43.8973 3.6533 0.0243346 -0.00223505 0.0501193 0.998444
10.6 300.706 44.0247 3.66662 0.0238515 -0.001938 0.0482862 0.998547
10.65 302.013 44.153 3.6893 0.0238951 -0.00212425 0.046497 0.99863
10.7 303.449 44.2887 3.72098 0.0231986 -0.00254874 0.044675 0.998729
10.75 304.758 44.4062 3.7512 0.0230352 -0.00261928 0.0427529 0.998817
10.8 306.072 44.5191 3.77852 0.0225249 -0.00213796 0.0410435 0.998901
10.85 307.515 44.6352 3.80888 0.0226443 -0.00212346 0.0393839 0.998965
10.9 308.829 44.7343 3.82527 0.0227548 -0.00223899 0.0379192 0.999019
10.95 310.137 44.8284 3.83797 0.0230805 -0.00247384 0.0365656 0.999062
11 311.574 44.9285 3.8507 0.0233321 -0.00259139 0.0354172 0.999097
11.05 312.873 45.0145 3.85455 0.0237485 -0.00250804 0.0342144 0.999129
11.1 314.174 45.1005 3.8648 0.0239396 -0.00263473 0.0329541 0.999167
11.15 315.607 45.1921 3.87364 0.0235056 -0.00322184 0.0317804 0.999213
11.2 316.914 45.2719 3.88291 0.0230513 -0.00366266 0.0306145 0.999259
11.25 318.225 45.3492 3.89755 0.0227023 -0.00346807 0.029313 0.999306
11.3 319.669 45.4297 3.916 0.0228313 -0.00321581 0.0274897 0.999356
11.35 320.985 45.4994 3.9362 0.0228339 -0.00338451 0.0256438 0.999405
11.4 322.3 45.5621 3.95774 0.0227985 -0.00431426 0.0239929 0.999443
11.45 323.751 45.6272 3.98619 0.0231821 -0.00451631 0.0221681 0.999475
11.5 325.072 45.6805 4.01207 0.0229062 -0.00437496 0.0204637 0.999519
11.55 326.394 45.7323 4.03934 0.0227802 -0.00439245 0.0185063 0.99956
11.6 327.847 45.7805 4.07191 0.0220379 -0.00406661 0.016582 0.999611
11.65 329.171 45.8182 4.10207 0.0218911 -0.003463 0.0149223 0.999643
11.7 330.5 45.8508 4.12948 0.0218283 -0.00324196 0.0132163 0.999669
11.75 331.963 45.8786 4.16408 0.0214658 -0.00355333 0.0114176 0.999698
11.8 333.298 45.9017 4.19241 0.0217026 -0.00339855 0.00979173 0.999711
11.85 334.633 45.9177 4.22298 0.0213381 -0.00330011 0.00828892 0.999733
11.9 336.111 45.9348 4.24971 0.0208456 -0.0032667 0.00663514 0.999755
11.95 337.456 45.9443 4.2765 0.0206316 -0.00290794 0.0052004 0.999769
12 338.807 45.9518 4.30144 0.0204027 -0.00263361 0.00364807 0.999782
12.05 340.293 45.9534 4.33422 0.0199978 -0.00290403 0.00199828 0.999794
12.1 341.646 45.9517 4.3605 0.0195727 -0.0034659 0.000457187 0.999802
12.15 343.004 45.9463 4.3867 0.0198435 -0.0032495 -0.000960624 0.999797
12.2 344.437 45.9339 4.41179 0.0202685 -0.00278754 -0.00243277 0.999788
12.25 345.869 45.9215 4.43688 0.0206948 -0.00232679 -0.00390527 0.999776
12.3 347.235 45.9018 4.45771 0.0211344 -0.00255945 -0.00531949 0.999759
12.35 348.741 45.8757 4.48669 0.0215021 -0.00272122 -0.00686481 0.999742
12.4 350.11 45.8484 4.51985 0.0222303 -0.00266381 -0.00837707 0.999714
12.45 351.486 45.8192 4.54276 0.0222457 -0.00309887 -0.00990088 0.999699
12.5 353.007 45.7848 4.55831 0.022989 -0.00344499 -0.0115179 0.999663
12.55 354.393 45.7501 4.56897 0.0235102 -0.00364101 -0.0129073 0.999634
12.6 355.783 45.7111 4.58126 0.0242936 -0.00360596 -0.0142894 0.999596
12.65 357.312 45.6624 4.60157 0.024361 -0.00396232 -0.015708 0.999572
12.7 358.7 45.6142 4.62696 0.0246969 -0.00495189 -0.0170525 0.999537
12.75 360.099 45.5658 4.63713 0.0244791 -0.00520697 -0.0183643 0.999518
12.8 361.641 45.5078 4.65547 0.0244001 -0.00513061 -0.0198003 0.999493
12.85 363.047 45.4518 4.66712 0.0242631 -0.00486417 -0.0210142 0.999473
12.9 364.458 45.3918 4.67932 0.0240918 -0.00478614 -0.0221849 0.999452
12.95 366.009 45.3205 4.69399 0.0237491 -0.00505407 -0.0236139 0.999426
13 367.422 45.2522 4.70989 0.0233901 -0.00505135 -0.0249346 0.999403
13.05 368.837 45.1807 4.72782 0.0229979 -0.00477859 -0.0262112 0.99938
13.1 370.398 45.0974 4.74708 0.0227681 -0.00446873 -0.0275092 0.999352
13.15 371.82 45.0172 4.76477 0.0228448 -0.00475337 -0.0287806 0.999313
13.2 373.243 44.9335 4.78162 0.0229027 -0.00522156 -0.0300437 0.999273
13.25 374.81 44.8365 4.80208 0.0231273 -0.00521088 -0.0313322 0.999228
13.3 376.233 44.7451 4.82358 0.0232329 -0.00494717 -0.0325362 0.999188
13.35 377.659 44.6495 4.84694 0.0230321 -0.00485736 -0.0337153 0.999154
13.4 379.229 44.5408 4.87208 0.0231592 -0.00500224 -0.0350459 0.999105
13.45 380.657 44.4383 4.89739 0.0229498 -0.00511154 -0.0362203 0.999067
13.5 382.086 44.3332 4.92189 0.0227202 -0.00497541 -0.0373765 0.999031
13.55 383.517 44.2254 4.94778 0.022704 -0.00496113 -0.0385563 0.998986
13.6 385.093 44.1033 4.97455 0.0225583 -0.00498878 -0.0398741 0.998938
13.65 386.526 43.9894 4.98962 0.0222716 -0.00509303 -0.0410468 0.998896
13.7 387.959 43.8708 5.00821 0.0223684 -0.00487111 -0.0422481 0.998845
13.75 389.533 43.7364 5.00941 0.0223653 -0.00448991 -0.0435209 0.998792
13.8 390.961 43.6085 5.01841 0.0228082 -0.00356078 -0.0446094 0.998738
13.85 392.389 43.4785 5.03678 0.0230607 -0.00316344 -0.045784 0.99868
13.9 393.958 43.3327 5.05456 0.0233182 -0.00353948 -0.0470916 0.998612
13.95 395.383 43.1965 5.07142 0.023317 -0.00382812 -0.0483157 0.998553
14 396.803 43.0582 5.08942 0.0232064 -0.0039084 -0.0494916 0.998497
14.05 398.364 42.902 5.10555 0.0234651 -0.00407143 -0.0509111 0.998419
14.1 399.78 42.7563 5.12172 0.0233668 -0.00439585 -0.0521409 0.998357
14.15 401.194 42.606 5.14334 0.0234427 -0.00443528 -0.0533239 0.998292
14.2 402.749 42.4367 5.15775 0.0238243 -0.00452775 -0.0546384 0.998212
14.25 404.158 42.2792 5.17426 0.0239827 -0.00434203 -0.0558199 0.998143
14.3 405.566 42.1182 5.19514 0.0241934 -0.00386493 -0.0570172 0.998073
14.35 407.111 41.9372 5.21656 0.0243479 -0.00420022 -0.0583038 0.997993
14.4 408.513 41.7698 5.23699 0.0244111 -0.00420184 -0.0595717 0.997917
14.45 410.051 41.5799 5.26012 0.0238843 -0.00420169 -0.0615154 0.997811
14.5 411.588 41.39 5.28325 0.0233576 -0.00419942 -0.0634588 0.997702
14.55 412.842 41.229 5.30148 0.0227131 -0.00420572 -0.0652731 0.9976
14.6 414.234 41.0449 5.32185 0.0221932 -0.00432415 -0.067244 0.99748
14.65 415.762 40.8362 5.33422 0.0213915 -0.00399944 -0.0694878 0.997345
