0 2.32831e-10 0 0 0 -1.0842e-18 0 1
0.05 0.549527 -0.00656842 0.0123106 0.000499147 2.80896e-05 0.000319572 1
0.1 1.1434 -0.0139753 0.0315412 0.000699914 -0.000238253 0.000678193 0.999999
0.15 1.67509 -0.0194092 0.0371265 0.000476783 -0.000950249 0.00108384 0.999999
0.2 2.25073 -0.025083 0.037661 0.000693599 -0.00123348 0.00146445 0.999998
0.25 2.76508 -0.0287745 0.0403601 0.00119151 -0.00141204 0.0017869 0.999997
0.3 3.27109 -0.0331477 0.0465796 0.00187652 -0.00135363 0.00213212 0.999995
0.35 3.81649 -0.0343423 0.0536814 0.002033 -0.000522285 0.00250888 0.999995
0.4 4.30107 -0.0327439 0.0616002 0.00168519 0.000515073 0.00271148 0.999995
0.45 4.77107 -0.0260918 0.0735521 0.00159896 0.00101053 0.00294839 0.999994
0.5 5.27359 -0.022348 0.0833189 0.00167576 0.00125459 0.00320455 0.999993
0.55 5.71715 -0.0179652 0.0917715 0.00197442 0.00158331 0.00325731 0.999991
0.6 6.14776 -0.0161508 0.0960098 0.00222122 0.00174369 0.00316753 0.999991
0.65 6.60509 -0.0132741 0.0970347 0.00242208 0.00110701 0.00296826 0.999992
0.7 7.01014 -0.0116078 0.0962479 0.00252811 -4.47193e-05 0.0027875 0.999993
0.75 7.41014 -0.0105321 0.0961761 0.00266836 -0.000956838 0.00267853 0.999992
0.8 7.84594 -0.009607 0.0997643 0.00279867 -0.0013812 0.00251114 0.999992
0.85 8.23861 -0.00966744 0.105511 0.00305556 -0.00126141 0.00235078 0.999992
0.9 8.66633 -0.00814805 0.116948 0.00270872 -0.00105163 0.00223949 0.999993
0.95 9.05074 -0.00745865 0.125207 0.00214887 -0.00111144 0.00222806 0.999995
1 9.42961 -0.00574382 0.1342 0.00145963 -0.00120431 0.00218836 0.999996
1.05 9.84316 -0.0041246 0.143136 0.00130964 -0.00141226 0.00213443 0.999996
1.1 10.2146 -0.00211707 0.155976 0.00132603 -0.00157632 0.00208026 0.999996
1.15 10.5826 -0.00151228 0.16647 0.00136111 -0.00184269 0.00202071 0.999995
1.2 10.9821 -4.62029e-06 0.173434 0.00128252 -0.00231174 0.00203357 0.999994
1.25 11.3422 0.00167411 0.180913 0.00105603 -0.00257909 0.00201893 0.999994
1.3 11.7379 0.00464741 0.185451 0.000454463 -0.00254719 0.00184876 0.999995
1.35 12.0913 0.00701931 0.195418 -0.000125433 -0.00261584 0.00170858 0.999995
1.4 12.4409 0.00936886 0.209376 -0.000453382 -0.00266472 0.00152713 0.999995
1.45 12.7884 0.0118956 0.221962 -0.000611673 -0.00290732 0.00117378 0.999995
1.5 13.1698 0.0125587 0.22971 -0.000583931 -0.00352758 0.000772617 0.999993
1.55 13.5202 0.011752 0.236232 -0.000659995 -0.00435711 0.000475614 0.99999
1.6 13.8719 0.011153 0.242047 -0.000581891 -0.0049359 3.79006e-05 0.999988
1.65 14.2601 0.0104157 0.249751 -0.000485232 -0.00522889 -0.000454966 0.999986
1.7 14.6136 0.00835289 0.257253 -0.000141463 -0.00551822 -0.000808454 0.999984
1.75 14.9698 0.00536896 0.266345 0.000210625 -0.00595256 -0.00108429 0.999982
1.8 15.3667 0.00263004 0.275457 0.000594118 -0.00645484 -0.00141968 0.999978
1.85 15.7305 -0.000526619 0.284134 0.000937322 -0.00680722 -0.00182371 0.999975
1.9 16.0989 -0.00338289 0.294795 0.000886414 -0.0070525 -0.00214245 0.999972
1.95 16.5084 -0.00630939 0.304866 0.000843646 -0.00719338 -0.0024658 0.999971
2 16.8894 -0.0106517 0.312142 0.00111825 -0.00735234 -0.00266845 0.999969
2.05 17.3178 -0.0178468 0.321349 0.00193649 -0.00768938 -0.00290494 0.999964
2.1 17.7167 -0.0258778 0.333248 0.00268761 -0.00813893 -0.00304862 0.999959
2.15 18.1254 -0.0339638 0.344534 0.00319784 -0.00831044 -0.00325373 0.999955
2.2 18.5892 -0.0438679 0.361559 0.00339953 -0.00793983 -0.00340416 0.999957
2.25 19.0261 -0.0508174 0.375802 0.00297193 -0.00739712 -0.00358643 0.999962
2.3 19.4771 -0.0573362 0.388048 0.00271825 -0.00699653 -0.00379902 0.999965
2.35 19.9907 -0.0656868 0.402556 0.00293906 -0.00685618 -0.00387212 0.999965
2.4 20.4729 -0.0718824 0.419025 0.00342263 -0.00641642 -0.00397216 0.999966
2.45 20.9726 -0.0777438 0.431952 0.0032046 -0.00589142 -0.00374733 0.99997
2.5 21.5412 -0.0830899 0.442747 0.00302418 -0.00579222 -0.00351373 0.999972
2.55 22.0784 -0.0865043 0.455315 0.00297718 -0.00639301 -0.00340242 0.999969
2.6 22.6302 -0.0908147 0.462616 0.00284215 -0.00687792 -0.00305491 0.999968
2.65 23.2564 -0.0948021 0.469305 0.0023451 -0.00682959 -0.00260552 0.999971
2.7 23.8442 -0.0959086 0.474728 0.00169081 -0.00607337 -0.00233884 0.999977
2.75 24.4464 -0.097003 0.487871 0.00112137 -0.00523192 -0.002022 0.999984
2.8 25.1284 -0.0997811 0.502491 0.00111407 -0.00445271 -0.0014858 0.999988
2.85 25.7635 -0.103911 0.514342 0.00210812 -0.0040076 -0.0012485 0.999989
2.9 26.4809 -0.105201 0.520345 0.00197579 -0.00460046 -0.000939239 0.999987
2.95 27.1478 -0.106194 0.526202 0.00168963 -0.00514869 -0.000718038 0.999985
3 27.8309 -0.107104 0.538742 0.00191396 -0.00520577 -0.000559638 0.999984
3.05 28.5291 -0.110069 0.553107 0.00307585 -0.00395862 -0.000296939 0.999987
3.1 29.3133 -0.112591 0.571514 0.00494769 -0.00190271 -0.00019555 0.999986
3.15 30.0418 -0.117295 0.586371 0.00767227 -0.000710316 -0.000144344 0.99997
3.2 30.8598 -0.121995 0.600304 0.00819792 -0.000165159 0.00020431 0.999966
3.25 31.6209 -0.124339 0.60763 0.00805246 0.000549306 0.000428251 0.999967
3.3 32.3924 -0.135131 0.621568 0.00958758 -0.000376408 0.000586306 0.999954
3.35 33.2561 -0.141914 0.65123 0.0121199 -0.00026484 0.000792452 0.999926
3.4 34.0571 -0.143026 0.676539 0.0117174 0.000323379 0.000785841 0.999931
3.45 34.876 -0.142145 0.704283 0.0101216 8.6001e-06 0.000850259 0.999948
3.5 35.789 -0.143925 0.725428 0.0091603 -0.000995127 0.00103033 0.999957
3.55 36.6247 -0.143473 0.759145 0.00978413 -0.00416751 0.00109608 0.999943
3.6 37.465 -0.143904 0.772341 0.00898502 -0.00655787 0.000935922 0.999938
3.65 38.3942 -0.142127 0.79742 0.00697572 -0.00671412 0.000691247 0.999953
3.7 39.2478 -0.144016 0.821482 0.00626575 -0.00580025 0.00057084 0.999963
3.75 40.1137 -0.146933 0.856175 0.00590733 -0.00387974 0.000515808 0.999975
3.8 41.0731 -0.151333 0.891546 0.00645334 -0.00208334 0.000295433 0.999977
3.85 41.9444 -0.155796 0.916775 0.00708425 -0.001353 0.000212207 0.999974
3.9 42.8254 -0.164175 0.923643 0.00712738 -0.00206118 0.000177072 0.999972
3.95 43.7958 -0.173258 0.927998 0.00706988 -0.00401342 0.000201703 0.999967
4 44.6905 -0.181824 0.939768 0.00688414 -0.00492553 0.000152849 0.999964
4.05 45.669 -0.190392 0.95657 0.0063676 -0.00409497 -7.81242e-06 0.999971
4.1 46.5643 -0.198975 0.972129 0.00581771 -0.00197105 -0.000266621 0.999981
4.15 47.4552 -0.205637 0.986249 0.00597329 -0.000574336 -0.000366535 0.999982
4.2 48.3553 -0.216791 0.990799 0.00640409 -0.000341164 -0.000255293 0.999979
4.25 49.3471 -0.228151 0.993218 0.00738377 -0.00133957 0.000189903 0.999972
4.3 50.2473 -0.235437 0.995537 0.00739301 -0.00204066 0.000824917 0.99997
4.35 51.2442 -0.242134 0.988755 0.00608792 -0.00218157 0.00142393 0.999978
4.4 52.1559 -0.244806 0.987361 0.00427341 -0.00168467 0.00186812 0.999988
4.45 53.0796 -0.251113 0.978123 0.00222694 -0.00111343 0.0021807 0.999995
4.5 54.0956 -0.252249 0.973028 -0.000268775 -0.00158905 0.00246151 0.999996
4.55 55.0274 -0.25512 0.963998 -0.00219133 -0.00258766 0.00283282 0.99999
4.6 55.963 -0.256228 0.96182 -0.00217937 -0.00358223 0.00308066 0.999986
4.65 57.002 -0.258021 0.95237 -0.00244604 -0.00351678 0.00353536 0.999985
4.7 57.9563 -0.258642 0.948892 -0.00242342 -0.00291887 0.00377459 0.999986
4.75 58.9135 -0.258576 0.945911 -0.00224064 -0.00279699 0.0042255 0.999985
4.8 59.9738 -0.259371 0.932014 -0.00160522 -0.0030956 0.00447712 0.999984
4.85 60.9415 -0.25741 0.923388 -0.00209871 -0.00380433 0.00477958 0.999979
4.9 62.0132 -0.252684 0.916918 -0.00270645 -0.00531489 0.00508597 0.999969
4.95 62.9947 -0.249075 0.915664 -0.00247509 -0.00672357 0.00536317 0.99996
5 63.9833 -0.245033 0.916105 -0.00271382 -0.00727787 0.00556824 0.999954
5.05 64.9755 -0.237655 0.926293 -0.00307665 -0.00648278 0.00573807 0.999958
5.1 66.0728 -0.229424 0.938829 -0.0030812 -0.00524991 0.00592093 0.999964
5.15 67.0771 -0.220096 0.95263 -0.00294207 -0.00523624 0.00615182 0.999963
5.2 68.0868 -0.213083 0.956572 -0.00307521 -0.00544696 0.00634324 0.99996
5.25 69.2084 -0.201435 0.969788 -0.00322942 -0.0052655 0.00662278 0.999959
5.3 70.2311 -0.189526 0.983799 -0.00345869 -0.00505641 0.0068073 0.999958
5.35 71.2606 -0.176656 0.99684 -0.00349178 -0.00507428 0.00690391 0.999957
5.4 72.4009 -0.164468 1.00851 -0.00357313 -0.00497106 0.00702095 0.999957
5.45 73.4463 -0.152118 1.02219 -0.00293278 -0.00470036 0.00708539 0.99996
5.5 74.4928 -0.138611 1.0368 -0.0027822 -0.00426097 0.00712181 0.999962
5.55 75.649 -0.124228 1.05266 -0.00190825 -0.00433043 0.00711066 0.999964
5.6 76.7024 -0.110448 1.06642 -0.00153453 -0.00461343 0.00722184 0.999962
5.65 77.8702 -0.0971037 1.07886 -0.00137376 -0.00402193 0.00715869 0.999965
5.7 78.9303 -0.0839962 1.09361 -0.00110216 -0.00323416 0.00722105 0.999968
5.75 79.9905 -0.0698136 1.10673 -0.00144626 -0.00328586 0.00725153 0.999967
5.8 81.1589 -0.05315 1.11925 -0.00185516 -0.00330875 0.00720448 0.999967
5.85 82.2211 -0.0373001 1.13226 -0.00222024 -0.00279336 0.00727746 0.999967
5.9 83.289 -0.0242332 1.14171 -0.00237428 -0.00258829 0.00715595 0.999968
5.95 84.4593 -0.00794225 1.15452 -0.00269955 -0.00255161 0.00713 0.999968
6 85.5237 0.00504105 1.16885 -0.00262426 -0.00252869 0.00704121 0.999969
6.05 86.5826 0.020535 1.1874 -0.00324871 -0.00276191 0.00696177 0.999967
6.1 87.7449 0.0372676 1.21014 -0.0032653 -0.00299907 0.00672958 0.999968
6.15 88.7987 0.0500488 1.22815 -0.00344388 -0.0023168 0.00643995 0.999971
6.2 89.8479 0.0632928 1.24661 -0.00381046 -0.00198145 0.00608492 0.999972
6.25 90.9983 0.0758602 1.26461 -0.00334954 -0.00222005 0.00583183 0.999975
6.3 92.0323 0.0871073 1.28859 -0.00314629 -0.00199733 0.0056552 0.999977
6.35 93.0639 0.0963022 1.31269 -0.00296466 -0.00144581 0.0053605 0.99998
6.4 94.1976 0.101246 1.3344 -0.00266581 -0.00187013 0.0050781 0.999982
6.45 95.2239 0.107639 1.34786 -0.00293546 -0.00223927 0.00478277 0.999982
6.5 96.2442 0.11512 1.36202 -0.00275872 -0.00263419 0.00447804 0.999983
6.55 97.3612 0.122675 1.38007 -0.00308262 -0.00256317 0.0041535 0.999983
6.6 98.3736 0.128293 1.39268 -0.00306868 -0.00217041 0.00387843 0.999985
6.65 99.4825 0.137244 1.40305 -0.0037444 -0.00209441 0.00361463 0.999984
6.7 100.483 0.145258 1.4157 -0.00370419 -0.00290529 0.00335379 0.999983
6.75 101.479 0.15138 1.43115 -0.00428759 -0.00348663 0.00311162 0.99998
6.8 102.474 0.152958 1.44467 -0.00410663 -0.00284686 0.00280034 0.999984
6.85 103.563 0.152685 1.45819 -0.00415775 -0.00145831 0.00262542 0.999987
6.9 104.548 0.146507 1.46399 -0.00358987 -0.00100379 0.00256761 0.99999
6.95 105.624 0.144049 1.47281 -0.00294088 -0.00126909 0.00273473 0.999991
7 106.597 0.139037 1.47923 -0.00222203 -0.00178095 0.00279891 0.999992
7.05 107.564 0.13654 1.48727 -0.00210259 -0.00248957 0.00291157 0.99999
7.1 108.624 0.131242 1.49289 -0.00188361 -0.00281209 0.00310723 0.999989
7.15 109.583 0.129752 1.50046 -0.00218209 -0.00308348 0.00340332 0.999987
7.2 110.538 0.128366 1.50697 -0.00235409 -0.00289404 0.00363016 0.999986
7.25 111.581 0.122897 1.5104 -0.00228775 -0.00228331 0.00398149 0.999987
7.3 112.526 0.121863 1.51924 -0.00239149 -0.00139153 0.00423479 0.999987
7.35 113.467 0.117159 1.52096 -0.00267033 -0.000822742 0.00452786 0.999986
7.4 114.495 0.115568 1.52597 -0.0025748 -0.000642634 0.00493142 0.999984
7.45 115.425 0.111146 1.52733 -0.00197921 -0.000846441 0.00524315 0.999984
7.5 116.348 0.108981 1.53251 -0.00135614 -0.000650362 0.00550778 0.999984
7.55 117.359 0.104361 1.53623 -0.000912659 -0.000720199 0.0057964 0.999983
7.6 118.273 0.102096 1.53772 -0.000979976 -0.00148148 0.00614453 0.99998
7.65 119.181 0.0988036 1.54187 -0.00109818 -0.00258018 0.00643966 0.999975
7.7 120.174 0.0937818 1.54876 -0.000740725 -0.00323124 0.00675029 0.999972
7.75 121.072 0.0930946 1.56047 -0.00128284 -0.00297011 0.00686796 0.999971
7.8 122.056 0.0920321 1.57318 -0.00180095 -0.00228767 0.00687584 0.999972
7.85 122.946 0.0912406 1.58255 -0.00192706 -0.00162206 0.00705299 0.999972
7.9 123.831 0.0875666 1.58944 -0.00152118 -0.00119365 0.00720041 0.999972
7.95 124.795 0.0880648 1.5983 -0.00158848 -0.000613017 0.00727403 0.999972
8 125.66 0.0850002 1.60474 -0.000991672 2.07404e-05 0.00730564 0.999973
8.05 126.506 0.0840629 1.61032 -0.000972673 0.000597994 0.00738965 0.999972
8.1 127.416 0.0845055 1.61019 -0.000935655 0.000507048 0.0072574 0.999973
8.15 128.22 0.0868679 1.61422 -0.00127945 0.000136098 0.00726665 0.999973
8.2 129.003 0.0894883 1.62025 -0.00130154 0.00012018 0.0071307 0.999974
8.25 129.839 0.0912145 1.62742 -0.00129583 -0.000214929 0.00696872 0.999975
8.3 130.576 0.0920267 1.63242 -0.0012907 -0.000391015 0.00673295 0.999976
8.35 131.362 0.0923935 1.63978 -0.00156792 4.27958e-05 0.00662047 0.999977
8.4 132.052 0.0931537 1.64828 -0.00203856 0.000471993 0.00652246 0.999977
8.45 132.718 0.0926483 1.65766 -0.00206987 0.000729552 0.00637866 0.999977
8.5 133.359 0.0921891 1.66814 -0.00180218 0.00112452 0.00629248 0.999978
8.55 134.039 0.0900979 1.67023 -0.00192977 0.00140586 0.0060857 0.999979
8.6 134.631 0.0886066 1.67315 -0.00177563 0.000891111 0.00594841 0.99998
8.65 135.259 0.0861718 1.67642 -0.00184182 0.000389574 0.00584779 0.999981
8.7 135.807 0.0799172 1.68708 -0.00197255 0.000282466 0.00579371 0.999981
8.75 136.338 0.0747749 1.69396 -0.00172053 -0.000325736 0.00582666 0.999981
8.8 136.908 0.0716426 1.69654 -0.00110869 -0.00110382 0.0060407 0.999981
8.85 137.417 0.0689953 1.70174 -0.000836967 -0.0019804 0.00638278 0.999977
8.9 137.921 0.0675024 1.70667 -0.00108658 -0.00280063 0.0067268 0.999973
8.95 138.469 0.0664912 1.71492 -0.00128084 -0.00301318 0.00709198 0.999969
9 138.962 0.0676035 1.7212 -0.0013254 -0.00267694 0.00751252 0.999967
9.05 139.45 0.0684361 1.72759 -0.00122289 -0.00232394 0.00786522 0.999966
9.1 139.975 0.0657918 1.74093 -0.00157 -0.00186624 0.00824593 0.999963
9.15 140.442 0.0643978 1.75258 -0.00174874 -0.00136485 0.00847079 0.999962
9.2 140.897 0.0628336 1.76359 -0.00193155 -0.00094288 0.00871413 0.99996
9.25 141.387 0.0691889 1.77512 -0.0022584 -0.000677625 0.00873478 0.999959
9.3 141.816 0.0730851 1.78143 -0.00254921 -0.000482931 0.00879705 0.999958
9.35 142.268 0.081417 1.78593 -0.00244962 -0.000263081 0.00877959 0.999958
9.4 142.664 0.0898897 1.78812 -0.00237551 -7.19718e-05 0.00861663 0.99996
9.45 143.044 0.101101 1.78806 -0.0027854 0.000239789 0.00845762 0.99996
9.5 143.44 0.109131 1.78694 -0.00338425 0.000383078 0.00828918 0.99996
9.55 143.781 0.11739 1.78278 -0.00366389 0.000230398 0.00802008 0.999961
9.6 144.1 0.122174 1.78137 -0.0035993 0.000166331 0.00775644 0.999963
9.65 144.432 0.127768 1.77887 -0.00340802 2.43119e-05 0.00743542 0.999967
9.7 144.722 0.132105 1.77759 -0.00356765 -0.00019171 0.0072939 0.999967
9.75 145.004 0.13638 1.76946 -0.00366253 -0.000790522 0.00711509 0.999968
9.8 145.31 0.142375 1.76008 -0.00386628 -0.00151724 0.00695907 0.999967
9.85 145.584 0.146249 1.75715 -0.00391954 -0.00205802 0.0068588 0.999967
9.9 145.855 0.151725 1.7525 -0.00395103 -0.00235641 0.00683501 0.999966
9.95 146.149 0.154641 1.75315 -0.00388772 -0.00239823 0.00690539 0.999966
10 146.414 0.157772 1.74569 -0.00378597 -0.00243227 0.00695054 0.999966
10.05 146.676 0.161918 1.74076 -0.00377949 -0.00235571 0.00698705 0.999966
10.1 146.96 0.167861 1.73359 -0.00367719 -0.00232429 0.00704211 0.999966
10.15 147.214 0.17216 1.73122 -0.00359161 -0.00254556 0.00712522 0.999965
10.2 147.465 0.176518 1.73072 -0.00351407 -0.00282946 0.00719485 0.999964
10.25 147.739 0.181871 1.72502 -0.0037282 -0.00294534 0.00725083 0.999962
10.3 147.984 0.18502 1.72129 -0.00381936 -0.00284402 0.00733608 0.999962
10.35 148.25 0.18767 1.71566 -0.00380988 -0.00261943 0.00749582 0.999961
10.4 148.487 0.190387 1.71235 -0.00380805 -0.00258813 0.00760317 0.99996
10.45 148.721 0.193619 1.70568 -0.00380212 -0.00244373 0.00764699 0.999961
10.5 148.971 0.196591 1.70078 -0.00375874 -0.00228916 0.00780058 0.99996
10.55 149.191 0.19954 1.69378 -0.00375286 -0.00233599 0.00786751 0.999959
10.6 149.404 0.20214 1.69058 -0.00368931 -0.00227461 0.00793879 0.999959
10.65 149.63 0.204921 1.68648 -0.00341396 -0.00212693 0.00797361 0.99996
10.7 149.825 0.206844 1.68378 -0.00312547 -0.00193523 0.00799259 0.999961
10.75 150.025 0.208872 1.67779 -0.00282099 -0.00168176 0.00806252 0.999962
10.8 150.191 0.211072 1.6752 -0.0027996 -0.00142567 0.00815321 0.999962
10.85 150.343 0.213848 1.67313 -0.00311203 -0.00118407 0.00810186 0.999962
10.9 150.48 0.216625 1.66961 -0.0034641 -0.000997282 0.00815089 0.99996
10.95 150.612 0.218318 1.66545 -0.00357229 -0.000923262 0.00823435 0.999959
11 150.718 0.219391 1.65681 -0.00347404 -0.000950554 0.00820755 0.99996
11.05 150.824 0.220228 1.64836 -0.00332103 -0.00150561 0.00829862 0.999959
11.1 150.915 0.221369 1.63832 -0.00346937 -0.0019497 0.00836118 0.999957
11.15 151.001 0.221585 1.63296 -0.00367925 -0.0020859 0.0083271 0.999956
11.2 151.094 0.217626 1.62452 -0.00373915 -0.00197756 0.00838369 0.999956
11.25 151.17 0.21458 1.62001 -0.00347041 -0.00188491 0.00844214 0.999957
11.3 151.239 0.212578 1.61605 -0.00332055 -0.0018081 0.0084544 0.999957
11.35 151.309 0.212591 1.61072 -0.00333807 -0.00186566 0.00843266 0.999957
11.4 151.367 0.213278 1.60678 -0.00350699 -0.00205408 0.00848636 0.999956
11.45 151.422 0.213604 1.59552 -0.00364232 -0.00231084 0.00853881 0.999954
11.5 151.477 0.213895 1.58782 -0.00366092 -0.00248106 0.00847799 0.999954
11.55 151.527 0.217416 1.57841 -0.00363141 -0.00241741 0.0085621 0.999954
11.6 151.572 0.220715 1.57189 -0.00358041 -0.002299 0.00857153 0.999954
11.65 151.617 0.223899 1.56509 -0.00364709 -0.00227785 0.00855149 0.999954
11.7 151.656 0.226688 1.55977 -0.0036661 -0.00221732 0.00859256 0.999954
11.75 151.683 0.229494 1.55329 -0.0036892 -0.00214689 0.00858169 0.999954
11.8 151.71 0.233104 1.54419 -0.00365741 -0.00212198 0.00859729 0.999954
11.85 151.726 0.236333 1.54028 -0.0036594 -0.00206346 0.00860946 0.999954
11.9 151.736 0.237567 1.53419 -0.00366834 -0.00201206 0.00860789 0.999954
11.95 151.74 0.238038 1.52697 -0.00366513 -0.00192006 0.00860524 0.999954
12 151.736 0.240332 1.52121 -0.00366311 -0.00215549 0.00862413 0.999954
12.05 151.735 0.242268 1.51709 -0.00352076 -0.00266763 0.00861345 0.999953
12.1 151.736 0.242644 1.51442 -0.00342858 -0.00298189 0.00861881 0.999953
12.15 151.737 0.243863 1.50821 -0.00338147 -0.00276172 0.00859612 0.999954
12.2 151.736 0.245839 1.50192 -0.00341295 -0.0030002 0.00859558 0.999953
12.25 151.739 0.246342 1.49667 -0.00347852 -0.00340564 0.00860708 0.999951
12.3 151.745 0.246666 1.48964 -0.00348768 -0.00356721 0.008598 0.999951
12.35 151.754 0.246361 1.48395 -0.00353755 -0.00365471 0.00853525 0.999951
12.4 151.767 0.245593 1.47923 -0.00342997 -0.00360047 0.00855502 0.999951
12.45 151.782 0.24548 1.47475 -0.0034408 -0.0035617 0.00855092 0.999951
12.5 151.8 0.245855 1.47121 -0.00344808 -0.00354304 0.00846859 0.999952
12.55 151.821 0.24406 1.46476 -0.00344025 -0.00364048 0.00848303 0.999951
12.6 151.847 0.243735 1.45983 -0.00341575 -0.00370268 0.00847411 0.999951
12.65 151.883 0.24379 1.4494 -0.00341307 -0.00395834 0.00851238 0.99995
12.7 151.923 0.244461 1.44071 -0.0034041 -0.00437304 0.00852654 0.999948
12.75 151.979 0.245309 1.43158 -0.00345314 -0.00485057 0.0085334 0.999946
12.8 152.041 0.246496 1.42714 -0.00348377 -0.00516581 0.00846528 0.999945
12.85 152.116 0.247533 1.42513 -0.00345286 -0.00542735 0.00840085 0.999944
12.9 152.212 0.248946 1.42256 -0.00340611 -0.00557772 0.00827304 0.999944
12.95 152.314 0.25098 1.42031 -0.00332721 -0.00564942 0.00809175 0.999946
13 152.431 0.253205 1.41386 -0.00333168 -0.00583326 0.00798851 0.999946
13.05 152.577 0.255893 1.41073 -0.00327071 -0.00607231 0.00778133 0.999946
13.1 152.726 0.257686 1.40803 -0.00318384 -0.00634809 0.00762736 0.999946
13.15 152.891 0.259658 1.40834 -0.00302456 -0.00668883 0.00737698 0.999946
13.2 153.094 0.261681 1.40989 -0.00298267 -0.00712973 0.00704785 0.999945
13.25 153.299 0.264472 1.41184 -0.00322171 -0.00739907 0.00679922 0.999944
13.3 153.521 0.266508 1.41225 -0.00330876 -0.00758266 0.00657825 0.999944
13.35 153.789 0.268304 1.41159 -0.00319436 -0.00772723 0.0062267 0.999946
13.4 154.052 0.271329 1.41022 -0.00281585 -0.00780211 0.00597957 0.999948
13.45 154.336 0.272999 1.4068 -0.00252807 -0.00791136 0.00575268 0.999949
13.5 154.67 0.27703 1.40638 -0.00268679 -0.00787014 0.00539844 0.999951
13.55 154.993 0.282225 1.40481 -0.00306376 -0.00818832 0.00513854 0.999949
13.6 155.335 0.286854 1.40463 -0.00299332 -0.00865659 0.00487336 0.999946
13.65 155.732 0.288842 1.40489 -0.00272457 -0.00865194 0.00452829 0.999949
13.7 156.114 0.291872 1.40799 -0.00236719 -0.00855131 0.00417705 0.999952
13.75 156.554 0.297952 1.41318 -0.0024451 -0.00848922 0.00382005 0.999954
13.8 156.975 0.304471 1.4187 -0.00248674 -0.0084907 0.00347048 0.999955
13.85 157.413 0.310118 1.42311 -0.00237838 -0.00860576 0.00307384 0.999955
13.9 157.915 0.31612 1.42879 -0.00205524 -0.00895987 0.002659 0.999954
13.95 158.389 0.320027 1.43467 -0.00189694 -0.00869039 0.0022359 0.999958
14 158.878 0.323115 1.4366 -0.0024607 -0.00807947 0.00173601 0.999963
14.05 159.43 0.327665 1.4415 -0.00277355 -0.00746514 0.00120253 0.999968
14.1 159.943 0.331223 1.44415 -0.0026455 -0.00739648 0.000810881 0.999969
14.15 160.471 0.334001 1.44882 -0.00235349 -0.00721535 0.000393761 0.999971
14.2 161.068 0.338281 1.45359 -0.00275128 -0.00694281 -0.000149651 0.999972
14.25 161.628 0.341944 1.45907 -0.00293106 -0.00662777 -0.000649577 0.999974
14.3 162.203 0.343921 1.46617 -0.00259161 -0.00661576 -0.00117976 0.999974
14.35 162.853 0.346749 1.47541 -0.00265337 -0.00676852 -0.00168682 0.999972
14.4 163.46 0.34857 1.48393 -0.00265413 -0.00645826 -0.00221293 0.999973
14.45 164.143 0.350452 1.49267 -0.00223539 -0.00659328 -0.0025855 0.999972
14.5 164.774 0.351416 1.50054 -0.00199394 -0.00694188 -0.00282915 0.99997
14.55 165.416 0.353717 1.50697 -0.00239659 -0.00694241 -0.002994 0.999969
14.6 166.066 0.352558 1.51475 -0.00238624 -0.00715266 -0.00321395 0.999966
14.65 166.791 0.347571 1.52742 -0.00215204 -0.00749314 -0.0033318 0.999964
14.7 167.46 0.343063 1.54037 -0.00180906 -0.00721172 -0.00358524 0.999966
14.75 168.206 0.335884 1.55709 -0.00150807 -0.00650526 -0.00382303 0.99997
14.8 168.889 0.330328 1.57034 -0.00193983 -0.0057796 -0.00393657 0.999974
14.85 169.577 0.324509 1.58407 -0.00184116 -0.00505002 -0.00390392 0.999978
14.9 170.337 0.316716 1.59751 -0.00170295 -0.00453729 -0.00385965 0.999981
14.95 171.034 0.309202 1.60625 -0.00183587 -0.00442154 -0.003785 0.999981
15 171.736 0.300215 1.61572 -0.00191856 -0.0046923 -0.00384163 0.99998
15.05 172.513 0.292528 1.62739 -0.00199366 -0.00487994 -0.0037521 0.999979
15.1 173.226 0.284517 1.63442 -0.00210694 -0.00494923 -0.00375627 0.999978
15.15 173.945 0.277753 1.64262 -0.00185314 -0.0051321 -0.00373741 0.999978
15.2 174.746 0.27171 1.64615 -0.00231653 -0.00517281 -0.00361594 0.999977
15.25 175.477 0.267804 1.65049 -0.00204698 -0.00538958 -0.00344845 0.999977
15.3 176.212 0.260286 1.65635 -0.00143234 -0.00510263 -0.00295038 0.999982
15.35 177.024 0.254979 1.66341 -0.000741849 -0.00467881 -0.00204727 0.999987
15.4 177.762 0.251512 1.67213 0.000140906 -0.00409951 -0.000953478 0.999991
15.45 178.503 0.248959 1.68028 0.000360215 -0.00379962 0.000354007 0.999993
15.5 179.319 0.24732 1.69077 0.000638775 -0.00333001 0.00182877 0.999993
15.55 180.06 0.244984 1.70049 0.00105026 -0.00305464 0.00333039 0.999989
15.6 180.873 0.247395 1.71273 0.00143884 -0.00328049 0.00520215 0.99998
15.65 181.611 0.252096 1.72721 0.00152482 -0.00328286 0.00729363 0.999967
15.7 182.346 0.261601 1.73861 0.00139629 -0.00340049 0.0097298 0.999946
15.75 183.08 0.274422 1.75054 0.00154901 -0.00343527 0.0122328 0.999918
15.8 183.885 0.292254 1.76587 0.00166284 -0.00277694 0.0150377 0.999882
15.85 184.613 0.312557 1.77905 0.00154018 -0.00234518 0.0174915 0.999843
15.9 185.411 0.336353 1.79162 0.00208711 -0.00220527 0.0205214 0.999785
15.95 186.132 0.361721 1.80093 0.00283635 -0.00217568 0.0236325 0.999714
16 186.85 0.391163 1.80925 0.0036448 -0.00253074 0.0268319 0.99963
16.05 187.776 0.436931 1.82127 0.00462954 -0.0032247 0.0310244 0.999503
16.1 188.343 0.469567 1.82918 0.0044167 -0.00352996 0.0334834 0.999423
16.15 189.046 0.514811 1.83928 0.00465161 -0.00394523 0.0364991 0.999315
16.2 189.816 0.567686 1.85164 0.00494951 -0.00413896 0.0398529 0.999185
16.25 190.504 0.62311 1.86763 0.00461145 -0.00344759 0.0424722 0.999081
16.3 191.193 0.678534 1.88361 0.00427038 -0.00275802 0.0450915 0.99897
16.35 191.945 0.742671 1.90185 0.00334092 -0.00137454 0.0476471 0.998858
16.4 192.626 0.804872 1.91619 0.00238766 -0.000351491 0.0497706 0.998758
16.45 193.301 0.868683 1.92882 0.00177192 0.000328064 0.0515797 0.998667
16.5 194.004 0.940404 1.9371 0.000762929 -0.000201049 0.0527942 0.998605
16.55 194.707 1.01212 1.94538 -0.000244664 -0.000732615 0.0540075 0.99854
16.6 195.37 1.08205 1.95185 -0.000874542 -0.00132221 0.0545413 0.99851
16.65 196.096 1.1581 1.96084 -0.00172465 -0.00210507 0.0546911 0.9985
16.7 196.753 1.22544 1.97334 -0.00214655 -0.00252383 0.0545635 0.998505
16.75 197.404 1.29225 1.98686 -0.00251513 -0.00276334 0.0542362 0.998521
16.8 198.078 1.36161 1.99682 -0.00287333 -0.00320657 0.053383 0.998565
16.85 198.753 1.43097 2.00678 -0.00323224 -0.0036492 0.0525294 0.998607
16.9 199.445 1.50402 2.01012 -0.0038525 -0.00453234 0.0511557 0.998673
16.95 200.068 1.56818 2.01585 -0.00465755 -0.00506558 0.0495367 0.998749
17 200.682 1.62958 2.02075 -0.00559328 -0.00502877 0.0477468 0.998831
17.05 201.349 1.69359 2.02945 -0.00674874 -0.00430453 0.0451659 0.998947
17.1 201.945 1.7485 2.03854 -0.00785535 -0.00335618 0.0424164 0.999063
17.15 202.531 1.79787 2.04967 -0.00825401 -0.00237686 0.0392035 0.999194
17.2 203.163 1.84646 2.05933 -0.00826309 -0.00191558 0.0353206 0.99934
17.25 203.725 1.88556 2.06462 -0.00891955 -0.00246923 0.031598 0.999458
17.3 204.272 1.92276 2.06952 -0.00951358 -0.00316887 0.027593 0.999569
17.35 204.856 1.9588 2.07454 -0.00986512 -0.00379167 0.0228948 0.999682
17.4 205.375 1.98331 2.08108 -0.0101537 -0.00433706 0.0185057 0.999768
17.45 205.978 2.0029 2.08512 -0.00964443 -0.00520424 0.0128815 0.999857
17.5 206.416 2.01476 2.08786 -0.010217 -0.00574311 0.00829151 0.999897
17.55 206.887 2.02577 2.09006 -0.0104276 -0.00635338 0.00320585 0.99992
17.6 207.388 2.02858 2.0958 -0.0099648 -0.00704003 -0.002254 0.999923
17.65 207.825 2.01924 2.09757 -0.0087243 -0.00739814 -0.00692597 0.999911
17.7 208.262 2.00991 2.09934 -0.00748548 -0.00776789 -0.0115969 0.999875
17.75 208.725 1.9959 2.10132 -0.00791488 -0.00713922 -0.0167881 0.999802
17.8 209.134 1.98298 2.10781 -0.00894501 -0.00605383 -0.021561 0.999709
17.85 209.535 1.96512 2.11917 -0.00989578 -0.00513037 -0.025685 0.999608
17.9 209.96 1.93883 2.13314 -0.00906417 -0.00433294 -0.030291 0.999491
17.95 210.334 1.90993 2.14435 -0.0069468 -0.00433088 -0.0340897 0.999385
18 210.699 1.8809 2.15452 -0.00557249 -0.00408793 -0.0379335 0.999256
18.05 211.088 1.84956 2.16156 -0.00519326 -0.00441783 -0.0416396 0.999109
18.1 211.429 1.82236 2.16302 -0.00596713 -0.00497426 -0.0446441 0.998973
18.15 211.791 1.79138 2.163 -0.0063606 -0.00600246 -0.0473734 0.998839
18.2 212.109 1.76163 2.16435 -0.00632093 -0.0060426 -0.0494013 0.998741
18.25 212.418 1.73191 2.16669 -0.00577124 -0.00601208 -0.0514695 0.99864
18.3 212.747 1.69847 2.17108 -0.00541774 -0.00553815 -0.0533225 0.998547
18.35 213.037 1.66719 2.17536 -0.00518329 -0.00495328 -0.055142 0.998453
18.4 213.317 1.63656 2.17793 -0.00536801 -0.00498389 -0.0568234 0.998357
18.45 213.612 1.60285 2.17975 -0.0054513 -0.00536853 -0.0584613 0.99826
18.5 213.866 1.56983 2.18503 -0.00506925 -0.00533858 -0.0596971 0.998189
18.55 214.12 1.5368 2.19031 -0.00468699 -0.00530956 -0.0609327 0.998117
18.6 214.379 1.50182 2.19661 -0.00445973 -0.00533797 -0.0620137 0.998051
