0.500000000 -0.044090 0.077909 11.368951 -0.002592 -0.000787 -0.002774 0.999992
0.550000000 -0.044270 0.087241 12.500844 -0.003510 -0.000917 -0.002301 0.999991
0.600000000 -0.056976 0.106189 13.629102 -0.003379 -0.000965 -0.002776 0.999990
0.650000000 -0.061988 0.114741 14.750494 -0.003309 -0.001068 -0.001786 0.999992
0.700000000 -0.057848 0.123897 15.871380 -0.003836 -0.001380 -0.002227 0.999989
0.750000000 -0.058770 0.118885 16.982553 -0.004571 -0.001577 -0.002239 0.999986
0.800000000 -0.071781 0.155423 18.109915 -0.004459 -0.001775 -0.001439 0.999987
0.850000000 -0.071009 0.194534 19.217079 -0.004283 -0.001944 0.000555 0.999989
0.900000000 -0.070944 0.184714 20.326764 -0.004227 -0.002233 -0.000983 0.999988
0.950000000 -0.075581 0.175816 21.435048 -0.002906 -0.002541 -0.001523 0.999991
1.000000000 -0.082885 0.189546 22.538197 -0.001919 -0.002794 -0.000893 0.999994
1.050000000 -0.112020 0.192762 23.649326 -0.002954 -0.002629 -0.002294 0.999990
1.100000000 -0.128993 0.177149 24.769860 -0.004164 -0.002466 -0.003790 0.999981
1.150000000 -0.143967 0.197550 25.895966 -0.004319 -0.002472 -0.004736 0.999976
1.200000000 -0.155704 0.225832 26.983498 -0.004403 -0.002475 -0.005788 0.999970
1.250000000 -0.151891 0.215747 28.072493 -0.003986 -0.002969 -0.006469 0.999967
1.300000000 -0.161393 0.217413 29.173652 -0.002831 -0.003479 -0.008361 0.999955
1.350000000 -0.174668 0.231937 30.253582 -0.002276 -0.003781 -0.009719 0.999943
1.400000000 -0.175962 0.253881 31.358443 -0.003071 -0.004121 -0.012015 0.999915
1.450000000 -0.184217 0.278401 32.463694 -0.003665 -0.004303 -0.012930 0.999900
1.500000000 -0.187073 0.281011 33.567709 -0.003579 -0.004825 -0.014093 0.999883
1.550000000 -0.184770 0.284967 34.662559 -0.003211 -0.005567 -0.013860 0.999883
1.600000000 -0.205008 0.292064 35.772297 -0.003269 -0.006145 -0.013648 0.999883
1.650000000 -0.223746 0.306198 36.884150 -0.003692 -0.006714 -0.013431 0.999880
1.700000000 -0.253971 0.309947 38.030563 -0.003878 -0.006995 -0.013560 0.999876
1.750000000 -0.293185 0.322177 39.171089 -0.003967 -0.006796 -0.013483 0.999878
1.800000000 -0.336105 0.331267 40.311672 -0.004466 -0.005891 -0.014181 0.999872
1.850000000 -0.329267 0.341149 41.404182 -0.005311 -0.005297 -0.014802 0.999862
1.900000000 -0.358265 0.355432 42.514777 -0.005326 -0.004041 -0.014962 0.999866
1.950000000 -0.375235 0.361944 43.636550 -0.005053 -0.002895 -0.014281 0.999881
2.000000000 -0.381011 0.380001 44.780140 -0.004591 -0.001875 -0.013146 0.999901
2.050000000 -0.327294 0.367752 46.050419 -0.005249 -0.001884 -0.012672 0.999904
2.100000000 -0.398156 0.425446 47.116674 -0.004896 0.000570 -0.012434 0.999911
2.150000000 -0.368059 0.433434 48.277688 -0.005042 0.001238 -0.012209 0.999912
2.200000000 -0.371747 0.437023 49.428688 -0.004607 0.002380 -0.012619 0.999907
2.250000000 0.069102 0.309097 48.351643 -0.006280 0.002399 -0.014648 0.999870
2.300000000 -0.355843 0.451033 51.738729 -0.004191 0.003969 -0.012247 0.999908
2.350000000 -0.489011 0.441659 53.018357 -0.005002 0.006548 -0.010307 0.999913
2.400000000 -0.331462 0.496341 54.102742 -0.003765 0.005008 -0.008899 0.999941
2.450000000 -0.308730 0.495781 55.256776 -0.001600 0.005016 -0.008867 0.999947
2.500000000 -0.287200 0.501378 56.441257 0.000031 0.004990 -0.008552 0.999951
2.550000000 -0.267385 0.507403 57.620143 -0.000644 0.005263 -0.009538 0.999940
2.600000000 -0.268343 0.517748 58.831598 -0.002043 0.005857 -0.010247 0.999928
2.650000000 -0.253442 0.525034 60.030582 -0.002310 0.005744 -0.009865 0.999932
2.700000000 -0.236061 0.531186 61.204198 -0.002043 0.005510 -0.009348 0.999939
2.750000000 -0.200682 0.540434 62.405274 -0.001884 0.004875 -0.008230 0.999952
2.800000000 0.110161 0.499229 63.677220 -0.002727 -0.000544 -0.007390 0.999969
2.850000000 -0.146142 0.570477 64.776359 -0.002076 0.003115 -0.007031 0.999968
2.900000000 -0.139024 0.582589 65.961586 -0.001661 0.002119 -0.007436 0.999969
2.950000000 -0.134442 0.593567 67.141421 -0.001314 0.001236 -0.008030 0.999966
3.000000000 -0.124795 0.593255 68.322643 -0.002128 0.000339 -0.009479 0.999953
3.050000000 -0.127711 0.599095 69.531294 -0.003101 -0.000656 -0.010839 0.999936
3.100000000 -0.131792 0.628002 70.761223 -0.002742 -0.001663 -0.012507 0.999917
3.150000000 -0.158208 0.627604 71.976659 -0.001872 -0.002597 -0.013763 0.999900
3.200000000 -0.134338 0.661768 73.190058 -0.000878 -0.004152 -0.014175 0.999891
3.250000000 -0.111063 0.666289 74.390571 -0.000487 -0.005611 -0.015642 0.999862
3.300000000 -0.167401 0.661148 75.641745 -0.000159 -0.006335 -0.016185 0.999849
3.350000000 -0.211548 0.659060 76.861137 0.000044 -0.007020 -0.015666 0.999853
3.400000000 0.355221 0.757625 76.374239 -0.000437 -0.012400 -0.017315 0.999773
3.450000000 -0.249042 0.696198 79.238193 -0.001010 -0.008679 -0.015799 0.999837
3.500000000 -0.287144 0.686192 80.476653 -0.001815 -0.009325 -0.016015 0.999827
3.550000000 -0.315142 0.703603 81.654696 -0.001717 -0.009961 -0.016426 0.999814
3.600000000 -0.351917 0.706066 82.853269 -0.001745 -0.010616 -0.015984 0.999814
3.650000000 -0.356067 0.712679 84.056385 -0.002232 -0.011687 -0.016077 0.999800
3.700000000 -0.371153 0.717195 85.229607 -0.003388 -0.012629 -0.015982 0.999787
3.750000000 -0.384401 0.748064 86.408167 -0.003727 -0.013849 -0.014442 0.999793
3.800000000 -0.405048 0.761206 87.587711 -0.003967 -0.015088 -0.014205 0.999777
3.850000000 -0.439420 0.765449 88.769770 -0.003719 -0.016158 -0.013808 0.999767
3.900000000 -0.477525 0.778600 89.961114 -0.002935 -0.017368 -0.014174 0.999744
3.950000000 -0.530001 0.791585 91.164470 -0.002498 -0.018368 -0.014539 0.999722
4.000000000 -0.591356 0.796762 92.362902 -0.002840 -0.019124 -0.015067 0.999700
4.050000000 -0.648776 0.805109 93.554032 -0.002458 -0.019626 -0.015076 0.999691
4.100000000 -0.710668 0.818893 94.740913 -0.002244 -0.019790 -0.014878 0.999691
4.150000000 -0.777029 0.821662 95.931817 -0.002804 -0.019744 -0.014226 0.999700
4.200000000 -0.816192 0.827222 97.102957 -0.003259 -0.019802 -0.012921 0.999715
4.250000000 -0.872696 0.843117 98.303511 -0.003134 -0.019505 -0.011654 0.999737
4.300000000 -0.905892 0.854139 99.491000 -0.003199 -0.019164 -0.010362 0.999758
4.350000000 -0.942043 0.874682 100.677815 -0.003301 -0.018376 -0.009436 0.999781
4.400000000 -0.985740 0.884831 101.845281 -0.002827 -0.017382 -0.009346 0.999801
4.450000000 -1.039524 0.860180 103.018301 -0.002359 -0.015970 -0.009506 0.999824
4.500000000 -1.056956 0.874936 104.187303 -0.001157 -0.015281 -0.008670 0.999845
4.550000000 -1.137801 0.898821 105.399374 0.000836 -0.013631 -0.008720 0.999869
4.600000000 -1.138809 0.891474 106.552015 0.001389 -0.012936 -0.009118 0.999874
4.650000000 -1.148311 0.894110 107.722192 0.000462 -0.012135 -0.009147 0.999884
4.700000000 -1.196266 0.882734 108.924871 -0.001040 -0.010974 -0.009916 0.999890
4.750000000 -1.229588 0.892716 110.083407 -0.001110 -0.010150 -0.009919 0.999899
4.800000000 -1.259919 0.899717 111.276310 -0.000746 -0.009797 -0.009471 0.999907
4.850000000 -1.286473 0.903203 112.447999 -0.000500 -0.009730 -0.008876 0.999913
4.900000000 -1.301206 0.906111 113.602190 -0.000653 -0.010202 -0.009326 0.999904
4.950000000 -1.312601 0.914182 114.739578 -0.000705 -0.010759 -0.009414 0.999898
5.000000000 -1.337635 0.919208 115.898114 -0.000647 -0.011224 -0.010647 0.999880
5.050000000 -1.381042 0.928528 117.066793 -0.000356 -0.011263 -0.010826 0.999878
5.100000000 -1.429725 0.922369 118.262142 -0.000412 -0.011561 -0.012747 0.999852
5.150000000 -1.491052 0.927860 119.404511 -0.000064 -0.011433 -0.013739 0.999840
5.200000000 -1.528201 0.925844 120.569996 -0.000079 -0.011673 -0.014753 0.999823
5.250000000 -1.564074 0.930120 121.745382 -0.000514 -0.011986 -0.015886 0.999802
5.300000000 -1.603903 0.935432 122.910619 -0.000743 -0.012107 -0.017095 0.999780
5.350000000 -1.634710 0.940454 124.069685 -0.000384 -0.012255 -0.018052 0.999762
5.400000000 -1.675588 0.949490 125.236252 0.000106 -0.012228 -0.019462 0.999736
5.450000000 -1.723591 0.944736 126.395851 0.000564 -0.012081 -0.020618 0.999714
5.500000000 -1.764903 0.932585 127.565190 0.000781 -0.012114 -0.021207 0.999701
5.550000000 -1.790205 0.927361 128.724637 0.000422 -0.012374 -0.021678 0.999688
5.600000000 -1.819480 0.925525 129.900214 -0.000293 -0.012631 -0.022388 0.999670
5.650000000 -1.847761 0.937739 131.074242 -0.000471 -0.012509 -0.023151 0.999654
5.700000000 -1.871930 0.925781 132.227409 -0.000190 -0.012677 -0.023766 0.999637
5.750000000 -1.904368 0.923078 133.372711 0.000110 -0.012533 -0.024399 0.999624
5.800000000 -1.934440 0.926056 134.518942 -0.000216 -0.012340 -0.024498 0.999624
5.850000000 -1.948779 0.927211 135.653790 -0.000833 -0.012257 -0.024518 0.999624
5.900000000 -1.960958 0.939864 136.769490 -0.001662 -0.012101 -0.023738 0.999644
5.950000000 -2.003666 0.960470 137.918975 -0.002508 -0.011669 -0.022368 0.999679
6.000000000 -2.023190 0.954675 139.033094 -0.002522 -0.011601 -0.021540 0.999697
6.050000000 -2.044728 0.960457 140.131666 -0.001644 -0.011710 -0.020931 0.999711
6.100000000 -2.065304 0.974012 141.231675 -0.001335 -0.011627 -0.020286 0.999726
6.150000000 -2.084344 0.976707 142.336053 -0.002108 -0.011316 -0.019414 0.999745
6.200000000 -2.099823 0.977668 143.421656 -0.003069 -0.011408 -0.019828 0.999734
6.250000000 -2.128573 0.980338 144.498044 -0.003138 -0.011506 -0.018876 0.999751
6.300000000 -2.149591 0.987289 145.579526 -0.002697 -0.011887 -0.018493 0.999755
6.350000000 -2.187025 0.999517 146.647234 -0.002807 -0.011500 -0.018924 0.999751
6.400000000 -2.215093 1.002411 147.704152 -0.003336 -0.011382 -0.018284 0.999762
6.450000000 -2.235014 1.001679 148.761756 -0.004118 -0.011177 -0.018752 0.999753
6.500000000 -2.264548 1.002070 149.816400 -0.004179 -0.010846 -0.018293 0.999765
6.550000000 -2.278718 1.026583 150.883822 -0.003473 -0.010813 -0.017319 0.999786
6.600000000 -2.295128 1.036971 151.936053 -0.001917 -0.010702 -0.015550 0.999820
6.650000000 -2.327669 1.041112 152.969067 -0.000126 -0.010358 -0.015054 0.999833
6.700000000 -2.331411 1.048791 154.025102 0.001736 -0.010382 -0.013383 0.999855
6.750000000 -2.338199 1.042046 155.073083 0.002747 -0.010547 -0.013315 0.999852
6.800000000 -2.359349 1.046462 156.123007 0.003379 -0.010204 -0.013326 0.999853
6.850000000 -2.377373 1.043763 157.169208 0.002441 -0.010050 -0.014137 0.999847
6.900000000 -2.395541 1.025790 158.183204 0.000819 -0.009552 -0.014858 0.999844
6.950000000 -2.425370 1.033771 159.209849 0.000471 -0.008980 -0.016374 0.999825
7.000000000 -2.453066 1.025680 160.211953 0.001005 -0.008065 -0.016982 0.999823
7.050000000 -2.350243 0.993982 161.351886 0.001563 -0.009996 -0.017158 0.999802
7.100000000 -2.509031 1.025903 162.218007 0.003296 -0.006125 -0.018074 0.999812
7.150000000 -2.532858 1.020025 163.204361 0.003697 -0.005165 -0.018376 0.999811
7.200000000 -2.545751 1.000823 164.195666 0.003150 -0.004308 -0.018625 0.999812
7.250000000 -2.554613 0.981412 165.131774 0.002012 -0.003324 -0.018440 0.999822
7.300000000 -2.575940 0.978490 166.055185 0.000789 -0.002246 -0.018059 0.999834
7.350000000 -2.581334 0.982071 166.997853 -0.000135 -0.001288 -0.017644 0.999843
7.400000000 -2.609424 0.970630 167.914472 -0.000287 -0.000075 -0.017645 0.999844
7.450000000 -2.616137 0.963271 168.842470 0.000144 0.000873 -0.017653 0.999844
7.500000000 -2.619349 0.946862 169.718145 0.000734 0.001654 -0.018132 0.999834
7.550000000 -2.619766 0.944249 170.551492 0.001629 0.002314 -0.018217 0.999830
7.600000000 -2.587537 0.936400 171.388481 0.002011 0.002287 -0.018629 0.999822
7.650000000 -2.606816 0.927968 172.214035 0.002071 0.003653 -0.019104 0.999809
7.700000000 -2.602497 0.922112 173.034430 0.001390 0.004147 -0.017905 0.999830
7.750000000 -2.604957 0.917113 173.832477 0.000916 0.004697 -0.016783 0.999848
7.800000000 -2.592895 0.914845 174.585094 0.000770 0.005046 -0.016696 0.999848
7.850000000 -1.709950 0.657875 174.449877 -0.001238 -0.003858 -0.016741 0.999852
7.900000000 -2.577741 0.884351 176.110131 0.002494 0.005805 -0.017052 0.999835
7.950000000 -2.568978 0.888071 176.830480 0.003415 0.006317 -0.016010 0.999846
8.000000000 -2.565112 0.885940 177.530490 0.003165 0.007001 -0.016309 0.999837
8.050000000 -2.554345 0.887038 178.207891 0.003005 0.007681 -0.017108 0.999820
8.100000000 -2.541206 0.870101 178.880720 0.002285 0.008320 -0.017114 0.999816
8.150000000 -2.520569 0.868213 179.562499 0.002407 0.008905 -0.017053 0.999812
8.200000000 -2.509944 0.861031 180.201058 0.002977 0.010000 -0.017293 0.999796
8.250000000 -2.492941 0.857040 180.822079 0.004074 0.011345 -0.017322 0.999777
8.300000000 -2.464748 0.845070 181.420139 0.004848 0.012589 -0.016592 0.999771
8.350000000 -2.456020 0.840254 181.993917 0.004854 0.014214 -0.016040 0.999759
8.400000000 -2.422463 0.835641 182.572515 0.004622 0.015618 -0.015785 0.999743
8.450000000 -2.382678 0.817491 183.116694 0.004303 0.016847 -0.016562 0.999712
8.500000000 -2.359383 0.809805 183.647369 0.004158 0.018231 -0.016633 0.999687
8.550000000 -2.571171 0.955097 183.350275 0.005365 0.023927 -0.017645 0.999544
8.600000000 -2.380676 0.805647 184.732490 0.003455 0.021642 -0.016052 0.999631
8.650000000 -2.353099 0.803687 185.222506 0.003410 0.023087 -0.015013 0.999615
8.700000000 -2.322427 0.803611 185.699565 0.002879 0.024006 -0.014674 0.999600
8.750000000 -2.790805 1.107434 186.102109 0.007791 0.031050 -0.016853 0.999345
8.800000000 -2.259921 0.787532 186.647093 0.003809 0.024690 -0.016971 0.999544
8.850000000 -2.240703 0.783730 187.070863 0.004102 0.024583 -0.017629 0.999534
8.900000000 -2.229972 0.772855 187.483243 0.003695 0.024164 -0.017939 0.999540
8.950000000 -2.220387 0.772525 187.877197 0.003611 0.023075 -0.017905 0.999567
9.000000000 -2.203292 0.776291 188.228550 0.003969 0.021608 -0.018622 0.999585
9.050000000 -2.218285 0.773041 188.582218 0.004014 0.020148 -0.019473 0.999599
9.100000000 -2.209747 0.768704 188.919342 0.003016 0.017747 -0.020713 0.999623
9.150000000 -2.194103 0.759677 189.223871 0.001996 0.014634 -0.021966 0.999650
9.200000000 -2.202823 0.755878 189.508441 0.001579 0.011335 -0.022619 0.999679
9.250000000 -2.388698 0.748881 188.094578 0.000152 0.009255 -0.023415 0.999683
9.300000000 -2.184938 0.787981 190.039068 0.001799 0.002489 -0.023715 0.999714
9.350000000 -2.195829 0.787602 190.263672 0.001827 -0.002289 -0.024460 0.999697
9.400000000 -2.208992 0.791368 190.468794 0.001785 -0.007221 -0.025169 0.999656
9.450000000 -2.228718 0.789353 190.684513 0.001632 -0.012051 -0.025962 0.999589
9.500000000 -2.244263 0.790508 190.853394 0.001452 -0.016754 -0.026593 0.999505
9.550000000 -2.265419 0.793550 191.009989 0.001156 -0.021428 -0.027367 0.999395
9.600000000 -2.279206 0.800594 191.164738 0.001694 -0.026879 -0.028170 0.999240
9.650000000 -2.305548 0.800741 191.309678 0.002550 -0.032550 -0.028991 0.999046
9.700000000 -2.329787 0.802329 191.455117 0.002933 -0.038474 -0.029222 0.998828
9.750000000 -2.355602 0.811236 191.599344 0.002658 -0.045068 -0.029531 0.998544
9.800000000 -2.384910 0.811652 191.742527 0.001881 -0.051645 -0.029780 0.998220
9.850000000 -2.422064 0.814145 191.885554 0.001348 -0.058121 -0.030367 0.997847
9.900000000 -2.466175 0.817919 192.025259 0.000840 -0.065023 -0.030869 0.997406
9.950000000 -2.501416 0.820029 192.163988 0.000400 -0.072269 -0.031262 0.996895
10.000000000 -2.548586 0.810772 192.293687 0.000058 -0.079540 -0.031288 0.996341
10.050000000 -2.587962 0.814758 192.437109 0.000378 -0.087876 -0.031267 0.995640
10.100000000 -2.643655 0.808135 192.579552 0.000904 -0.096852 -0.030954 0.994817
10.150000000 -2.695937 0.811194 192.741824 0.001655 -0.107005 -0.030566 0.993787
10.200000000 -2.761172 0.801574 192.914557 0.001724 -0.118202 -0.030192 0.992529
10.250000000 -2.835942 0.805262 193.108079 0.001347 -0.130727 -0.030007 0.990963
10.300000000 -2.928438 0.813551 193.328823 0.000847 -0.144405 -0.030140 0.989059
10.350000000 -3.031635 0.819441 193.556654 0.000272 -0.159593 -0.030464 0.986713
10.400000000 -3.148097 0.823511 193.798059 -0.000684 -0.175891 -0.030586 0.983934
10.450000000 -3.274989 0.832134 194.043855 -0.001683 -0.193223 -0.030283 0.980686
10.500000000 -3.420900 0.843772 194.298438 -0.002813 -0.211329 -0.029610 0.976962
10.550000000 -3.590365 0.856921 194.562456 -0.003834 -0.230337 -0.029065 0.972669
10.600000000 -3.775491 0.869282 194.838864 -0.004618 -0.250321 -0.028705 0.967726
10.650000000 -3.979570 0.886013 195.099706 -0.005661 -0.270757 -0.028671 0.962204
10.700000000 -4.201332 0.903051 195.380336 -0.006951 -0.292085 -0.028883 0.955931
10.750000000 -4.445111 0.921907 195.659922 -0.008024 -0.313670 -0.029181 0.949050
10.800000000 -4.714778 0.945391 195.937507 -0.008994 -0.335246 -0.029786 0.941617
10.850000000 -5.012597 0.971794 196.216186 -0.009684 -0.356546 -0.030714 0.933723
10.900000000 -5.327583 1.001109 196.490535 -0.009936 -0.377460 -0.031217 0.925446
10.950000000 -5.662026 1.030599 196.764591 -0.010734 -0.397525 -0.031171 0.916999
11.000000000 -6.018053 1.058477 197.036779 -0.012627 -0.416679 -0.030545 0.908452
11.050000000 -6.397321 1.089972 197.305015 -0.015103 -0.435096 -0.029837 0.899763
11.100000000 -6.798858 1.121314 197.566315 -0.017504 -0.452953 -0.029365 0.890879
11.150000000 -7.229042 1.160931 197.824148 -0.019205 -0.470742 -0.029414 0.881572
11.200000000 -7.674824 1.199792 198.071715 -0.021774 -0.488808 -0.027914 0.871673
11.250000000 -8.154118 1.247778 198.310624 -0.024456 -0.507305 -0.027822 0.860970
11.300000000 -8.651490 1.282483 198.530114 -0.027653 -0.525517 -0.026507 0.849920
11.350000000 -9.175131 1.328682 198.744274 -0.028853 -0.543233 -0.025897 0.838686
11.400000000 -9.748328 1.381972 198.939565 -0.028008 -0.560130 -0.026259 0.827514
11.450000000 -10.303545 1.435327 199.126248 -0.027525 -0.575730 -0.025546 0.816777
11.500000000 -10.891872 1.490001 199.298890 -0.027368 -0.589340 -0.023774 0.807072
11.550000000 -11.499107 1.541932 199.463027 -0.026621 -0.601604 -0.021611 0.798058
11.600000000 -12.139485 1.604807 199.604455 -0.026039 -0.612889 -0.020784 0.789466
11.650000000 -12.786218 1.659833 199.742630 -0.025052 -0.623498 -0.021280 0.781134
11.700000000 -13.452062 1.710509 199.857565 -0.025083 -0.633895 -0.020781 0.772733
11.750000000 -14.153250 1.767306 199.966151 -0.025849 -0.644420 -0.020834 0.763951
11.800000000 -14.843004 1.817544 200.055778 -0.027104 -0.654263 -0.020903 0.755492
11.850000000 -15.563442 1.865872 200.121887 -0.026998 -0.663232 -0.022613 0.747585
11.900000000 -16.306406 1.926420 200.179196 -0.026606 -0.670983 -0.024418 0.740592
11.950000000 -17.051554 1.984875 200.218597 -0.026529 -0.677711 -0.025475 0.734408
12.000000000 -17.824757 2.037045 200.263394 -0.026117 -0.683324 -0.025986 0.729185
12.050000000 -16.136273 1.943905 200.271381 -0.026406 -0.687479 -0.026069 0.725256
12.100000000 -19.466835 2.200708 200.312398 -0.025486 -0.691223 -0.025714 0.721734
12.150000000 -20.238119 2.249091 200.352323 -0.025547 -0.694004 -0.026204 0.719040
12.200000000 -21.066178 2.323010 200.373731 -0.026220 -0.695984 -0.026331 0.717095
12.250000000 -21.915170 2.398140 200.384961 -0.026671 -0.697494 -0.026471 0.715605
12.300000000 -22.740377 2.459903 200.400801 -0.027858 -0.698969 -0.027049 0.714097
12.350000000 -23.609200 2.528717 200.410003 -0.029454 -0.700285 -0.027374 0.712730
12.400000000 -24.471672 2.596749 200.418958 -0.030294 -0.701594 -0.027467 0.711403
12.450000000 -25.233159 2.643781 200.330372 -0.029745 -0.702011 -0.027067 0.711030
12.500000000 -26.184591 2.749779 200.429360 -0.027931 -0.703402 -0.025466 0.709786
12.550000000 -27.067204 2.828378 200.431746 -0.026073 -0.703639 -0.023966 0.709675
12.600000000 -27.939486 2.890135 200.440991 -0.024997 -0.703707 -0.022755 0.709685
12.650000000 -28.864130 2.963711 200.441227 -0.023790 -0.703460 -0.023224 0.709957
12.700000000 -29.780316 3.033008 200.441008 -0.023511 -0.702828 -0.023664 0.710577
12.750000000 -30.670307 3.107199 200.466779 -0.024291 -0.702329 -0.025174 0.710992
12.800000000 -31.611512 3.180959 200.488934 -0.025484 -0.701597 -0.027278 0.711596
12.850000000 -32.527646 3.254319 200.500320 -0.025862 -0.700902 -0.028717 0.712210
12.900000000 -33.472967 3.336962 200.504854 -0.025807 -0.700093 -0.028395 0.713020
12.950000000 -34.418671 3.408534 200.521310 -0.025691 -0.699576 -0.027727 0.713558
13.000000000 -35.382019 3.483314 200.548694 -0.026244 -0.698832 -0.026713 0.714305
13.050000000 -36.320445 3.562536 200.572121 -0.026494 -0.698224 -0.026781 0.714887
13.100000000 -37.260814 3.642651 200.593438 -0.026852 -0.697607 -0.026811 0.715476
13.150000000 -38.233288 3.728972 200.626028 -0.026638 -0.696977 -0.026797 0.716098
13.200000000 -39.198574 3.794051 200.654141 -0.026853 -0.696390 -0.025834 0.716696
13.250000000 -40.176199 3.860623 200.675925 -0.026281 -0.695709 -0.025697 0.717382
13.300000000 -41.168445 3.930282 200.706433 -0.026296 -0.695148 -0.025806 0.717922
13.350000000 -42.159631 4.012515 200.727328 -0.026688 -0.694386 -0.026554 0.718617
13.400000000 -43.157139 4.086333 200.768367 -0.026859 -0.693767 -0.027572 0.719170
13.450000000 -44.167621 4.152242 200.824143 -0.026538 -0.693421 -0.028489 0.719480
13.500000000 -45.188274 4.231732 200.855196 -0.026078 -0.692906 -0.028418 0.719995
13.550000000 -46.194878 4.388877 201.213270 -0.024647 -0.696614 -0.027635 0.716490
13.600000000 -47.316066 4.432900 200.879594 -0.025207 -0.691468 -0.029540 0.721362
13.650000000 -48.358803 4.521464 200.903385 -0.025037 -0.690776 -0.031546 0.721947
13.700000000 -49.418414 4.621602 200.946479 -0.024856 -0.689912 -0.032593 0.722732
13.750000000 -50.438398 4.701777 201.032642 -0.025508 -0.689185 -0.032250 0.723418
13.800000000 -51.508655 4.801103 201.059574 -0.025576 -0.687804 -0.031803 0.724748
13.850000000 -52.541929 4.887586 201.112044 -0.026018 -0.686840 -0.031475 0.725660
13.900000000 -53.594483 4.978206 201.180527 -0.026084 -0.685899 -0.030306 0.726597
13.950000000 -54.643518 5.061584 201.218567 -0.024921 -0.684922 -0.029477 0.727593
14.000000000 -55.694825 5.136790 201.274053 -0.021739 -0.684027 -0.029147 0.728550
14.050000000 -56.744440 5.216990 201.336189 -0.018924 -0.683139 -0.029253 0.729457
14.100000000 -57.782639 5.285931 201.398569 -0.020386 -0.681808 -0.029261 0.730662
14.150000000 -58.829353 5.366658 201.473718 -0.023152 -0.680688 -0.031603 0.731525
14.200000000 -59.881703 5.453803 201.559204 -0.028095 -0.679478 -0.032543 0.732435
14.250000000 -60.917945 5.541053 201.640441 -0.030235 -0.678697 -0.032569 0.733072
14.300000000 -61.946660 5.625396 201.729388 -0.030815 -0.677657 -0.030542 0.734097
14.350000000 -62.985243 5.717471 201.813155 -0.029368 -0.676576 -0.029458 0.735197
14.400000000 -64.059810 5.817267 201.884982 -0.027435 -0.675438 -0.029945 0.736297
14.450000000 -65.097278 5.907612 201.989611 -0.025959 -0.674680 -0.028844 0.737089
14.500000000 -66.109905 5.989047 202.091355 -0.024108 -0.674072 -0.027104 0.737775
14.550000000 -67.174095 6.074713 202.181642 -0.022218 -0.673117 -0.025299 0.738769
14.600000000 -68.222975 6.133813 202.288642 -0.021346 -0.672359 -0.025265 0.739485
14.650000000 -69.322334 6.214397 202.396403 -0.021671 -0.671334 -0.026326 0.740370
14.700000000 -70.381134 6.293862 202.502782 -0.022320 -0.670320 -0.027548 0.741225
14.750000000 -71.458153 6.377065 202.623640 -0.023416 -0.669378 -0.027172 0.742055
14.800000000 -72.503010 6.460427 202.729051 -0.023984 -0.668486 -0.026895 0.742851
14.850000000 -73.597725 6.538514 202.822289 -0.025081 -0.667355 -0.026573 0.743843
14.900000000 -74.671099 6.616771 202.931176 -0.025747 -0.666481 -0.027217 0.744580
14.950000000 -75.781125 6.710838 203.014267 -0.025932 -0.665091 -0.027574 0.745802
15.000000000 -76.854803 6.788792 203.131092 -0.025585 -0.664138 -0.028388 0.746632
15.050000000 -77.961605 6.894637 203.245000 -0.025308 -0.663010 -0.028333 0.747646
15.100000000 -79.034203 6.982851 203.380202 -0.024464 -0.662266 -0.029166 0.748301
15.150000000 -80.125272 7.090285 203.539049 -0.024020 -0.661420 -0.029110 0.749065
15.200000000 -81.217341 7.186500 203.654074 -0.023545 -0.660355 -0.028835 0.750030
15.250000000 -82.284675 7.244530 203.814584 -0.023026 -0.659376 -0.029426 0.750884
15.300000000 -83.396113 7.345984 203.940130 -0.023162 -0.658398 -0.028677 0.751767
15.350000000 -84.428289 7.409812 204.120050 -0.023771 -0.657848 -0.028723 0.752227
15.400000000 -85.530105 7.518525 204.239118 -0.024097 -0.656830 -0.028060 0.753131
15.450000000 -86.579890 7.601735 204.373543 -0.024462 -0.655906 -0.027709 0.753937
15.500000000 -87.673980 7.687253 204.517677 -0.025465 -0.655068 -0.027791 0.754629
15.550000000 -88.738306 7.766448 204.666721 -0.025959 -0.654379 -0.027795 0.755209
15.600000000 -89.801159 7.851743 204.797368 -0.025524 -0.653448 -0.027739 0.756033
15.650000000 -90.838260 7.928632 204.946300 -0.024709 -0.652636 -0.027725 0.756761
15.700000000 -91.892225 7.993402 205.088117 -0.023676 -0.651963 -0.028341 0.757351
15.750000000 -92.921845 8.063033 205.220361 -0.022877 -0.650904 -0.028789 0.758269
15.800000000 -93.951114 8.128310 205.363200 -0.022118 -0.650104 -0.028931 0.758972
15.850000000 -94.987806 8.194601 205.508430 -0.021516 -0.649112 -0.029540 0.759814
15.900000000 -96.034791 8.268233 205.664711 -0.022243 -0.648247 -0.030178 0.760506
15.950000000 -97.073422 8.365592 205.822608 -0.023263 -0.647310 -0.029598 0.761297
16.000000000 -98.075047 8.442036 205.995166 -0.023924 -0.646551 -0.029338 0.761931
16.050000000 -99.092712 8.530142 206.163211 -0.023985 -0.645762 -0.028496 0.762630
16.100000000 -100.100059 8.590980 206.327123 -0.024420 -0.644964 -0.028504 0.763291
16.150000000 -101.110367 8.654440 206.495143 -0.024448 -0.644108 -0.028782 0.764002
16.200000000 -102.115782 8.739965 206.662125 -0.023847 -0.643432 -0.029750 0.764553
16.250000000 -103.117351 8.835381 206.836950 -0.023262 -0.642713 -0.030250 0.765156
16.300000000 -104.105464 8.907670 207.027700 -0.023019 -0.642218 -0.030755 0.765559
16.350000000 -105.109369 8.996604 207.161378 -0.023070 -0.640738 -0.030981 0.766787
16.400000000 -106.100738 9.067116 207.340872 -0.023343 -0.639804 -0.031416 0.767541
16.450000000 -107.092837 9.155057 207.533730 -0.024467 -0.639030 -0.030890 0.768172
16.500000000 -108.068309 9.212967 207.719506 -0.024836 -0.638269 -0.030944 0.768790
16.550000000 -109.032434 9.279833 207.915180 -0.025178 -0.637426 -0.029999 0.769515
16.600000000 -109.996441 9.341359 208.091629 -0.025515 -0.636188 -0.029005 0.770567
16.650000000 -110.966473 9.409683 208.266368 -0.024420 -0.634594 -0.028929 0.771918
16.700000000 -111.909394 9.486817 208.457782 -0.024737 -0.632752 -0.028527 0.773433
16.750000000 -112.879062 9.565717 208.655305 -0.025012 -0.630789 -0.027821 0.775052
16.800000000 -113.811354 9.638571 208.853509 -0.024622 -0.628899 -0.027361 0.776615
16.850000000 -114.750801 9.705776 209.039612 -0.024038 -0.626698 -0.026366 0.778445
16.900000000 -115.685583 9.781472 209.257677 -0.023391 -0.624791 -0.026705 0.779985
16.950000000 -116.608474 9.860533 209.468739 -0.024084 -0.622631 -0.026941 0.781681
17.000000000 -117.534308 9.933458 209.690879 -0.024557 -0.620811 -0.027882 0.783080
17.050000000 -118.446434 10.001234 209.914295 -0.025496 -0.619086 -0.027822 0.784416
17.100000000 -119.348906 10.053520 210.129385 -0.026141 -0.617585 -0.027149 0.785600
17.150000000 -120.244268 10.115391 210.349751 -0.026154 -0.616204 -0.025657 0.786734
17.200000000 -121.141395 10.189586 210.561778 -0.024690 -0.614962 -0.024873 0.787778
17.250000000 -122.053110 10.281042 210.741092 -0.023150 -0.613640 -0.024284 0.788873
17.300000000 -122.915869 10.326904 210.977505 -0.022982 -0.612945 -0.024404 0.789414
17.350000000 -123.753554 10.374643 211.203493 -0.022569 -0.612380 -0.025740 0.789822
17.400000000 -124.570967 10.418197 211.422399 -0.023350 -0.611697 -0.026320 0.790309
17.450000000 -125.410559 10.466651 211.653201 -0.023601 -0.611314 -0.027092 0.790572
17.500000000 -126.251983 10.535940 211.881190 -0.023825 -0.610818 -0.026824 0.790958
17.550000000 -127.047679 10.580757 212.098934 -0.024348 -0.610687 -0.026663 0.791048
17.600000000 -127.888233 10.641978 212.313037 -0.024400 -0.610972 -0.026375 0.790837
17.650000000 -128.662017 10.711325 212.497589 -0.024673 -0.611348 -0.026160 0.790544
17.700000000 -129.411407 10.761944 212.711948 -0.024833 -0.612037 -0.025660 0.790023
17.750000000 -130.194925 10.809530 212.921091 -0.024775 -0.612504 -0.025463 0.789669
17.800000000 -130.925001 10.864550 213.104142 -0.024333 -0.612962 -0.025724 0.789319
17.850000000 -131.667473 10.918529 213.300838 -0.023902 -0.613588 -0.025846 0.788841
17.900000000 -132.434431 10.961208 213.512032 -0.023847 -0.614372 -0.025758 0.788235
17.950000000 -133.103858 11.018980 213.663412 -0.023129 -0.614946 -0.025766 0.787809
18.000000000 -133.787318 11.070129 213.834520 -0.023059 -0.615953 -0.024694 0.787058
18.050000000 -134.496416 11.122559 214.025049 -0.023025 -0.617631 -0.023419 0.785782
18.100000000 -135.168340 11.171793 214.207470 -0.023664 -0.619450 -0.022911 0.784345
18.150000000 -135.804719 11.218028 214.349679 -0.024359 -0.620891 -0.023270 0.783173
18.200000000 -136.437358 11.271891 214.496507 -0.024475 -0.622361 -0.024042 0.781978
18.250000000 -137.056583 11.312897 214.650362 -0.025722 -0.623757 -0.024283 0.780818
18.300000000 -137.690365 11.359691 214.778581 -0.026226 -0.624987 -0.023391 0.779844
18.350000000 -138.313269 11.412465 214.915518 -0.026524 -0.626251 -0.023196 0.778825
18.400000000 -138.892873 11.444771 215.060194 -0.026458 -0.627583 -0.023495 0.777745
18.450000000 -139.460664 11.488197 215.229159 -0.026149 -0.629182 -0.023845 0.776452
18.500000000 -140.002602 11.513051 215.332163 -0.026542 -0.630256 -0.023915 0.775565
18.550000000 -140.570662 11.554940 215.371683 -0.026387 -0.630595 -0.024128 0.775288
18.600000000 -141.153542 11.608905 215.507805 -0.026791 -0.631969 -0.023466 0.774175
18.650000000 -141.664043 11.654921 215.598516 -0.026774 -0.632566 -0.023628 0.773683
18.700000000 -142.179911 11.714419 215.695685 -0.026250 -0.632872 -0.023773 0.773446
18.750000000 -142.659201 11.741773 215.790763 -0.025551 -0.632643 -0.024223 0.773643
18.800000000 -143.095399 11.770859 215.876959 -0.024883 -0.631963 -0.024503 0.774211
18.850000000 -141.751585 11.474534 216.040249 -0.027958 -0.632959 -0.026948 0.773211
18.900000000 -143.872810 11.904566 216.554242 -0.024451 -0.633567 -0.022383 0.772978
18.950000000 -144.312905 11.796766 215.974487 -0.026313 -0.626328 -0.022235 0.778798
19.000000000 -144.653207 11.817608 216.036362 -0.026730 -0.624561 -0.022371 0.780198
19.050000000 -144.995266 11.940375 216.247928 -0.026074 -0.624292 -0.022210 0.780440
19.100000000 -145.291790 11.967972 216.309699 -0.026199 -0.623025 -0.022636 0.781435
19.150000000 -145.561790 11.980617 216.386151 -0.026882 -0.621836 -0.021747 0.782384
19.200000000 -145.813404 11.999901 216.447042 -0.027485 -0.620620 -0.021101 0.783345
19.250000000 -146.039635 12.017160 216.497544 -0.027625 -0.619728 -0.021453 0.784037
19.300000000 -146.298065 11.991368 216.729619 -0.027619 -0.620509 -0.022442 0.783392
19.350000000 -146.538313 12.050192 216.591019 -0.026702 -0.617778 -0.023191 0.785557
19.400000000 -146.717678 12.063200 216.630827 -0.026105 -0.617071 -0.023816 0.786114
19.450000000 -146.875848 12.072559 216.671717 -0.025653 -0.616304 -0.022831 0.786759
19.500000000 -147.015259 12.082800 216.708752 -0.026029 -0.615549 -0.021421 0.787377
19.550000000 -147.146271 12.090429 216.749075 -0.026705 -0.615073 -0.020954 0.787739
19.600000000 -147.248018 12.091399 216.787636 -0.026725 -0.614729 -0.021752 0.787985
19.650000000 -147.339110 12.086220 216.823654 -0.026162 -0.614403 -0.022227 0.788245
19.700000000 -147.419001 12.078140 216.902411 -0.025983 -0.614609 -0.021762 0.788103
19.750000000 -147.517756 12.095117 216.879817 -0.025749 -0.613735 -0.021192 0.788808
19.800000000 -147.599379 12.102613 216.900548 -0.025687 -0.613405 -0.021018 0.789071
19.850000000 -147.670426 12.107781 216.920560 -0.025376 -0.613134 -0.020800 0.789297
19.900000000 -147.735190 12.112561 216.940197 -0.025283 -0.612857 -0.020510 0.789523
19.950000000 -147.791845 12.116852 216.956585 -0.025400 -0.612621 -0.020479 0.789703
20.000000000 -147.840957 12.123125 216.968220 -0.025318 -0.612451 -0.020630 0.789834
20.050000000 -147.880742 12.124400 216.978110 -0.025289 -0.612301 -0.020794 0.789946
20.100000000 -147.911492 12.127495 216.986775 -0.025468 -0.612197 -0.020726 0.790023
20.150000000 -147.928608 12.128313 216.991974 -0.025726 -0.612151 -0.020586 0.790054
20.200000000 -147.933145 12.128177 216.993430 -0.025854 -0.612127 -0.020516 0.790070
20.250000000 -147.926659 12.127007 216.991553 -0.025731 -0.612128 -0.020604 0.790071
20.300000000 -147.919336 12.125105 216.988561 -0.025008 -0.612156 -0.020456 0.790076
20.350000000 -147.918707 12.123609 216.987760 -0.024270 -0.612163 -0.019957 0.790107
20.400000000 -147.919500 12.123802 216.989011 -0.024356 -0.612176 -0.019893 0.790096
20.450000000 -147.919038 12.124331 216.989334 -0.024630 -0.612173 -0.019923 0.790089
20.500000000 -147.916544 12.125660 216.989738 -0.024480 -0.612176 -0.019782 0.790095
20.550000000 -147.917673 12.123721 216.989278 -0.024571 -0.612171 -0.019943 0.790092
20.600000000 -147.920157 12.122583 216.991478 -0.024618 -0.612189 -0.020066 0.790074
20.650000000 -147.918241 12.122719 216.991186 -0.024516 -0.612182 -0.019942 0.790085
20.700000000 -147.919600 12.120149 216.990209 -0.024621 -0.612176 -0.020048 0.790084
20.750000000 -147.921614 12.118492 216.991202 -0.024635 -0.612188 -0.020063 0.790073
20.800000000 -147.923454 12.117715 216.993781 -0.024608 -0.612208 -0.020053 0.790059
20.850000000 -147.925331 12.118523 216.995075 -0.024642 -0.612226 -0.020001 0.790045
20.900000000 -147.925363 12.118467 216.994353 -0.024650 -0.612215 -0.020024 0.790053
20.950000000 -147.923777 12.118819 216.993444 -0.024638 -0.612207 -0.020019 0.790060
21.000000000 -147.923890 12.119389 216.992949 -0.024626 -0.612207 -0.019988 0.790061
21.050000000 -147.922539 12.119269 216.993268 -0.024655 -0.612213 -0.019968 0.790056
21.100000000 -147.922113 12.119958 216.992642 -0.024640 -0.612198 -0.019973 0.790068
21.150000000 -147.922558 12.120447 216.992040 -0.024641 -0.612206 -0.019976 0.790062
21.200000000 -147.929259 12.119602 216.993692 -0.024650 -0.612198 -0.019968 0.790068
21.250000000 -147.929814 12.119777 216.993997 -0.024664 -0.612205 -0.019980 0.790062
21.300000000 -147.929988 12.119447 216.994478 -0.024682 -0.612209 -0.019956 0.790059
21.350000000 -147.930172 12.118711 216.995096 -0.024662 -0.612214 -0.019997 0.790055
21.400000000 -147.930029 12.118405 216.996419 -0.024676 -0.612235 -0.020012 0.790037
21.450000000 -147.930240 12.117400 216.996436 -0.024704 -0.612226 -0.020004 0.790044
21.500000000 -147.929008 12.117435 216.996578 -0.024688 -0.612226 -0.020014 0.790044
21.550000000 -147.929702 12.117656 216.996242 -0.024679 -0.612225 -0.020037 0.790044
21.600000000 -147.930947 12.117655 216.996500 -0.024675 -0.612226 -0.020031 0.790044
21.650000000 -147.930895 12.117802 216.996839 -0.024683 -0.612230 -0.020031 0.790041
21.700000000 -147.930426 12.117818 216.996774 -0.024673 -0.612226 -0.020023 0.790044
21.750000000 -147.930752 12.117829 216.996846 -0.024675 -0.612222 -0.020017 0.790047
21.800000000 -147.931118 12.118110 216.996996 -0.024677 -0.612225 -0.020052 0.790044
21.850000000 -147.930538 12.118045 216.997086 -0.024672 -0.612228 -0.020005 0.790043
21.900000000 -147.931176 12.118159 216.997090 -0.024677 -0.612229 -0.020030 0.790041
21.950000000 -147.930710 12.118112 216.996849 -0.024674 -0.612225 -0.020028 0.790045
22.000000000 -147.930593 12.118132 216.996725 -0.024668 -0.612227 -0.020027 0.790043
22.050000000 -147.930615 12.118145 216.996712 -0.024681 -0.612231 -0.020023 0.790040
22.100000000 -147.930383 12.118118 216.996543 -0.024671 -0.612226 -0.020010 0.790044
22.150000000 -147.930639 12.118018 216.996665 -0.024692 -0.612237 -0.020023 0.790035
22.200000000 -147.931087 12.117988 216.996927 -0.024684 -0.612235 -0.020003 0.790037
22.250000000 -147.930921 12.117679 216.997365 -0.024684 -0.612250 -0.020012 0.790025
