0.500000000 0.229873 0.014957 12.707472 0.002230 0.018407 -0.002610 0.999825
0.550000000 0.276197 0.020113 13.927226 0.004247 0.019529 -0.002322 0.999798
0.600000000 0.347858 -0.009380 15.223331 0.003934 0.020538 -0.000846 0.999781
0.650000000 0.412051 -0.018323 16.527415 0.003153 0.021399 -0.000298 0.999766
0.700000000 0.480429 -0.020467 17.764413 0.001991 0.022484 0.001110 0.999745
0.750000000 0.539191 -0.017877 19.020176 0.000947 0.023858 0.000937 0.999714
0.800000000 0.602729 -0.020305 20.284116 0.001118 0.025797 0.001785 0.999665
0.850000000 0.663261 -0.014274 21.559773 0.001925 0.027931 0.001099 0.999607
0.900000000 0.730276 -0.018395 22.838757 0.002350 0.029813 0.000936 0.999552
0.950000000 0.805768 -0.013100 24.103310 0.001070 0.031708 0.001415 0.999496
1.000000000 0.866537 -0.024949 25.380773 0.000146 0.033935 0.001814 0.999422
1.050000000 0.957359 -0.014091 26.638747 0.000260 0.035378 0.002103 0.999372
1.100000000 1.038408 -0.009514 27.918832 0.001713 0.036617 0.002549 0.999325
1.150000000 1.127079 -0.006108 29.180438 0.002001 0.037238 0.002669 0.999301
1.200000000 1.224693 -0.010085 30.426712 0.002464 0.037640 0.002192 0.999286
1.250000000 1.297744 -0.010761 31.673332 0.003309 0.038079 0.000576 0.999269
1.300000000 1.392308 -0.027353 32.894525 0.005148 0.038552 0.000747 0.999243
1.350000000 1.494313 -0.034546 34.108607 0.004742 0.039022 0.002259 0.999225
1.400000000 1.585600 -0.049532 35.340774 0.002795 0.039442 0.001675 0.999217
1.450000000 1.691426 -0.066417 36.573580 0.000983 0.039771 0.003223 0.999203
1.500000000 1.789173 -0.056407 37.812071 0.000598 0.040345 0.004294 0.999176
1.550000000 1.889918 -0.053093 39.041518 0.000603 0.041185 0.003787 0.999144
1.600000000 1.990145 -0.056324 40.278511 0.000227 0.041373 0.002445 0.999141
1.650000000 2.085767 -0.063822 41.494825 0.000884 0.041871 0.002360 0.999120
1.700000000 2.171267 -0.064479 42.661736 0.001257 0.042636 0.001767 0.999088
1.750000000 2.277691 -0.057640 43.883809 0.000937 0.043455 0.001576 0.999054
1.800000000 2.380936 -0.063840 45.119300 -0.000098 0.044603 0.000928 0.999004
1.850000000 2.482522 -0.065930 46.358564 -0.000193 0.046144 0.000941 0.998934
1.900000000 2.574747 -0.091951 47.560442 0.000259 0.047808 0.000576 0.998856
1.950000000 2.681817 -0.072109 48.766377 0.000524 0.049455 0.000544 0.998776
2.000000000 2.765914 -0.069117 49.968795 0.000159 0.051207 0.000055 0.998688
2.050000000 2.896058 -0.087502 51.184434 0.000002 0.052826 -0.000380 0.998604
2.100000000 3.326231 -0.087044 52.244389 0.000581 0.051089 -0.001529 0.998693
2.150000000 3.164592 -0.104450 53.589675 0.000443 0.055925 -0.001240 0.998434
2.200000000 3.303318 -0.104757 54.782126 0.000671 0.057472 -0.000861 0.998347
2.250000000 3.410358 -0.100016 56.005596 0.001655 0.059017 -0.000547 0.998255
2.300000000 3.543439 -0.101176 57.183062 0.002915 0.060589 -0.000501 0.998158
2.350000000 3.687239 -0.121917 58.370247 0.002965 0.062313 -0.000592 0.998052
2.400000000 3.839958 -0.117057 59.572239 0.002264 0.063848 -0.001289 0.997956
2.450000000 3.974745 -0.115897 60.801043 0.002731 0.066067 -0.000915 0.997811
2.500000000 4.129133 -0.117790 61.980515 0.002077 0.067981 -0.001118 0.997684
2.550000000 4.291723 -0.120663 63.164878 0.001445 0.070013 -0.001755 0.997543
2.600000000 4.464132 -0.113982 64.346193 0.001571 0.072513 -0.001193 0.997366
2.650000000 4.647315 -0.111567 65.551838 0.001905 0.074771 -0.002379 0.997196
2.700000000 4.822174 -0.109933 66.720418 0.001844 0.077566 -0.001908 0.996984
2.750000000 5.013089 -0.127794 67.908707 0.001641 0.080143 -0.001476 0.996781
2.800000000 5.193622 -0.125733 69.035733 0.001375 0.082745 -0.001627 0.996569
2.850000000 5.385963 -0.121761 70.215774 0.001729 0.085350 -0.001344 0.996349
2.900000000 5.575741 -0.122251 71.292331 0.002892 0.088218 -0.000492 0.996097
2.950000000 5.763615 -0.106896 72.429336 0.003209 0.091222 -0.001643 0.995824
3.000000000 5.977868 -0.110146 73.553191 0.002552 0.093939 -0.001714 0.995573
3.050000000 6.181024 -0.130599 74.628154 0.001714 0.096684 -0.001896 0.995312
3.100000000 6.394936 -0.136262 75.714842 0.000828 0.099562 -0.002251 0.995028
3.150000000 6.621753 -0.135439 76.795001 0.000742 0.101940 -0.001353 0.994789
3.200000000 6.827461 -0.159704 77.843036 0.000723 0.104084 -0.000643 0.994568
3.250000000 7.058575 -0.163748 78.945104 0.002051 0.105852 -0.000200 0.994380
3.300000000 7.278693 -0.174950 79.947115 0.002786 0.107474 0.000919 0.994204
3.350000000 7.509396 -0.172302 80.947855 0.002270 0.108899 0.001701 0.994049
3.400000000 7.756794 -0.176125 81.992481 0.000974 0.110154 0.002433 0.993911
3.450000000 7.926918 -0.198856 82.955759 0.000073 0.111725 0.002548 0.993736
3.500000000 8.153488 -0.214562 83.940354 0.000173 0.112736 0.003112 0.993620
3.550000000 8.390083 -0.224510 84.948995 0.000890 0.113555 0.003286 0.993526
3.600000000 8.587606 -0.222573 85.855994 0.001870 0.114454 0.003409 0.993421
3.650000000 8.787651 -0.219181 86.750262 0.003173 0.115180 0.003725 0.993333
3.700000000 8.986387 -0.226037 87.688156 0.004169 0.115860 0.004406 0.993247
3.750000000 9.194374 -0.232404 88.594702 0.004599 0.116534 0.005113 0.993163
3.800000000 9.408739 -0.243146 89.511664 0.003291 0.117302 0.004860 0.993079
3.850000000 9.623596 -0.239016 90.437443 0.001644 0.118045 0.003843 0.992999
3.900000000 9.830527 -0.239025 91.319543 0.000892 0.118946 0.003330 0.992895
3.950000000 10.023797 -0.237710 92.150327 0.001684 0.119909 0.002271 0.992781
4.000000000 10.214453 -0.226462 92.986753 0.002768 0.120956 0.001858 0.992652
4.050000000 10.418913 -0.237002 93.814510 0.003182 0.121874 0.001317 0.992540
4.100000000 10.617602 -0.246962 94.635499 0.003199 0.122713 0.000910 0.992437
4.150000000 10.818499 -0.257341 95.404539 0.003278 0.123410 0.000638 0.992350
4.200000000 11.023612 -0.268640 96.203957 0.003357 0.124159 0.001506 0.992256
4.250000000 11.213904 -0.274807 96.976104 0.003323 0.124918 0.001430 0.992160
4.300000000 11.402612 -0.285681 97.713790 0.003261 0.125650 0.001201 0.992069
4.350000000 11.579577 -0.301772 98.445881 0.003059 0.126458 0.001597 0.991966
4.400000000 11.755934 -0.306542 99.175539 0.003012 0.127248 0.001676 0.991865
4.450000000 11.931505 -0.310993 99.835966 0.002918 0.128099 0.002027 0.991755
4.500000000 12.123545 -0.317296 100.506301 0.002814 0.128778 0.002059 0.991667
4.550000000 12.303665 -0.322053 101.193635 0.003012 0.129490 0.002002 0.991574
4.600000000 12.481817 -0.324673 101.854961 0.003075 0.130369 0.001820 0.991459
4.650000000 12.650714 -0.340263 102.478145 0.002959 0.131194 0.001298 0.991351
4.700000000 12.810386 -0.344636 103.081094 0.002738 0.132003 0.001131 0.991245
4.750000000 12.961512 -0.350759 103.663524 0.002869 0.133061 0.001086 0.991103
4.800000000 13.122341 -0.364233 104.174946 0.002918 0.133958 0.001063 0.990982
4.850000000 13.278052 -0.374827 104.691133 0.002664 0.134767 0.001081 0.990873
4.900000000 13.414807 -0.378696 105.195896 0.002729 0.135670 0.001041 0.990750
4.950000000 13.553839 -0.383930 105.700911 0.002779 0.136503 0.000889 0.990635
5.000000000 13.687147 -0.392306 106.151501 0.003162 0.137200 0.000368 0.990538
5.050000000 13.822297 -0.401062 106.601209 0.003196 0.137764 -0.000138 0.990460
5.100000000 13.962404 -0.408072 107.078776 0.003161 0.138424 -0.000150 0.990368
5.150000000 14.089330 -0.426176 107.529205 0.002976 0.139059 0.000010 0.990280
5.200000000 14.203514 -0.423250 107.935784 0.002989 0.139839 0.000205 0.990170
5.250000000 14.340132 -0.430587 108.326306 0.002901 0.140052 0.000232 0.990140
5.300000000 14.459653 -0.427444 108.732790 0.002771 0.140255 0.000375 0.990111
5.350000000 14.556523 -0.424122 109.105446 0.002709 0.140390 0.000138 0.990093
5.400000000 14.650605 -0.430547 109.466780 0.002493 0.140424 -0.000209 0.990088
5.450000000 14.727893 -0.426283 109.768051 0.002742 0.140491 -0.001054 0.990078
5.500000000 14.831095 -0.430602 110.100862 0.002920 0.140367 -0.001093 0.990095
5.550000000 14.923912 -0.437920 110.421987 0.002800 0.140228 -0.000900 0.990115
5.600000000 15.015422 -0.442782 110.726557 0.002843 0.140156 -0.000736 0.990125
5.650000000 15.094429 -0.446091 110.998456 0.002909 0.140257 -0.000755 0.990111
5.700000000 15.170444 -0.448774 111.262723 0.002935 0.140293 -0.000360 0.990106
5.750000000 15.244503 -0.451621 111.522901 0.002982 0.140300 -0.000405 0.990104
5.800000000 15.317781 -0.458008 111.721338 0.003046 0.140063 -0.000195 0.990138
5.850000000 15.383455 -0.460419 111.947133 0.002783 0.140045 -0.000138 0.990141
5.900000000 15.440443 -0.460352 112.176031 0.002795 0.140216 -0.000402 0.990117
5.950000000 15.495226 -0.460358 112.382999 0.002653 0.140275 -0.000870 0.990109
6.000000000 15.546983 -0.462063 112.572294 0.002483 0.140375 -0.000819 0.990095
6.050000000 15.600717 -0.463867 112.756622 0.002521 0.140399 -0.000631 0.990092
6.100000000 15.648751 -0.464065 112.926421 0.002574 0.140415 -0.000363 0.990089
6.150000000 15.693537 -0.463895 113.089455 0.002593 0.140466 -0.000063 0.990082
6.200000000 15.720062 -0.463075 113.233197 0.002858 0.140782 0.000094 0.990036
6.250000000 15.776857 -0.468576 113.348992 0.002714 0.140392 0.000548 0.990092
6.300000000 15.817047 -0.467856 113.484089 0.002559 0.140427 0.000467 0.990088
6.350000000 15.853136 -0.470744 113.604150 0.002764 0.140394 0.000735 0.990092
6.400000000 15.890586 -0.471759 113.726973 0.002750 0.140329 0.000769 0.990101
6.450000000 15.924987 -0.471161 113.843386 0.002756 0.140332 0.000902 0.990100
6.500000000 15.954945 -0.471127 113.957974 0.002852 0.140266 0.000704 0.990110
6.550000000 15.982257 -0.471639 114.063007 0.002934 0.140303 0.000699 0.990104
6.600000000 16.012001 -0.474128 114.165697 0.003036 0.140307 0.000663 0.990103
6.650000000 16.040268 -0.474940 114.265507 0.003068 0.140292 0.000845 0.990105
6.700000000 16.070498 -0.475685 114.367232 0.002970 0.140332 0.000981 0.990100
6.750000000 16.097731 -0.477642 114.467807 0.003006 0.140366 0.000853 0.990095
6.800000000 16.124142 -0.479342 114.562732 0.003564 0.140231 0.000605 0.990112
6.850000000 16.150666 -0.479345 114.659431 0.004036 0.140267 0.000162 0.990105
6.900000000 16.176443 -0.478789 114.763946 0.004050 0.140624 0.000088 0.990055
6.950000000 16.205515 -0.477749 114.861735 0.003888 0.140919 -0.000059 0.990013
7.000000000 16.236136 -0.477147 114.956359 0.004148 0.140952 -0.000197 0.990008
7.050000000 16.266772 -0.477535 115.055748 0.004259 0.141146 -0.000186 0.989980
7.100000000 16.291772 -0.479505 115.145900 0.004121 0.141431 -0.000136 0.989940
7.150000000 16.318121 -0.480397 115.237089 0.004166 0.141593 -0.000110 0.989916
7.200000000 16.338113 -0.479301 115.293725 0.003978 0.141637 -0.000222 0.989911
7.250000000 16.362085 -0.480549 115.372235 0.003922 0.141751 -0.000055 0.989895
7.300000000 16.384731 -0.481114 115.448886 0.004020 0.141897 0.000021 0.989873
7.350000000 16.406455 -0.482250 115.520907 0.003969 0.142116 0.000148 0.989842
7.400000000 16.426377 -0.483018 115.588534 0.004087 0.142240 0.000203 0.989824
7.450000000 16.444422 -0.483367 115.650570 0.004183 0.142385 0.000357 0.989802
7.500000000 16.462687 -0.483180 115.710894 0.004067 0.142474 0.000388 0.989790
7.550000000 16.478942 -0.483714 115.769466 0.004124 0.142570 0.000354 0.989776
7.600000000 16.497191 -0.483963 115.827073 0.004320 0.142678 0.000377 0.989760
7.650000000 16.513832 -0.483879 115.883564 0.004199 0.142803 0.000450 0.989742
7.700000000 16.529200 -0.484326 115.935659 0.004166 0.142857 0.000505 0.989734
7.750000000 16.543720 -0.485710 115.986344 0.004149 0.143002 0.000542 0.989714
7.800000000 16.558130 -0.484977 116.033499 0.004160 0.143144 0.000590 0.989693
7.850000000 16.571812 -0.485011 116.080277 0.004404 0.143209 0.000613 0.989682
7.900000000 16.583527 -0.485502 116.120155 0.004493 0.143273 0.000698 0.989673
7.950000000 16.594130 -0.485964 116.154517 0.004422 0.143321 0.000749 0.989666
8.000000000 16.603534 -0.486459 116.183836 0.004472 0.143362 0.000831 0.989660
8.050000000 16.611616 -0.486507 116.210629 0.004490 0.143417 0.000915 0.989652
8.100000000 16.618072 -0.486369 116.231398 0.004484 0.143491 0.000941 0.989641
8.150000000 16.624476 -0.486377 116.251352 0.004525 0.143540 0.000921 0.989634
8.200000000 16.630138 -0.486759 116.268833 0.004525 0.143580 0.000906 0.989628
8.250000000 16.635026 -0.486254 116.284454 0.004539 0.143619 0.000906 0.989622
8.300000000 16.638070 -0.486208 116.294212 0.004516 0.143646 0.000884 0.989618
8.350000000 16.639723 -0.486280 116.300280 0.004540 0.143662 0.000881 0.989616
8.400000000 16.640473 -0.486244 116.303387 0.004489 0.143675 0.000852 0.989614
8.450000000 16.639590 -0.485627 116.301930 0.004512 0.143697 0.000855 0.989611
8.500000000 16.638649 -0.485883 116.299885 0.004690 0.143698 0.000833 0.989610
8.550000000 16.639313 -0.485986 116.301670 0.004731 0.143692 0.000879 0.989611
8.600000000 16.639724 -0.485829 116.302740 0.004594 0.143706 0.000932 0.989609
8.650000000 16.639983 -0.482310 116.301989 0.004690 0.143703 0.000824 0.989609
8.700000000 16.639486 -0.481613 116.298087 0.004809 0.143701 0.000791 0.989609
8.750000000 16.639669 -0.481476 116.298918 0.004703 0.143706 0.000808 0.989609
8.800000000 16.639941 -0.481469 116.299291 0.004701 0.143700 0.000824 0.989610
8.850000000 16.639675 -0.481533 116.298901 0.004774 0.143708 0.000802 0.989608
8.900000000 16.639621 -0.481354 116.299086 0.004757 0.143715 0.000794 0.989607
8.950000000 16.639756 -0.481176 116.299300 0.004710 0.143710 0.000812 0.989608
9.000000000 16.639568 -0.481276 116.298870 0.004752 0.143715 0.000808 0.989607
9.050000000 16.639692 -0.481211 116.299355 0.004784 0.143710 0.000803 0.989608
9.100000000 16.639823 -0.481169 116.299581 0.004724 0.143713 0.000799 0.989608
9.150000000 16.639972 -0.481121 116.300202 0.004743 0.143702 0.000813 0.989609
9.200000000 16.640003 -0.481136 116.300184 0.004766 0.143710 0.000807 0.989608
9.250000000 16.640121 -0.481032 116.300304 0.004758 0.143702 0.000803 0.989609
9.300000000 16.640235 -0.481020 116.301002 0.004738 0.143712 0.000818 0.989608
9.350000000 16.639875 -0.481013 116.299931 0.004757 0.143714 0.000804 0.989607
9.400000000 16.640142 -0.481061 116.300296 0.004774 0.143710 0.000808 0.989608
9.450000000 16.639981 -0.480943 116.301065 0.004731 0.143729 0.000812 0.989606
9.500000000 16.639877 -0.481088 116.300364 0.004768 0.143716 0.000824 0.989607
9.550000000 16.639973 -0.481238 116.299341 0.004760 0.143697 0.000805 0.989610
9.600000000 16.639408 -0.481267 116.298970 0.004731 0.143721 0.000806 0.989607
9.650000000 16.639310 -0.481303 116.298171 0.004746 0.143707 0.000792 0.989609
9.700000000 16.638821 -0.481437 116.296787 0.004716 0.143698 0.000746 0.989610
9.750000000 16.638521 -0.481550 116.295847 0.004712 0.143696 0.000748 0.989610
9.800000000 16.638144 -0.481405 116.296185 0.004707 0.143722 0.000739 0.989607
9.850000000 16.638063 -0.481461 116.295176 0.004715 0.143703 0.000741 0.989609
9.900000000 16.639171 -0.480849 116.297554 0.004792 0.143716 0.000850 0.989607
9.950000000 16.640101 -0.480643 116.299641 0.004789 0.143723 0.000888 0.989606
10.000000000 16.639995 -0.481111 116.296340 0.004780 0.143680 0.000878 0.989612
10.050000000 16.640159 -0.481127 116.296274 0.004789 0.143684 0.000888 0.989612
10.100000000 16.640194 -0.481047 116.296688 0.004767 0.143679 0.000874 0.989612
10.150000000 16.640409 -0.481089 116.297292 0.004788 0.143679 0.000883 0.989612
10.200000000 16.640368 -0.480987 116.297094 0.004783 0.143685 0.000878 0.989611
10.250000000 16.640349 -0.480894 116.296899 0.004776 0.143682 0.000866 0.989612
10.300000000 16.640458 -0.480951 116.297091 0.004787 0.143679 0.000885 0.989612
10.350000000 16.640584 -0.480983 116.297685 0.004771 0.143676 0.000867 0.989613
10.400000000 16.640873 -0.480944 116.298681 0.004797 0.143679 0.000876 0.989612
10.450000000 16.640727 -0.480947 116.298346 0.004772 0.143683 0.000869 0.989612
10.500000000 16.640667 -0.480883 116.297721 0.004778 0.143687 0.000875 0.989611
10.550000000 16.640742 -0.480931 116.298042 0.004795 0.143681 0.000869 0.989612
10.600000000 16.641209 -0.480872 116.299321 0.004768 0.143676 0.000875 0.989613
10.650000000 16.640878 -0.480927 116.298552 0.004781 0.143686 0.000869 0.989611
10.700000000 16.640862 -0.480837 116.298041 0.004788 0.143678 0.000875 0.989612
10.750000000 16.640949 -0.480789 116.298822 0.004778 0.143679 0.000865 0.989612
10.800000000 16.641024 -0.480771 116.299084 0.004798 0.143681 0.000869 0.989612
10.850000000 16.641032 -0.480762 116.298874 0.004779 0.143680 0.000875 0.989612
10.900000000 16.641036 -0.480847 116.298818 0.004791 0.143676 0.000865 0.989613
10.950000000 16.641626 -0.480790 116.299919 0.004788 0.143664 0.000873 0.989615
11.000000000 16.641343 -0.480762 116.299462 0.004779 0.143676 0.000858 0.989613
11.050000000 16.641030 -0.480827 116.298893 0.004799 0.143677 0.000869 0.989613
11.100000000 16.641188 -0.480768 116.299075 0.004771 0.143682 0.000863 0.989612
11.150000000 16.641283 -0.480838 116.298800 0.004786 0.143673 0.000873 0.989613
11.200000000 16.641403 -0.480810 116.299384 0.004789 0.143671 0.000867 0.989614
11.250000000 16.641419 -0.480776 116.299752 0.004778 0.143672 0.000869 0.989614
11.300000000 16.641505 -0.480777 116.299514 0.004796 0.143673 0.000869 0.989613
11.350000000 16.641317 -0.480647 116.299142 0.004779 0.143670 0.000861 0.989614
11.400000000 16.641333 -0.480762 116.299459 0.004795 0.143670 0.000873 0.989614
11.450000000 16.641351 -0.480759 116.299512 0.004783 0.143673 0.000858 0.989613
11.500000000 16.641266 -0.480681 116.299318 0.004782 0.143672 0.000866 0.989613
11.550000000 16.641076 -0.480743 116.299047 0.004799 0.143679 0.000857 0.989612
