0.500000000 12.251582 1.807398 9.633929 0.019500 -0.147936 0.004575 0.988794
0.550000000 12.820240 1.936626 9.964214 0.020280 -0.156958 0.005679 0.987381
0.600000000 12.802905 2.611746 14.610888 0.029664 -0.155437 0.003307 0.987395
0.650000000 14.079820 2.829701 16.701617 0.033238 -0.174431 0.002241 0.984106
0.700000000 13.516352 1.209878 18.133427 0.015468 -0.172836 0.001464 0.984828
0.750000000 15.094698 1.661352 19.943313 0.022021 -0.195781 0.000808 0.980400
0.800000000 14.924300 1.096135 21.893064 0.016380 -0.202595 0.000272 0.979126
0.850000000 15.375458 0.685490 23.859486 0.011266 -0.216504 -0.000576 0.976217
0.900000000 15.855918 0.517301 25.652640 0.009596 -0.231588 -0.001259 0.972766
0.950000000 12.436658 0.290975 26.509753 0.007041 -0.198310 0.000782 0.980114
1.000000000 15.212570 0.835848 28.418014 0.015101 -0.240379 -0.001045 0.970561
1.050000000 15.306884 0.674730 30.009881 0.014262 -0.252117 -0.002068 0.967590
1.100000000 16.867967 1.226654 32.603669 0.024664 -0.287957 -0.001573 0.957324
1.150000000 14.796963 0.575128 32.993513 0.016362 -0.266445 -0.002937 0.963707
1.200000000 14.872614 1.164482 34.646378 0.026328 -0.278259 -0.005067 0.960132
1.250000000 14.856330 0.789271 36.042848 0.020073 -0.288427 -0.004785 0.957280
1.300000000 14.725630 1.055404 37.694326 0.026000 -0.299237 -0.005685 0.953807
1.350000000 13.728884 0.980598 38.486677 0.026181 -0.295508 -0.004586 0.954971
1.400000000 12.951564 0.855967 39.431291 0.026387 -0.294503 -0.004152 0.955277
1.450000000 14.201881 1.153741 42.650373 0.036977 -0.338262 -0.006284 0.940304
1.500000000 12.401879 0.729057 42.532941 0.030004 -0.313425 -0.006604 0.949116
1.550000000 13.758059 1.535566 45.948072 0.047941 -0.361800 -0.005085 0.931008
1.600000000 11.163820 0.737275 44.194471 0.031456 -0.307919 -0.006273 0.950872
1.650000000 10.332933 0.496400 44.874499 0.027686 -0.299419 -0.006750 0.953696
1.700000000 9.328626 0.492663 45.103254 0.026528 -0.288045 -0.004104 0.957241
1.750000000 8.334387 0.404345 45.904810 0.024540 -0.278814 -0.003094 0.960026
1.800000000 7.811461 0.394372 46.735787 0.024927 -0.277579 -0.002094 0.960377
1.850000000 7.297696 0.391685 47.572320 0.025183 -0.276099 -0.000810 0.960799
1.900000000 7.312738 0.454220 48.364551 0.026229 -0.276321 -0.001754 0.960706
1.950000000 6.274561 0.312611 49.112660 0.025020 -0.269323 -0.000985 0.962724
2.000000000 6.498463 0.531083 49.925599 0.027690 -0.272477 -0.000955 0.961763
2.050000000 5.602042 0.405934 50.817324 0.026840 -0.266136 -0.000832 0.963561
2.100000000 4.233246 0.207540 51.772196 0.025173 -0.252709 -0.000725 0.967215
2.150000000 3.849628 0.125226 52.650508 0.024512 -0.252056 -0.000192 0.967402
2.200000000 3.333414 0.097519 53.555647 0.024497 -0.250305 0.000758 0.967857
2.250000000 3.352517 -0.029268 54.734199 0.022882 -0.253819 0.000779 0.966981
2.300000000 2.187615 0.000695 55.465961 0.023381 -0.246199 0.002136 0.968935
2.350000000 4.140767 0.104893 52.434061 0.022397 -0.240430 -0.004320 0.970398
2.400000000 1.057635 -0.102594 57.455212 0.024744 -0.244882 0.000519 0.969237
2.450000000 0.443154 -0.154684 58.603498 0.023838 -0.245415 0.000153 0.969125
2.500000000 -0.083518 -0.202297 59.488846 0.022361 -0.245399 -0.000705 0.969164
2.550000000 -0.631383 -0.261090 60.541018 0.020701 -0.245855 0.000182 0.969085
2.600000000 -1.220038 -0.267362 61.655467 0.020436 -0.246204 0.001584 0.969001
2.650000000 -1.743354 -0.326797 62.614353 0.019819 -0.247238 0.002952 0.968748
2.700000000 -1.638176 -0.122581 63.648841 0.022416 -0.254332 0.005593 0.966841
2.750000000 -2.866020 -0.398672 64.738914 0.022116 -0.248685 0.003995 0.968324
2.800000000 -3.534029 -0.509937 65.793242 0.023115 -0.248714 0.002714 0.968297
2.850000000 -4.093857 -0.565614 66.765026 0.023152 -0.249735 0.003117 0.968033
2.900000000 -4.638448 -0.625534 67.721810 0.022611 -0.251146 0.002490 0.967682
2.950000000 -5.329660 -0.695882 68.824721 0.022185 -0.252082 0.001637 0.967450
3.000000000 -5.880878 -0.732721 69.892968 0.022901 -0.255102 0.000827 0.966643
3.050000000 -6.143107 -0.569949 71.215707 0.026522 -0.262191 -0.000307 0.964652
3.100000000 -7.075273 -0.800235 72.022896 0.024185 -0.258484 -0.001344 0.965712
3.150000000 -7.682990 -0.879916 73.021336 0.023814 -0.259085 -0.001491 0.965560
3.200000000 -8.340583 -0.949107 74.118761 0.023477 -0.259915 -0.001992 0.965344
3.250000000 -8.926617 -1.000940 75.119587 0.023786 -0.260751 0.000088 0.965113
3.300000000 -9.488375 -1.066024 76.117285 0.025443 -0.261946 0.001255 0.964746
3.350000000 -9.911298 -0.888806 77.465861 0.029113 -0.267070 0.002389 0.963234
3.400000000 -10.691025 -1.110145 78.207336 0.024707 -0.264854 0.002271 0.963969
3.450000000 -11.266445 -1.177520 79.182559 0.021239 -0.266167 0.001856 0.963691
3.500000000 -11.883958 -1.213484 80.231653 0.020193 -0.267515 0.000552 0.963342
3.550000000 -12.527008 -1.266691 81.266452 0.020237 -0.268451 0.000188 0.963081
3.600000000 -13.132232 -1.232692 82.359400 0.023500 -0.270390 -0.001181 0.962463
3.650000000 -13.781280 -1.342362 83.293706 0.023903 -0.271253 -0.001006 0.962211
3.700000000 -14.437474 -1.404658 84.302794 0.024205 -0.272612 -0.001111 0.961819
3.750000000 -15.101250 -1.476813 85.305201 0.023640 -0.274152 -0.001858 0.961394
3.800000000 -15.723277 -1.483611 86.312592 0.024496 -0.276123 -0.002707 0.960806
3.850000000 -16.418434 -1.552256 87.420782 0.024840 -0.278579 -0.003441 0.960086
3.900000000 -17.052068 -1.623610 88.551298 0.025244 -0.281970 -0.003826 0.959083
3.950000000 -17.727411 -1.675232 89.413710 0.024787 -0.282502 -0.004631 0.958935
4.000000000 -18.376588 -1.717809 90.414223 0.024387 -0.284570 -0.004928 0.958332
4.050000000 -19.033652 -1.772654 91.420336 0.024311 -0.287041 -0.005989 0.957591
4.100000000 -19.700350 -1.823952 92.392281 0.024718 -0.289295 -0.006160 0.956901
4.150000000 -20.384662 -1.883170 93.407101 0.025412 -0.291668 -0.006395 0.956161
4.200000000 -21.065264 -1.936291 94.405271 0.025299 -0.293626 -0.006748 0.955562
4.250000000 -21.742341 -1.994527 95.411043 0.024853 -0.295576 -0.008265 0.954960
4.300000000 -22.472509 -2.029989 96.440848 0.024428 -0.297091 -0.008462 0.954499
4.350000000 -23.178431 -2.064985 97.459622 0.024398 -0.298622 -0.009436 0.954013
4.400000000 -23.876733 -2.121252 98.472695 0.024156 -0.299864 -0.009519 0.953628
4.450000000 -24.593281 -2.172010 99.478110 0.024417 -0.301012 -0.010152 0.953254
4.500000000 -25.296997 -2.218644 100.467848 0.024453 -0.302201 -0.010107 0.952877
4.550000000 -26.021162 -2.274273 101.446387 0.024236 -0.303136 -0.009699 0.952590
4.600000000 -26.764171 -2.320207 102.471740 0.024848 -0.304289 -0.009374 0.952209
4.650000000 -27.485335 -2.365788 103.439020 0.025193 -0.305163 -0.009224 0.951922
4.700000000 -28.201891 -2.425562 104.406861 0.025146 -0.305957 -0.010004 0.951661
4.750000000 -28.918314 -2.457996 105.381824 0.024802 -0.306641 -0.010250 0.951447
4.800000000 -29.653427 -2.511835 106.391204 0.024178 -0.307573 -0.011433 0.951148
4.850000000 -30.357263 -2.553349 107.379851 0.022803 -0.308359 -0.011297 0.950930
4.900000000 -31.051844 -2.583483 108.316870 0.023651 -0.308950 -0.011805 0.950711
4.950000000 -31.769770 -2.627783 109.306917 0.026418 -0.309646 -0.012100 0.950408
5.000000000 -32.502171 -2.676246 110.309319 0.027934 -0.310471 -0.011864 0.950098
5.050000000 -33.227939 -2.742617 111.298258 0.027573 -0.311019 -0.010876 0.949941
5.100000000 -33.956647 -2.786073 112.303240 0.027829 -0.311553 -0.009753 0.949771
5.150000000 -34.679441 -2.838117 113.281545 0.027772 -0.312055 -0.007531 0.949628
5.200000000 -35.408522 -2.895662 114.259623 0.027283 -0.312487 -0.006169 0.949510
5.250000000 -36.148018 -2.932948 115.271901 0.026251 -0.313064 -0.005268 0.949355
5.300000000 -36.886974 -3.001084 116.238888 0.025132 -0.313288 -0.005478 0.949310
5.350000000 -37.661903 -3.048832 117.272933 0.025372 -0.313577 -0.005680 0.949207
5.400000000 -38.433505 -3.092538 118.297654 0.025967 -0.313834 -0.006373 0.949101
5.450000000 -39.194144 -3.148405 119.295395 0.025959 -0.313997 -0.006809 0.949045
5.500000000 -39.970179 -3.196388 120.331927 0.025930 -0.314439 -0.006688 0.948900
5.550000000 -40.769133 -3.247734 121.400345 0.026104 -0.315027 -0.006245 0.948703
5.600000000 -41.554106 -3.298615 122.450560 0.027015 -0.315454 -0.005752 0.948539
5.650000000 -42.354377 -3.359892 123.495158 0.027937 -0.315897 -0.005209 0.948368
5.700000000 -43.143083 -3.418840 124.542022 0.028637 -0.316506 -0.004820 0.948146
5.750000000 -43.951124 -3.478696 125.594957 0.028552 -0.317067 -0.005101 0.947960
5.800000000 -44.782447 -3.545681 126.692837 0.026979 -0.317755 -0.005372 0.947774
5.850000000 -45.609045 -3.604559 127.756053 0.025310 -0.318104 -0.005693 0.947701
5.900000000 -46.402354 -3.646782 128.805253 0.025272 -0.318599 -0.005267 0.947538
5.950000000 -47.221500 -3.709490 129.899292 0.025863 -0.319440 -0.003641 0.947247
6.000000000 -48.012853 -3.764151 130.922993 0.026486 -0.319850 -0.002411 0.947095
6.050000000 -48.879362 -3.820278 132.063647 0.026744 -0.320546 -0.001371 0.946854
6.100000000 -49.719769 -3.864026 133.137281 0.026835 -0.320855 -0.002189 0.946746
6.150000000 -50.576471 -3.917483 134.244561 0.026255 -0.321277 -0.002715 0.946617
6.200000000 -51.424660 -3.978860 135.313684 0.026158 -0.321602 -0.003281 0.946508
6.250000000 -52.367628 -3.999025 136.768478 0.028204 -0.324381 -0.003173 0.945501
6.300000000 -53.193089 -4.095098 137.588705 0.027036 -0.322488 -0.002327 0.946185
6.350000000 -54.092960 -4.159374 138.752280 0.025617 -0.323092 -0.001867 0.946019
6.400000000 -54.993865 -4.216078 139.915145 0.024866 -0.323667 -0.002018 0.945842
6.450000000 -55.884042 -4.270553 141.050127 0.024578 -0.324219 -0.002625 0.945659
6.500000000 -56.765785 -4.327329 142.183642 0.024573 -0.324896 -0.002903 0.945426
6.550000000 -57.652498 -4.380050 143.307435 0.024766 -0.325555 -0.003152 0.945194
6.600000000 -58.541422 -4.480888 144.514632 0.023806 -0.327047 -0.002352 0.944705
6.650000000 -59.485691 -4.494797 145.614577 0.024385 -0.327371 -0.001865 0.944579
6.700000000 -60.381013 -4.568362 146.712844 0.023398 -0.328024 -0.001415 0.944379
6.750000000 -61.294885 -4.621470 147.842840 0.022580 -0.328769 -0.000872 0.944140
6.800000000 -62.157696 -4.692053 148.950478 0.021209 -0.329530 -0.001272 0.943906
6.850000000 -62.958428 -4.749065 150.162406 0.019499 -0.331608 -0.002321 0.943213
6.900000000 -63.951209 -4.782718 151.199776 0.019839 -0.330541 -0.002743 0.943579
6.950000000 -64.859701 -4.854868 152.322599 0.023430 -0.330601 -0.003056 0.943475
7.000000000 -65.823001 -4.905473 153.413906 0.028006 -0.329937 -0.003508 0.943581
7.050000000 -66.676460 -4.989304 154.532633 0.028642 -0.330433 -0.003399 0.943389
7.100000000 -67.516074 -5.069480 155.661501 0.026090 -0.331165 -0.002194 0.943210
