0.500000000 0.366990 0.109351 8.052366 0.000900 0.070986 -0.007502 0.997449
0.550000000 0.490179 0.109545 8.757041 0.001574 0.082262 -0.007231 0.996583
0.600000000 0.634143 0.053352 9.185471 0.003011 0.095944 -0.008308 0.995347
0.650000000 0.787939 0.046620 9.772067 0.005976 0.112057 -0.009746 0.993636
0.700000000 0.968646 0.041279 10.363338 0.008524 0.129659 -0.010250 0.991469
0.750000000 1.253910 0.024057 10.919609 0.009721 0.147387 -0.009661 0.988984
0.800000000 1.389797 -0.014890 11.492647 0.010933 0.167993 -0.009921 0.985678
0.850000000 1.672692 -0.022312 12.029738 0.012476 0.187765 -0.009963 0.982084
0.900000000 1.931482 -0.045451 12.566018 0.012793 0.208333 -0.009845 0.977925
0.950000000 2.301363 -0.048942 13.124055 0.013550 0.227998 -0.008837 0.973527
1.000000000 2.971342 -0.049683 13.147394 0.014066 0.243596 -0.007618 0.969745
1.050000000 2.982811 -0.116020 13.718336 0.014415 0.266321 -0.006080 0.963758
1.100000000 3.378936 -0.112054 14.712460 0.016341 0.288041 -0.005217 0.957464
1.150000000 3.796116 -0.161667 15.239599 0.016453 0.308904 -0.006951 0.950926
1.200000000 4.161578 -0.181621 15.603443 0.015991 0.330186 -0.010313 0.943724
1.250000000 4.475496 -0.207088 16.002825 0.015493 0.352661 -0.011523 0.935552
1.300000000 5.008391 -0.231683 16.464713 0.014269 0.375302 -0.010644 0.926732
1.350000000 5.485626 -0.242595 16.938209 0.014022 0.399308 -0.009802 0.916657
1.400000000 5.972217 -0.279720 17.288265 0.014050 0.423019 -0.009901 0.905958
1.450000000 6.469248 -0.304525 17.658860 0.013675 0.447072 -0.010568 0.894331
1.500000000 7.093620 -0.327385 18.090500 0.012658 0.470838 -0.011359 0.882056
1.550000000 7.602422 -0.360372 18.355752 0.011249 0.494184 -0.012226 0.869198
1.600000000 8.179072 -0.377466 18.609007 0.011286 0.517294 -0.011521 0.855655
1.650000000 8.758099 -0.397347 18.820792 0.011271 0.540258 -0.010311 0.841361
1.700000000 9.398876 -0.414487 19.045475 0.011832 0.562612 -0.008646 0.826591
1.750000000 10.003321 -0.425704 19.219419 0.012196 0.583629 -0.007760 0.811892
1.800000000 10.666867 -0.445788 19.376879 0.013018 0.602180 -0.006394 0.798229
1.850000000 11.326068 -0.462707 19.519526 0.014127 0.617865 -0.004987 0.786141
1.900000000 12.029646 -0.481255 19.636218 0.015595 0.630874 -0.003529 0.775721
1.950000000 12.726535 -0.500114 19.742358 0.016593 0.641860 -0.002858 0.766637
2.000000000 13.470750 -0.511362 19.840293 0.016604 0.650941 -0.002878 0.758941
2.050000000 14.208954 -0.529367 19.931125 0.016836 0.658262 -0.002527 0.752596
2.100000000 14.988436 -0.549463 20.021047 0.017867 0.663679 -0.001551 0.747802
2.150000000 15.770915 -0.571380 20.091612 0.019342 0.667149 -0.000609 0.744673
2.200000000 16.630278 -0.576851 20.167321 0.020372 0.669069 -0.000187 0.742921
2.250000000 17.469757 -0.597208 20.238517 0.021191 0.669910 0.000586 0.742139
2.300000000 18.347912 -0.617415 20.334915 0.021926 0.670419 0.001154 0.741658
2.350000000 19.261141 -0.640810 20.419801 0.021996 0.670412 0.001671 0.741661
2.400000000 20.131873 -0.650640 20.507899 0.022024 0.670132 0.002075 0.741912
2.450000000 21.075535 -0.665515 20.604671 0.021990 0.669629 0.002745 0.742366
2.500000000 22.003766 -0.690582 20.710947 0.022600 0.669289 0.002716 0.742653
2.550000000 22.898830 -0.717219 20.798798 0.023236 0.668890 0.002004 0.742996
2.600000000 23.880822 -0.726108 20.936024 0.023744 0.668685 0.002006 0.743164
2.650000000 24.895291 -0.742870 21.054967 0.023220 0.668260 0.002915 0.743560
2.700000000 25.870723 -0.771241 21.118223 0.022950 0.667528 0.004024 0.744220
2.750000000 26.886705 -0.791829 21.287547 0.022647 0.667579 0.003557 0.744186
2.800000000 27.934791 -0.815158 21.397481 0.023502 0.667088 0.002721 0.744603
2.850000000 28.967172 -0.831991 21.503224 0.023727 0.666351 0.001106 0.745260
2.900000000 30.020267 -0.864526 21.623886 0.023333 0.665654 -0.000104 0.745896
2.950000000 31.068817 -0.895904 21.746567 0.021827 0.664836 -0.000684 0.746670
3.000000000 32.181390 -0.928427 21.888500 0.020553 0.664024 -0.000482 0.747428
3.050000000 33.303484 -0.953190 22.028205 0.018910 0.662994 -0.000306 0.748386
3.100000000 34.397136 -0.976200 22.178108 0.018476 0.662208 0.000404 0.749092
3.150000000 35.522879 -1.003507 22.323930 0.018295 0.661187 0.001421 0.749996
3.200000000 36.628029 -1.029854 22.479880 0.018796 0.660312 0.001699 0.750754
3.250000000 37.722367 -1.051713 22.636316 0.020526 0.659243 0.001791 0.751648
3.300000000 38.813893 -1.078111 22.782469 0.021816 0.658226 0.002143 0.752501
3.350000000 39.969216 -1.097269 22.944897 0.020588 0.657267 0.002571 0.753372
3.400000000 41.158424 -1.114764 23.117537 0.018839 0.656420 0.005494 0.754140
3.450000000 42.277676 -1.146904 23.277587 0.017268 0.655878 0.006997 0.754637
3.500000000 43.475414 -1.172418 23.450401 0.018578 0.655422 0.007402 0.754998
3.550000000 44.536117 -1.191344 23.614297 0.021329 0.655213 0.004759 0.755128
3.600000000 45.692293 -1.217822 23.795478 0.022518 0.655111 0.002332 0.755194
3.650000000 46.831422 -1.245264 23.939878 0.022435 0.655001 0.002024 0.755292
3.700000000 48.044379 -1.277378 24.108849 0.021215 0.655118 0.002489 0.755224
3.750000000 49.198623 -1.303323 24.286878 0.020199 0.655554 0.003181 0.754872
3.800000000 50.412827 -1.324439 24.466155 0.020416 0.655796 0.003404 0.754654
3.850000000 51.582802 -1.331333 24.641511 0.021246 0.656063 0.003259 0.754400
3.900000000 52.796352 -1.353859 24.839150 0.021128 0.656424 0.003972 0.754086
3.950000000 53.976651 -1.372596 24.991239 0.021180 0.656604 0.004641 0.753924
4.000000000 55.190855 -1.394873 25.163711 0.021002 0.656847 0.004794 0.753716
4.050000000 56.412522 -1.413364 25.341184 0.020344 0.657197 0.006653 0.753415
4.100000000 57.650050 -1.453929 25.503702 0.019049 0.657352 0.010239 0.753273
4.150000000 58.840996 -1.448349 25.659495 0.019012 0.657655 0.011932 0.752985
4.200000000 60.075537 -1.443301 25.824232 0.021049 0.657961 0.014135 0.752625
4.250000000 61.312395 -1.446598 25.975051 0.022367 0.657724 0.013871 0.752799
4.300000000 62.590716 -1.455670 26.129578 0.025068 0.657560 0.014315 0.752849
4.350000000 63.864355 -1.503896 26.289449 0.025970 0.657110 0.013351 0.753229
4.400000000 65.140691 -1.525064 26.464399 0.026821 0.656796 0.010988 0.753511
4.450000000 66.390294 -1.552645 26.636129 0.027230 0.656374 0.009773 0.753881
4.500000000 67.658109 -1.598716 26.833229 0.026254 0.656232 0.009730 0.754039
4.550000000 68.969935 -1.623796 27.039713 0.025374 0.656031 0.008759 0.754256
4.600000000 70.300812 -1.656205 27.245522 0.026164 0.655612 0.008693 0.754594
4.650000000 71.634349 -1.700708 27.453365 0.027330 0.655066 0.008299 0.755031
4.700000000 72.929772 -1.716864 27.649917 0.028339 0.654544 0.007132 0.755459
4.750000000 74.282650 -1.733449 27.836511 0.028421 0.653800 0.006634 0.756105
4.800000000 75.646664 -1.781923 28.025772 0.026685 0.653183 0.006134 0.756705
4.850000000 77.003124 -1.807961 28.233963 0.025302 0.652691 0.006276 0.757176
4.900000000 78.355810 -1.842572 28.443046 0.024253 0.652087 0.005676 0.757735
4.950000000 79.747649 -1.873829 28.631608 0.023868 0.651188 0.005774 0.758519
5.000000000 81.149909 -1.907746 28.839317 0.023396 0.650429 0.006373 0.759180
5.050000000 82.517455 -1.932659 29.055436 0.022760 0.649876 0.007213 0.759665
5.100000000 83.927864 -1.964977 29.282366 0.022516 0.649192 0.007456 0.760254
5.150000000 82.854745 -2.192999 28.498496 0.018930 0.651523 0.006887 0.758361
5.200000000 86.779190 -2.020895 29.782413 0.023492 0.647952 0.007968 0.761277
5.250000000 88.207388 -2.053912 30.032408 0.023443 0.647293 0.008662 0.761832
5.300000000 89.654520 -2.075940 30.293267 0.023401 0.646675 0.009258 0.762351
5.350000000 91.069782 -2.096865 30.518113 0.023419 0.646100 0.010339 0.762823
5.400000000 92.499277 -2.123392 30.775610 0.022712 0.645795 0.010884 0.763095
5.450000000 93.945447 -2.147353 31.042983 0.022555 0.645621 0.011447 0.763239
5.500000000 95.418579 -2.162761 31.295567 0.022938 0.645238 0.011497 0.763551
5.550000000 96.877572 -2.195668 31.537203 0.024059 0.644860 0.012021 0.763827
5.600000000 98.332197 -2.224804 31.784153 0.024592 0.644521 0.010898 0.764114
5.650000000 99.800467 -2.278545 32.051585 0.024962 0.644350 0.010542 0.764250
5.700000000 101.212666 -2.331639 32.314585 0.025098 0.644259 0.010311 0.764326
5.750000000 102.617610 -2.361430 32.548435 0.025789 0.644073 0.008295 0.764484
5.800000000 103.994489 -2.404673 32.787656 0.026300 0.643859 0.007482 0.764656
5.850000000 105.386894 -2.445588 33.024947 0.025372 0.643671 0.007168 0.764848
5.900000000 106.861481 -2.516282 33.215950 0.024290 0.642850 0.007850 0.765566
5.950000000 108.211904 -2.540708 33.501236 0.023798 0.643022 0.007102 0.765445
6.000000000 109.626431 -2.568050 33.747879 0.024177 0.642567 0.006242 0.765823
6.050000000 111.047173 -2.608892 34.008617 0.023782 0.642155 0.005547 0.766186
6.100000000 112.445309 -2.670456 34.262145 0.022991 0.641830 0.006207 0.766477
6.150000000 113.911638 -2.703791 34.520716 0.021196 0.641220 0.007091 0.767032
6.200000000 115.326507 -2.742560 34.777000 0.020659 0.640601 0.008606 0.767547
6.250000000 116.751762 -2.759223 35.019970 0.022323 0.639887 0.008474 0.768098
6.300000000 118.148612 -2.781851 35.281557 0.023322 0.639365 0.009237 0.768494
6.350000000 119.497187 -2.817092 35.553757 0.022834 0.638729 0.009393 0.769036
6.400000000 120.950895 -2.846308 35.834330 0.023363 0.638054 0.009668 0.769577
6.450000000 122.350341 -2.875631 36.089242 0.022790 0.637372 0.009382 0.770162
6.500000000 123.715301 -2.908852 36.374361 0.021986 0.636921 0.008964 0.770564
6.550000000 125.118846 -2.937733 36.656727 0.022023 0.636361 0.009365 0.771020
6.600000000 126.556727 -2.947890 36.921844 0.022494 0.635580 0.009918 0.771644
6.650000000 127.969308 -2.980548 37.197667 0.022587 0.635010 0.010798 0.772098
6.700000000 129.470185 -3.011373 37.495844 0.023437 0.634465 0.010946 0.772519
6.750000000 130.945220 -3.043179 37.790368 0.024782 0.633866 0.009371 0.772989
6.800000000 132.382987 -3.075172 38.093234 0.025888 0.633489 0.007875 0.773278
6.850000000 133.886960 -3.109318 38.398780 0.025686 0.633371 0.006852 0.773392
6.900000000 135.361846 -3.140706 38.715903 0.024825 0.633267 0.005436 0.773516
6.950000000 136.803253 -3.188913 39.020232 0.024537 0.633054 0.005118 0.773702
7.000000000 138.248975 -3.223986 39.322315 0.023403 0.633021 0.004975 0.773765
7.050000000 139.683733 -3.273715 39.636728 0.022276 0.633087 0.003962 0.773750
7.100000000 141.122888 -3.298587 39.938820 0.021420 0.633079 0.002202 0.773788
7.150000000 142.601946 -3.331481 40.242255 0.020000 0.632881 0.002415 0.773987
7.200000000 144.049892 -3.357461 40.537429 0.018419 0.632837 0.003516 0.774058
7.250000000 145.539870 -3.399293 40.823460 0.017706 0.632535 0.004859 0.774314
7.300000000 147.022246 -3.426963 41.121406 0.018226 0.632214 0.005756 0.774558
7.350000000 148.530019 -3.460926 41.431166 0.019340 0.631983 0.006259 0.774716
7.400000000 150.046417 -3.509405 41.727099 0.020931 0.631667 0.007531 0.774921
7.450000000 151.461510 -3.512772 42.030923 0.022875 0.631373 0.008068 0.775100
7.500000000 152.914844 -3.549997 42.340669 0.024252 0.630965 0.007601 0.775395
7.550000000 154.402280 -3.584223 42.649844 0.023840 0.630772 0.008083 0.775560
7.600000000 155.911581 -3.621487 42.976468 0.020576 0.630813 0.008789 0.775613
7.650000000 157.395512 -3.649130 43.296904 0.019547 0.630970 0.009500 0.775502
7.700000000 158.807015 -3.671572 43.608049 0.020058 0.630834 0.008494 0.775612
7.750000000 160.267334 -3.706387 43.909398 0.022272 0.630427 0.009316 0.775873
7.800000000 161.720434 -3.715566 44.209348 0.023200 0.629793 0.009610 0.776357
7.850000000 163.150063 -3.759832 44.510767 0.024684 0.628862 0.009073 0.777072
7.900000000 164.597795 -3.798774 44.825890 0.026811 0.628105 0.008896 0.777616
7.950000000 166.053637 -3.827029 45.133348 0.025593 0.627582 0.006916 0.778099
8.000000000 167.455478 -3.887629 45.460986 0.024066 0.627201 0.006260 0.778460
8.050000000 168.856729 -3.928492 45.769336 0.022011 0.626636 0.006025 0.778978
8.100000000 167.462186 -4.005906 44.400919 0.021021 0.624395 0.007110 0.780793
8.150000000 171.745901 -4.029843 46.411876 0.022287 0.625427 0.004094 0.779953
8.200000000 169.155672 -3.985861 46.095399 0.020732 0.632092 0.002578 0.774612
8.250000000 174.615024 -4.092175 47.073351 0.020936 0.624987 0.001898 0.780352
8.300000000 176.037699 -4.175099 47.394620 0.020503 0.624646 0.001982 0.780637
8.350000000 177.392209 -4.225507 47.718699 0.020574 0.624524 0.002461 0.780731
8.400000000 178.842131 -4.232927 48.101837 0.019414 0.624635 0.003295 0.780669
8.450000000 180.297618 -4.264522 48.446715 0.017962 0.624467 0.005278 0.780826
8.500000000 181.657463 -4.306519 48.760954 0.017771 0.624560 0.006146 0.780751
8.550000000 183.100424 -4.323345 49.098126 0.019053 0.624548 0.005844 0.780732
8.600000000 184.505590 -4.367028 49.429049 0.020712 0.624508 0.004846 0.780729
8.650000000 185.881202 -4.401308 49.744035 0.022109 0.624500 0.004016 0.780701
8.700000000 187.290162 -4.440307 50.071005 0.022175 0.624540 0.004385 0.780666
8.750000000 188.762744 -4.476835 50.411852 0.021045 0.624662 0.005414 0.780593
8.800000000 190.177268 -4.515273 50.742455 0.020582 0.624646 0.006024 0.780613
8.850000000 191.575642 -4.538086 51.079792 0.021141 0.624883 0.005951 0.780409
8.900000000 193.022654 -4.555551 51.374872 0.022090 0.624660 0.006602 0.780557
8.950000000 194.433860 -4.597275 51.684877 0.022859 0.624417 0.006708 0.780728
9.000000000 195.825911 -4.634955 51.992731 0.024418 0.624069 0.006022 0.780965
9.050000000 197.276464 -4.709746 52.306313 0.026904 0.623762 0.004997 0.781135
9.100000000 198.623074 -4.743049 52.624613 0.026816 0.623321 0.002731 0.781501
9.150000000 200.028891 -4.806085 52.955776 0.026021 0.622575 0.001374 0.782126
9.200000000 201.438504 -4.857868 53.292039 0.023738 0.621866 0.001679 0.782762
9.250000000 202.841244 -4.899899 53.617450 0.021867 0.621279 0.002422 0.783281
9.300000000 204.258114 -4.964563 53.958681 0.020703 0.620634 0.003719 0.783818
9.350000000 205.681871 -5.006209 54.299733 0.021633 0.619797 0.004895 0.784448
9.400000000 207.096623 -5.043891 54.635135 0.022888 0.618795 0.005170 0.785202
9.450000000 208.512529 -5.075191 54.987892 0.023168 0.617983 0.005474 0.785831
9.500000000 209.962087 -5.125823 55.335625 0.022119 0.617082 0.005383 0.786569
9.550000000 211.313598 -5.133648 55.664273 0.020680 0.616276 0.005323 0.787241
9.600000000 212.706881 -5.148380 56.009015 0.019487 0.615817 0.005372 0.787630
9.650000000 214.143137 -5.187010 56.386062 0.019961 0.615403 0.006402 0.787933
9.700000000 215.513202 -5.212266 56.735977 0.022574 0.614744 0.007527 0.788368
9.750000000 216.919605 -5.265263 57.095876 0.024386 0.613838 0.006154 0.789032
9.800000000 218.272814 -5.289464 57.444710 0.024419 0.612806 0.005365 0.789837
9.850000000 219.628701 -5.332872 57.812047 0.021407 0.612000 0.005373 0.790550
9.900000000 221.023406 -5.384299 58.195616 0.019073 0.611122 0.006652 0.791279
9.950000000 222.395083 -5.408033 58.569592 0.019879 0.610033 0.006921 0.792096
10.000000000 223.817932 -5.445679 58.936558 0.022149 0.608692 0.006230 0.793073
10.050000000 225.220426 -5.481177 59.312048 0.024474 0.607620 0.006631 0.793823
10.100000000 226.600968 -5.511205 59.707748 0.023142 0.606615 0.005913 0.794637
10.150000000 228.014841 -5.556211 60.079015 0.023148 0.605730 0.006755 0.795305
10.200000000 229.377282 -5.609451 60.480851 0.023371 0.605355 0.004448 0.795600
10.250000000 230.760706 -5.644182 60.865790 0.024525 0.605023 0.001014 0.795830
10.300000000 232.182944 -5.713075 61.249198 0.025687 0.604843 -0.000461 0.795930
10.350000000 233.561864 -5.757861 61.645173 0.023634 0.604857 -0.000421 0.795983
10.400000000 234.868811 -5.837295 61.587124 0.021765 0.602368 0.001650 0.797920
10.450000000 236.382729 -5.870146 62.425037 0.021473 0.604728 0.001613 0.796141
10.500000000 237.857049 -5.918323 62.824584 0.021362 0.604810 0.002330 0.796080
10.550000000 239.204543 -5.957831 63.231260 0.020571 0.605284 0.001553 0.795742
10.600000000 240.587538 -6.003764 63.638054 0.019533 0.605822 0.001383 0.795359
10.650000000 242.047233 -6.052861 64.037391 0.019826 0.606358 0.001772 0.794943
10.700000000 243.460132 -6.077731 64.420435 0.017813 0.606591 0.002471 0.794810
10.750000000 244.815831 -6.117456 64.799350 0.019187 0.606678 0.003433 0.794709
10.800000000 246.243417 -6.155229 65.194283 0.020610 0.606707 0.002644 0.794654
10.850000000 247.661105 -6.182885 65.615535 0.021107 0.607002 0.001535 0.794418
10.900000000 249.135595 -6.233625 66.024362 0.020305 0.606834 0.001607 0.794568
10.950000000 250.561173 -6.269694 66.410467 0.020097 0.606826 0.002718 0.794576
11.000000000 252.018726 -6.307430 66.821270 0.018820 0.606837 0.004587 0.794590
11.050000000 253.457555 -6.341802 67.207884 0.019263 0.606584 0.006183 0.794762
11.100000000 254.908537 -6.369252 67.596395 0.020969 0.606368 0.006756 0.794879
11.150000000 256.320822 -6.419150 67.990458 0.022806 0.606243 0.004843 0.794938
11.200000000 257.778469 -6.455455 68.387574 0.024428 0.606280 0.003320 0.794869
11.250000000 259.234189 -6.494965 68.787459 0.023839 0.606349 0.001881 0.794839
11.300000000 260.670075 -6.536062 69.193453 0.023202 0.606577 0.001261 0.794685
11.350000000 262.148835 -6.612059 69.604936 0.022540 0.606681 0.000592 0.794626
11.400000000 263.484636 -6.656284 70.161751 0.023035 0.608210 -0.000859 0.793442
11.450000000 261.308419 -6.592372 69.508466 0.022231 0.609188 0.001238 0.792714
11.500000000 266.603254 -6.780439 70.844818 0.020750 0.607073 -0.000728 0.794375
11.550000000 268.069364 -6.816356 71.265772 0.019466 0.607290 -0.000194 0.794242
11.600000000 269.592444 -6.858457 71.700907 0.019491 0.607429 0.000238 0.794134
11.650000000 271.117921 -6.898193 72.107401 0.019211 0.607391 0.001297 0.794169
11.700000000 272.619085 -6.931104 72.503326 0.018560 0.607290 0.002494 0.794260
11.750000000 274.155469 -6.978142 72.902655 0.019021 0.607233 0.002622 0.794292
11.800000000 275.730228 -7.013681 73.358547 0.020340 0.607319 0.002116 0.794195
11.850000000 277.452890 -7.063444 73.766360 0.020995 0.606724 0.001825 0.794633
11.900000000 278.879313 -7.080465 74.246773 0.021304 0.607479 0.001653 0.794048
11.950000000 280.400781 -7.137359 74.662938 0.021028 0.607390 0.002125 0.794123
12.000000000 281.940703 -7.152226 75.081313 0.020918 0.607376 0.002180 0.794136
12.050000000 283.440891 -7.220503 75.487384 0.020431 0.607350 0.002761 0.794167
12.100000000 285.003911 -7.267080 75.909113 0.020522 0.607349 0.003671 0.794162
12.150000000 286.566234 -7.303641 76.354209 0.021406 0.607397 0.002466 0.794106
12.200000000 288.122664 -7.355653 76.783129 0.022433 0.607319 0.002161 0.794138
12.250000000 289.754718 -7.385418 77.234170 0.022471 0.607300 0.002529 0.794151
12.300000000 291.273221 -7.451936 77.635953 0.021645 0.607371 0.003445 0.794116
12.350000000 292.884656 -7.509750 78.066658 0.022618 0.607124 0.003853 0.794275
12.400000000 294.412631 -7.516048 78.478640 0.024275 0.607148 0.003685 0.794209
12.450000000 296.031123 -7.565648 78.930920 0.024309 0.607080 0.003871 0.794260
12.500000000 297.608738 -7.632470 79.370121 0.023784 0.607047 0.003068 0.794304
12.550000000 299.231265 -7.691205 79.785740 0.024565 0.606860 0.002829 0.794424
12.600000000 300.760794 -7.766836 80.240293 0.024360 0.607208 0.000981 0.794169
12.650000000 302.366090 -7.814345 80.678386 0.024167 0.607229 -0.000147 0.794159
12.700000000 303.945382 -7.884691 81.108840 0.023097 0.607206 -0.000507 0.794208
12.750000000 305.591933 -7.920909 81.538749 0.022407 0.607173 -0.001682 0.794252
12.800000000 307.207251 -7.981171 81.959378 0.021297 0.607233 -0.002372 0.794235
12.850000000 308.795584 -8.042004 82.422958 0.019869 0.607495 -0.001671 0.794073
12.900000000 310.480585 -8.124367 82.867484 0.018274 0.607439 -0.000284 0.794156
12.950000000 312.119247 -8.164382 83.339601 0.017712 0.607688 0.001051 0.793978
13.000000000 313.873754 -8.271590 83.627974 0.017671 0.606591 0.001366 0.794816
13.050000000 315.386630 -8.244681 84.222977 0.019869 0.608132 0.000701 0.793587
13.100000000 317.023864 -8.284641 84.657181 0.021621 0.608345 -0.000206 0.793378
13.150000000 318.672776 -8.328889 85.128130 0.021777 0.608717 -0.000620 0.793088
13.200000000 320.298641 -8.406829 85.566414 0.020512 0.609030 0.000694 0.792882
13.250000000 321.968916 -8.458850 86.022279 0.019667 0.609377 0.001708 0.792635
13.300000000 323.572929 -8.505958 86.455640 0.019438 0.609727 0.002611 0.792369
13.350000000 325.257305 -8.543210 86.901701 0.019298 0.609935 0.003252 0.792210
13.400000000 326.877687 -8.607442 87.342504 0.019565 0.610290 0.004465 0.791924
13.450000000 328.493452 -8.659318 87.781885 0.021765 0.610627 0.003592 0.791611
13.500000000 330.105280 -8.729328 88.230180 0.025322 0.610917 0.002124 0.791287
13.550000000 331.756222 -8.781927 88.652225 0.025617 0.611020 0.001102 0.791200
13.600000000 333.346279 -8.851723 89.086424 0.024974 0.611446 0.000170 0.790892
13.650000000 334.924318 -8.914018 89.505235 0.022599 0.611867 -0.001488 0.790637
13.700000000 336.477809 -8.975910 89.917110 0.020639 0.612255 -0.003046 0.790385
13.750000000 338.089731 -9.029582 90.354460 0.018979 0.612808 -0.004417 0.789991
13.800000000 339.669220 -9.093469 90.762229 0.017696 0.613124 -0.004045 0.789778
13.850000000 341.268319 -9.141327 91.167320 0.016940 0.613314 -0.003380 0.789650
13.900000000 342.862555 -9.190389 91.582196 0.016737 0.613523 -0.003005 0.789494
13.950000000 344.447162 -9.234228 91.990636 0.016840 0.613575 -0.001958 0.789454
14.000000000 346.017237 -9.281312 92.397534 0.017090 0.613601 -0.001072 0.789430
14.050000000 347.602047 -9.336873 92.789532 0.016950 0.613432 -0.000530 0.789566
14.100000000 349.201369 -9.364723 93.195693 0.016859 0.613231 -0.000874 0.789723
14.150000000 350.796894 -9.414119 93.584372 0.016885 0.612954 -0.000503 0.789938
14.200000000 352.375790 -9.460568 94.023132 0.016949 0.612925 0.000152 0.789959
14.250000000 353.939859 -9.497713 94.421305 0.017456 0.612508 0.000257 0.790271
14.300000000 355.501552 -9.545292 94.809555 0.018185 0.612095 0.000425 0.790575
14.350000000 357.076596 -9.597230 95.225217 0.018957 0.611811 0.000898 0.790776
14.400000000 358.639772 -9.631305 95.700379 0.020223 0.611991 0.000794 0.790606
14.450000000 360.181553 -9.691593 96.056477 0.020337 0.611198 0.000721 0.791216
14.500000000 361.740761 -9.757265 96.475731 0.019397 0.610902 0.001337 0.791467
14.550000000 363.298211 -9.806147 96.875201 0.018456 0.610494 0.002115 0.791803
14.600000000 364.903362 -9.841934 97.302759 0.018596 0.610158 0.002342 0.792058
14.650000000 366.440168 -9.884309 97.715320 0.019202 0.609770 0.001849 0.792344
14.700000000 368.005698 -9.928364 98.151944 0.019841 0.609514 0.001139 0.792526
14.750000000 366.935737 -9.668358 98.594502 0.020089 0.613207 -0.000840 0.789666
14.800000000 371.118186 -10.031750 98.986454 0.019833 0.608709 0.000101 0.793145
14.850000000 372.709653 -10.073530 99.367025 0.019959 0.607822 -0.000156 0.793822
14.900000000 374.196036 -10.119724 99.820797 0.020074 0.607911 -0.000080 0.793752
14.950000000 375.739926 -10.169095 100.254211 0.020436 0.607552 -0.000105 0.794017
15.000000000 377.273631 -10.221963 100.700502 0.020428 0.607391 -0.000059 0.794140
15.050000000 378.791478 -10.281884 101.116129 0.020696 0.607026 -0.000023 0.794412
15.100000000 380.331082 -10.315532 101.538272 0.021495 0.606710 0.000455 0.794632
15.150000000 381.857844 -10.364241 101.958066 0.021834 0.606367 0.000495 0.794885
15.200000000 383.371106 -10.428341 102.393836 0.023162 0.606165 0.000871 0.795001
15.250000000 384.882508 -10.457139 102.815202 0.024047 0.605978 0.000167 0.795118
15.300000000 386.389074 -10.517160 103.247657 0.024165 0.606106 0.000472 0.795017
15.350000000 387.912441 -10.578592 103.692127 0.023761 0.606335 0.001126 0.794853
15.400000000 389.473888 -10.653012 104.107987 0.024530 0.606288 0.001413 0.794865
15.450000000 391.012393 -10.715523 104.530421 0.024909 0.606254 -0.000654 0.794881
15.500000000 392.538568 -10.800441 104.954275 0.025018 0.606198 -0.001495 0.794918
15.550000000 394.089995 -10.855507 105.367760 0.023728 0.606015 -0.002275 0.795096
15.600000000 395.736148 -10.891363 105.804362 0.024410 0.606015 -0.001763 0.795076
