0.500000000 -0.251696 0.024773 18.933113 0.001592 -0.005296 -0.004499 0.999975
0.550000000 -0.299507 0.031189 20.804606 0.002032 -0.005665 -0.004547 0.999972
0.600000000 -0.328514 0.027785 22.745117 0.002029 -0.006365 -0.004132 0.999969
0.650000000 -0.355247 0.017754 24.633041 0.001327 -0.006856 -0.004465 0.999966
0.700000000 0.136570 -0.122177 23.036952 -0.000872 -0.006078 -0.004668 0.999970
0.750000000 -0.423956 0.039003 28.478102 0.000380 -0.007459 -0.005062 0.999959
0.800000000 -0.479435 0.036726 30.373853 -0.000049 -0.007358 -0.004902 0.999961
0.850000000 -0.508929 0.031159 32.256203 -0.000231 -0.007511 -0.004919 0.999960
0.900000000 -0.554102 0.035811 34.113990 -0.000500 -0.007477 -0.004577 0.999961
0.950000000 -1.770210 0.268359 35.967633 0.001328 0.001046 -0.004079 0.999990
1.000000000 -0.697828 0.039642 38.008365 0.000516 -0.007301 -0.003651 0.999967
1.050000000 -0.713515 0.038530 39.911039 0.000189 -0.007444 -0.003619 0.999966
1.100000000 -0.754945 0.020503 41.780914 -0.000560 -0.007251 -0.003499 0.999967
1.150000000 -0.734308 -0.003648 43.621411 -0.001466 -0.007674 -0.003331 0.999964
1.200000000 -0.788240 -0.006595 45.461132 -0.001678 -0.007485 -0.002623 0.999967
1.250000000 -0.811288 -0.011990 47.302033 -0.001883 -0.007802 -0.002256 0.999965
1.300000000 -0.786028 0.000589 49.177144 -0.001392 -0.008623 -0.002268 0.999959
1.350000000 -0.841394 0.000029 50.910025 -0.001242 -0.008685 -0.002196 0.999959
1.400000000 -0.901503 -0.025058 52.712067 -0.001311 -0.008978 -0.002092 0.999957
1.450000000 -0.947603 -0.022976 54.476251 -0.001754 -0.009292 -0.002558 0.999952
1.500000000 -1.009379 -0.011861 56.267761 -0.002262 -0.009551 -0.002854 0.999948
1.550000000 -1.049804 -0.013908 58.010783 -0.002545 -0.009899 -0.003335 0.999942
1.600000000 -1.106750 -0.016702 59.742507 -0.002287 -0.010164 -0.003557 0.999939
1.650000000 -1.125550 -0.015497 61.422791 -0.001340 -0.010860 -0.003368 0.999934
1.700000000 -1.179335 -0.024502 63.090446 -0.000902 -0.011380 -0.003232 0.999930
1.750000000 -1.249695 -0.026040 64.700679 -0.000783 -0.011741 -0.003026 0.999926
1.800000000 -1.285014 -0.022274 66.277707 -0.000863 -0.012351 -0.003081 0.999919
1.850000000 -0.721298 -0.159725 64.680284 -0.002748 -0.010953 -0.003841 0.999929
1.900000000 -1.376836 -0.029914 69.527627 -0.001501 -0.013623 -0.003467 0.999900
1.950000000 -1.416397 -0.031975 71.058967 -0.000863 -0.014247 -0.004046 0.999890
2.000000000 -1.479236 -0.036029 72.674932 -0.000484 -0.014789 -0.004161 0.999882
2.050000000 -1.536935 -0.028481 74.201085 0.000205 -0.015393 -0.004334 0.999872
2.100000000 -1.585800 -0.024577 75.746939 0.000875 -0.016045 -0.004130 0.999862
2.150000000 -1.635576 -0.047511 77.253246 0.000840 -0.016709 -0.004011 0.999852
2.200000000 -1.701842 -0.049525 78.767436 0.000794 -0.017235 -0.004035 0.999843
2.250000000 -1.777876 -0.033273 80.309289 0.001210 -0.017767 -0.003611 0.999835
2.300000000 -1.851448 -0.037114 81.836066 0.001867 -0.018337 -0.003678 0.999823
2.350000000 -1.913064 -0.026386 83.337855 0.002836 -0.018937 -0.003615 0.999810
2.400000000 -1.935022 -0.047819 84.815429 0.002823 -0.020140 -0.003494 0.999787
2.450000000 -2.050402 -0.050987 86.277922 0.002104 -0.020324 -0.003756 0.999784
2.500000000 -2.114017 -0.070819 87.739080 0.001641 -0.020927 -0.004056 0.999771
2.550000000 -2.189733 -0.071380 89.157285 0.001953 -0.021366 -0.004770 0.999758
2.600000000 -2.223709 -0.092903 90.597910 0.001995 -0.022263 -0.004821 0.999739
2.650000000 -2.283630 -0.081237 92.027229 0.002115 -0.022987 -0.004745 0.999722
2.700000000 -2.335070 -0.095287 93.490994 0.002066 -0.023677 -0.004444 0.999708
2.750000000 -2.404774 -0.133079 94.902564 0.001691 -0.024374 -0.004173 0.999693
2.800000000 -2.467816 -0.128563 96.250351 0.001308 -0.025052 -0.003774 0.999678
2.850000000 -2.448444 -0.114506 97.752508 0.001355 -0.026601 -0.003634 0.999639
2.900000000 -2.693027 -0.127302 98.990216 0.001390 -0.025467 -0.003511 0.999669
2.950000000 -2.668320 -0.151566 100.304154 0.000841 -0.027024 -0.003344 0.999629
3.000000000 -2.759154 -0.161615 101.599219 0.000330 -0.027402 -0.003334 0.999619
3.050000000 -2.827828 -0.166003 102.911741 0.000124 -0.028088 -0.003637 0.999599
3.100000000 -2.903007 -0.170999 104.188431 -0.000028 -0.028583 -0.004027 0.999583
3.150000000 -2.993077 -0.171554 105.440598 0.000291 -0.029010 -0.004555 0.999569
3.200000000 -3.068907 -0.169756 106.657567 0.001206 -0.029512 -0.005086 0.999551
3.250000000 -3.144603 -0.191694 107.892923 0.001536 -0.030009 -0.005072 0.999536
3.300000000 -3.222045 -0.202508 109.090446 0.001655 -0.030498 -0.005504 0.999518
3.350000000 -3.304208 -0.204010 110.274759 0.001607 -0.030918 -0.005470 0.999506
3.400000000 -3.407438 -0.210015 111.461878 0.001353 -0.031269 -0.005574 0.999495
3.450000000 -3.480277 -0.217265 112.632260 0.001405 -0.031785 -0.005532 0.999478
3.500000000 -3.557348 -0.226831 113.781902 0.001466 -0.032325 -0.005851 0.999459
3.550000000 -3.614345 -0.224925 114.945818 0.001434 -0.033072 -0.005887 0.999435
3.600000000 -3.714477 -0.226752 116.093493 0.001295 -0.033527 -0.005727 0.999421
3.650000000 -3.825436 -0.228454 117.241298 0.001593 -0.033977 -0.005853 0.999404
3.700000000 -3.906497 -0.233824 118.386859 0.001648 -0.034467 -0.005937 0.999387
3.750000000 -3.980561 -0.223862 119.534535 0.001578 -0.035237 -0.005782 0.999361
3.800000000 -4.074762 -0.245752 120.619562 0.001451 -0.035842 -0.005925 0.999339
3.850000000 -4.172440 -0.253973 121.739395 0.001468 -0.036281 -0.005922 0.999323
3.900000000 -4.245805 -0.269705 122.841627 0.001780 -0.036914 -0.006224 0.999297
3.950000000 -4.334004 -0.268173 123.897787 0.002266 -0.037317 -0.006340 0.999281
4.000000000 -4.424164 -0.278370 125.006011 0.002432 -0.037588 -0.006295 0.999271
4.050000000 -4.515850 -0.276171 126.064973 0.002391 -0.037825 -0.006429 0.999261
4.100000000 -4.541780 -0.294865 127.138131 0.002127 -0.038813 -0.006491 0.999223
4.150000000 -4.699710 -0.293639 128.182153 0.002109 -0.038447 -0.006570 0.999237
4.200000000 -4.783204 -0.282331 129.239434 0.002296 -0.038781 -0.006793 0.999222
4.250000000 -4.873882 -0.287007 130.287357 0.002024 -0.039174 -0.006997 0.999206
4.300000000 -4.980115 -0.292103 131.303722 0.001876 -0.039224 -0.007393 0.999201
4.350000000 -5.074017 -0.286411 132.320016 0.001717 -0.039368 -0.007226 0.999197
4.400000000 -5.039243 -0.297315 133.500576 0.001908 -0.040983 -0.007110 0.999133
4.450000000 -5.260028 -0.293071 134.356302 0.001850 -0.039800 -0.007095 0.999181
4.500000000 -5.344929 -0.298636 135.326621 0.001656 -0.040166 -0.007246 0.999165
4.550000000 -5.436605 -0.305046 136.334277 0.001418 -0.040276 -0.007460 0.999160
4.600000000 -5.505424 -0.318638 137.289951 0.001392 -0.040453 -0.007483 0.999152
4.650000000 -5.597827 -0.324765 138.212418 0.001565 -0.040091 -0.007324 0.999168
4.700000000 -5.670270 -0.319931 139.174081 0.002056 -0.040066 -0.007053 0.999170
4.750000000 -5.781213 -0.317392 140.086205 0.001784 -0.039601 -0.006316 0.999194
4.800000000 -5.835565 -0.326751 140.984318 0.001660 -0.039748 -0.005844 0.999191
4.850000000 -5.904783 -0.340494 141.900776 0.001385 -0.039857 -0.005326 0.999190
4.900000000 -5.967185 -0.345625 142.776933 0.001217 -0.039870 -0.004523 0.999194
4.950000000 -6.039359 -0.353101 143.592052 0.000837 -0.039602 -0.004337 0.999206
5.000000000 -6.121926 -0.360237 144.454728 0.001265 -0.039389 -0.004473 0.999213
5.050000000 -6.185381 -0.367280 145.312249 0.001719 -0.039333 -0.004249 0.999216
5.100000000 -6.256287 -0.380642 146.113173 0.002244 -0.039076 -0.004000 0.999226
5.150000000 -6.338759 -0.378267 146.991904 0.003252 -0.038953 -0.003802 0.999229
5.200000000 -6.408469 -0.386345 147.822717 0.003680 -0.038782 -0.003955 0.999233
5.250000000 -6.472214 -0.397267 148.643623 0.003519 -0.038582 -0.004330 0.999240
5.300000000 -6.529310 -0.410948 149.457541 0.002908 -0.038493 -0.004672 0.999244
5.350000000 -6.605513 -0.418127 150.267389 0.002789 -0.038227 -0.004984 0.999253
5.400000000 -6.683126 -0.426241 151.084957 0.003063 -0.037729 -0.005431 0.999269
5.450000000 -6.742474 -0.422055 151.891994 0.003695 -0.037002 -0.005859 0.999291
5.500000000 -6.806273 -0.430526 152.672672 0.003900 -0.036332 -0.006335 0.999312
5.550000000 -6.871296 -0.444246 153.470836 0.003545 -0.035629 -0.006683 0.999336
5.600000000 -6.928574 -0.453399 154.224005 0.003361 -0.034931 -0.007046 0.999359
5.650000000 -6.972611 -0.453639 154.945815 0.003440 -0.034533 -0.006689 0.999375
5.700000000 -7.031516 -0.458596 155.698929 0.003521 -0.033788 -0.006723 0.999400
5.750000000 -7.082766 -0.471479 156.389108 0.003584 -0.033161 -0.007051 0.999419
5.800000000 -7.127888 -0.483758 157.162210 0.003641 -0.032658 -0.006797 0.999437
5.850000000 -7.173176 -0.487252 157.894811 0.003585 -0.032162 -0.006634 0.999454
5.900000000 -7.229386 -0.499117 158.634697 0.003474 -0.031864 -0.006678 0.999464
5.950000000 -7.282231 -0.507050 159.365616 0.003535 -0.031969 -0.006294 0.999463
6.000000000 -7.328593 -0.509649 160.077471 0.003413 -0.032319 -0.005976 0.999454
6.050000000 -7.386783 -0.510653 160.791092 0.003194 -0.033092 -0.005875 0.999430
6.100000000 -7.108218 -0.428181 159.785829 0.003505 -0.036640 -0.005263 0.999309
6.150000000 -7.455528 -0.445576 162.234164 0.003534 -0.035668 -0.006248 0.999338
6.200000000 -7.508232 -0.452689 162.924732 0.003748 -0.036808 -0.006143 0.999296
6.250000000 -7.565768 -0.469293 163.623680 0.004066 -0.037807 -0.006088 0.999258
6.300000000 -7.627255 -0.496415 164.338545 0.004309 -0.038715 -0.005867 0.999224
6.350000000 -7.692365 -0.498525 165.006251 0.004859 -0.039332 -0.005863 0.999197
6.400000000 -7.734956 -0.504936 165.733282 0.005382 -0.039940 -0.005505 0.999172
6.450000000 -7.816869 -0.523919 166.406459 0.005566 -0.039992 -0.005419 0.999170
6.500000000 -7.881665 -0.528001 167.113888 0.005460 -0.040388 -0.005077 0.999156
6.550000000 -7.943571 -0.542684 167.841458 0.004945 -0.040560 -0.004987 0.999152
6.600000000 -8.006841 -0.550003 168.572266 0.005090 -0.040770 -0.004978 0.999143
6.650000000 -8.058983 -0.554663 169.300017 0.005134 -0.041132 -0.004871 0.999129
6.700000000 -8.123654 -0.563519 169.973154 0.005154 -0.041410 -0.004742 0.999118
6.750000000 -8.195807 -0.570483 170.714840 0.005307 -0.041542 -0.004754 0.999111
6.800000000 -8.262430 -0.578240 171.470099 0.005266 -0.041781 -0.004466 0.999103
6.850000000 -8.324652 -0.587493 172.145555 0.005225 -0.042083 -0.004468 0.999090
6.900000000 -8.385612 -0.593429 172.880743 0.005255 -0.042451 -0.004791 0.999073
6.950000000 -8.471634 -0.594464 173.651415 0.005113 -0.042662 -0.004899 0.999064
7.000000000 -8.532946 -0.596575 174.428302 0.005236 -0.042946 -0.004859 0.999052
7.050000000 -8.597787 -0.604605 175.160141 0.005430 -0.043300 -0.004734 0.999036
7.100000000 -8.689091 -0.621945 175.916840 0.005290 -0.043336 -0.004836 0.999035
7.150000000 -8.747811 -0.624629 176.724493 0.005327 -0.043632 -0.005194 0.999020
7.200000000 -8.815065 -0.633048 177.498475 0.005166 -0.044047 -0.005155 0.999003
7.250000000 -8.894951 -0.636904 178.291120 0.004905 -0.044261 -0.005331 0.998994
7.300000000 -8.972941 -0.647926 179.068577 0.004727 -0.044511 -0.005569 0.998982
7.350000000 -9.064011 -0.651980 179.829491 0.004906 -0.044566 -0.005820 0.998977
7.400000000 -9.142036 -0.654021 180.624211 0.005261 -0.044763 -0.006147 0.998965
7.450000000 -9.211271 -0.651885 181.412244 0.005466 -0.045152 -0.006247 0.998946
7.500000000 -9.298898 -0.656431 182.186057 0.005489 -0.045475 -0.006610 0.998929
7.550000000 -9.379065 -0.675200 182.979241 0.005504 -0.046349 -0.007041 0.998885
7.600000000 -9.462258 -0.681498 183.761922 0.005649 -0.047426 -0.006927 0.998835
7.650000000 -9.542713 -0.687927 184.542558 0.005908 -0.048512 -0.007174 0.998779
7.700000000 -9.556752 -0.687570 185.330608 0.006226 -0.050808 -0.007469 0.998661
7.750000000 -9.660242 -0.709171 186.144371 0.006188 -0.051300 -0.007880 0.998633
7.800000000 -9.745593 -0.712251 186.930297 0.006321 -0.052452 -0.007862 0.998573
7.850000000 -9.832858 -0.721990 187.722532 0.006195 -0.053569 -0.007672 0.998515
7.900000000 -9.933094 -0.716690 188.533788 0.006053 -0.054724 -0.007603 0.998454
7.950000000 -10.029502 -0.731292 189.373117 0.006079 -0.055912 -0.007563 0.998389
8.000000000 -10.130488 -0.741501 190.217553 0.006281 -0.056737 -0.007497 0.998341
8.050000000 -10.214745 -0.751988 191.029219 0.006484 -0.057661 -0.007370 0.998288
8.100000000 -10.338423 -0.759499 191.865941 0.006880 -0.058247 -0.007486 0.998250
8.150000000 -9.812332 -1.014817 192.091405 0.004572 -0.064740 -0.007296 0.997865
8.200000000 -10.636559 -0.778736 193.666445 0.007540 -0.059130 -0.007853 0.998191
8.250000000 -11.846577 -0.577392 192.993183 0.008929 -0.051480 -0.008545 0.998598
8.300000000 -10.894029 -0.752749 195.529749 0.008606 -0.060252 -0.007729 0.998116
8.350000000 -10.992626 -0.729842 196.476759 0.008908 -0.061019 -0.007938 0.998065
8.400000000 -11.112970 -0.756161 197.381869 0.009030 -0.061921 -0.007903 0.998009
8.450000000 -11.259485 -0.765392 198.360759 0.009079 -0.062473 -0.007696 0.997976
8.500000000 -11.372010 -0.779958 199.315213 0.009182 -0.063322 -0.007793 0.997920
8.550000000 -11.515363 -0.793805 200.313314 0.008946 -0.063966 -0.008681 0.997874
8.600000000 -11.661636 -0.808008 201.273837 0.008438 -0.064687 -0.008882 0.997830
8.650000000 -11.785265 -0.808334 202.308478 0.008333 -0.065764 -0.008822 0.997761
8.700000000 -11.920688 -0.821913 203.302472 0.008521 -0.066592 -0.008864 0.997705
8.750000000 -12.064931 -0.841331 204.276546 0.008441 -0.067352 -0.008822 0.997655
8.800000000 -12.234475 -0.857404 205.351676 0.008570 -0.067775 -0.008958 0.997624
8.850000000 -12.394467 -0.868389 206.423823 0.008942 -0.068107 -0.008872 0.997599
8.900000000 -12.562441 -0.875660 207.517735 0.008997 -0.068190 -0.008722 0.997594
8.950000000 -12.444882 -0.985569 204.727670 0.005620 -0.073549 -0.006631 0.997254
9.000000000 -12.813074 -0.915335 209.930838 0.007304 -0.069759 -0.008994 0.997497
9.050000000 -12.968961 -0.905677 210.945512 0.006834 -0.070290 -0.009088 0.997462
9.100000000 -13.138174 -0.916320 212.100156 0.006942 -0.070849 -0.009273 0.997420
9.150000000 -13.298304 -0.915436 213.259514 0.007599 -0.071206 -0.009343 0.997389
9.200000000 -13.464788 -0.922454 214.426569 0.007658 -0.071719 -0.009217 0.997353
9.250000000 -13.643959 -0.932369 215.555348 0.007177 -0.071900 -0.009006 0.997345
9.300000000 -13.876072 -0.942758 216.741598 0.006883 -0.071641 -0.009401 0.997362
9.350000000 -13.972690 -0.950719 217.815638 0.007079 -0.072803 -0.008325 0.997286
9.400000000 -14.149530 -0.967409 218.991596 0.007201 -0.073219 -0.008535 0.997253
9.450000000 -14.324233 -0.989593 220.083855 0.007262 -0.073725 -0.007651 0.997223
9.500000000 -14.507987 -1.006098 221.389538 0.008066 -0.074267 -0.006678 0.997183
9.550000000 -14.685875 -1.015138 222.449788 0.008686 -0.074580 -0.006641 0.997155
9.600000000 -14.951398 -1.056787 223.919898 0.008305 -0.074078 -0.006168 0.997199
9.650000000 -15.133212 -1.023195 225.030524 0.008172 -0.075257 -0.005536 0.997115
9.700000000 -15.315062 -1.039714 226.216674 0.008653 -0.075779 -0.005672 0.997071
9.750000000 -15.472609 -1.055600 227.480941 0.008886 -0.076591 -0.006260 0.997003
9.800000000 -15.686184 -1.064355 228.677798 0.008565 -0.076720 -0.007706 0.996986
9.850000000 -15.907104 -1.078244 229.935604 0.008239 -0.076709 -0.008418 0.996984
9.900000000 -16.117213 -1.101459 231.235762 0.008206 -0.076930 -0.009480 0.996958
9.950000000 -16.309119 -1.101962 232.487105 0.008898 -0.077018 -0.009837 0.996942
10.000000000 -16.507027 -1.134057 233.858479 0.009095 -0.077239 -0.009736 0.996924
10.050000000 -16.720369 -1.133069 235.111050 0.009022 -0.077290 -0.009636 0.996921
10.100000000 -16.922128 -1.147168 236.477680 0.008019 -0.077523 -0.009062 0.996917
10.150000000 -17.201132 -1.169905 237.901726 0.007268 -0.077125 -0.008351 0.996960
10.200000000 -17.321255 -1.189170 239.211316 0.007006 -0.078216 -0.007288 0.996885
10.250000000 -17.519355 -1.203639 240.549309 0.007095 -0.078448 -0.005925 0.996875
10.300000000 -17.725105 -1.223324 241.883732 0.005888 -0.078829 -0.005272 0.996857
10.350000000 -17.987125 -1.204170 243.005079 0.005342 -0.078019 -0.005279 0.996924
10.400000000 -18.126772 -1.227850 244.729823 0.005958 -0.079821 -0.005395 0.996777
10.450000000 -18.350243 -1.240925 246.077176 0.007923 -0.080065 -0.005842 0.996741
10.500000000 -18.581273 -1.237037 247.396610 0.009292 -0.080285 -0.007243 0.996702
10.550000000 -18.809472 -1.266870 248.819649 0.009150 -0.080586 -0.007488 0.996678
10.600000000 -18.953301 -1.265150 250.350773 0.008501 -0.081865 -0.008638 0.996570
10.650000000 -19.262225 -1.313253 251.602303 0.007288 -0.081121 -0.008868 0.996638
10.700000000 -19.504371 -1.300388 252.904855 0.007210 -0.081219 -0.008719 0.996632
10.750000000 -19.731341 -1.318818 254.259324 0.007272 -0.081415 -0.009315 0.996610
10.800000000 -19.265492 -1.108628 255.771443 0.010175 -0.088649 -0.010718 0.995953
10.850000000 -20.231110 -1.325216 257.052921 0.007957 -0.081888 -0.009638 0.996563
10.900000000 -20.454933 -1.353748 258.483917 0.008496 -0.082379 -0.009435 0.996520
10.950000000 -20.695460 -1.357325 259.859640 0.009639 -0.082470 -0.009453 0.996502
11.000000000 -20.958111 -1.383026 261.295072 0.010375 -0.082461 -0.009000 0.996500
11.050000000 -21.196041 -1.402889 262.708301 0.010141 -0.082641 -0.008477 0.996492
11.100000000 -21.449164 -1.424979 264.168679 0.009671 -0.082821 -0.007910 0.996486
11.150000000 -21.663288 -1.463480 265.635938 0.008702 -0.083123 -0.007819 0.996471
11.200000000 -21.913114 -1.493867 267.095713 0.008351 -0.083101 -0.007505 0.996478
11.250000000 -22.173960 -1.491407 268.517949 0.007943 -0.083227 -0.007734 0.996469
11.300000000 -22.420127 -1.500830 269.949461 0.007325 -0.083444 -0.007734 0.996456
11.350000000 -22.675044 -1.493112 271.364803 0.007038 -0.083414 -0.007741 0.996460
11.400000000 -22.927573 -1.520806 272.857060 0.007419 -0.083080 -0.008303 0.996481
11.450000000 -23.193133 -1.515107 274.270727 0.008112 -0.082432 -0.008933 0.996524
11.500000000 -23.438402 -1.518516 275.719332 0.007735 -0.081843 -0.009182 0.996573
11.550000000 -23.659530 -1.530734 277.251641 0.007906 -0.081608 -0.010052 0.996582
11.600000000 -23.891487 -1.549749 278.713060 0.008706 -0.081245 -0.009658 0.996609
11.650000000 -24.138290 -1.569235 280.173460 0.008947 -0.080735 -0.009648 0.996649
11.700000000 -24.479408 -1.566485 281.679319 0.007688 -0.079313 -0.010019 0.996770
11.750000000 -24.608148 -1.603541 283.173105 0.006715 -0.079616 -0.009208 0.996760
11.800000000 -24.855400 -1.617243 284.743221 0.007219 -0.079398 -0.009216 0.996774
11.850000000 -25.095966 -1.637310 286.303824 0.007638 -0.079264 -0.009245 0.996782
11.900000000 -25.344276 -1.651380 287.882972 0.007216 -0.079154 -0.008897 0.996797
11.950000000 -25.591802 -1.658304 289.441543 0.007067 -0.079245 -0.008594 0.996793
12.000000000 -25.902121 -1.645979 290.977639 0.007505 -0.078906 -0.008196 0.996820
12.050000000 -26.161934 -1.654215 292.505639 0.007783 -0.078841 -0.008105 0.996824
12.100000000 -26.412519 -1.678679 294.074267 0.007721 -0.078932 -0.008158 0.996817
12.150000000 -26.650629 -1.693227 295.676328 0.007788 -0.079145 -0.007777 0.996802
12.200000000 -26.894565 -1.708046 297.293945 0.007457 -0.079309 -0.007642 0.996793
12.250000000 -27.153173 -1.724291 298.892989 0.007442 -0.079384 -0.007559 0.996788
12.300000000 -27.427315 -1.741199 300.490533 0.006813 -0.079429 -0.007689 0.996788
12.350000000 -27.696243 -1.769877 302.128956 0.007099 -0.079492 -0.007997 0.996778
12.400000000 -27.961155 -1.761560 303.810062 0.008350 -0.079606 -0.007385 0.996764
12.450000000 -28.242438 -1.783518 305.476283 0.009113 -0.079695 -0.007020 0.996753
12.500000000 -28.502951 -1.796420 307.173440 0.008581 -0.079977 -0.006082 0.996741
12.550000000 -28.767841 -1.798243 308.971666 0.007862 -0.080366 -0.005168 0.996721
12.600000000 -29.066470 -1.799897 310.782991 0.007665 -0.080561 -0.004592 0.996710
12.650000000 -29.314548 -1.799022 312.512710 0.007314 -0.080765 -0.004221 0.996697
12.700000000 -29.618680 -1.811064 314.487112 0.007057 -0.080935 -0.004472 0.996684
12.750000000 -29.926781 -1.841858 315.822206 0.007135 -0.081051 -0.004548 0.996674
12.800000000 -30.208781 -1.866349 317.697728 0.007607 -0.081302 -0.003761 0.996653
12.850000000 -30.485452 -1.874181 319.261256 0.007101 -0.081490 -0.002675 0.996645
12.900000000 -30.758220 -1.870537 320.916234 0.004418 -0.081794 -0.001715 0.996638
12.950000000 -31.104677 -1.900708 322.788677 0.003161 -0.082022 -0.001955 0.996624
13.000000000 -31.387121 -1.904546 324.395691 0.005351 -0.082133 -0.003164 0.996602
13.050000000 -31.694035 -1.915112 326.014842 0.006780 -0.082155 -0.005229 0.996583
13.100000000 -32.009245 -1.918541 327.722725 0.005905 -0.082174 -0.006581 0.996579
13.150000000 -32.264681 -1.912921 329.269196 0.004825 -0.082445 -0.006957 0.996560
13.200000000 -32.523364 -1.946280 330.966682 0.003891 -0.082444 -0.008045 0.996556
13.250000000 -32.803619 -1.963291 332.664880 0.004140 -0.082216 -0.008220 0.996572
13.300000000 -33.059971 -1.931519 334.172148 0.004780 -0.081938 -0.008749 0.996588
13.350000000 -33.290801 -1.931785 335.801767 0.005170 -0.082017 -0.008530 0.996581
13.400000000 -33.584864 -1.944494 337.332214 0.005322 -0.081908 -0.008122 0.996593
13.450000000 -33.828772 -1.982847 338.902214 0.004847 -0.082402 -0.008144 0.996554
13.500000000 -34.067012 -2.023249 340.534844 0.004487 -0.083187 -0.007880 0.996493
13.550000000 -34.351965 -2.005162 342.148258 0.004802 -0.083738 -0.007573 0.996447
13.600000000 -34.641153 -2.017209 343.782263 0.004889 -0.084354 -0.007930 0.996392
13.650000000 -34.937511 -2.043872 345.489273 0.004952 -0.084916 -0.007709 0.996346
13.700000000 -35.220988 -2.042272 347.069228 0.005149 -0.085266 -0.007871 0.996314
13.750000000 -35.499858 -2.062488 348.714334 0.005259 -0.085631 -0.007915 0.996282
13.800000000 -35.783112 -2.082316 350.343493 0.005408 -0.085841 -0.008181 0.996261
13.850000000 -36.073671 -2.105001 352.006194 0.005289 -0.086021 -0.008449 0.996243
13.900000000 -36.343793 -2.125409 353.646577 0.005207 -0.086354 -0.008526 0.996214
13.950000000 -36.651474 -2.143223 355.360506 0.005109 -0.086707 -0.008502 0.996185
14.000000000 -36.964075 -2.138103 356.939298 0.005403 -0.086685 -0.008150 0.996188
14.050000000 -37.203694 -2.124510 358.596640 0.005826 -0.087402 -0.007492 0.996128
14.100000000 -37.534507 -2.151378 360.217256 0.005852 -0.087274 -0.007525 0.996139
14.150000000 -37.834355 -2.165079 361.884462 0.005741 -0.087520 -0.007373 0.996119
14.200000000 -38.135651 -2.181325 363.543870 0.005718 -0.087736 -0.007629 0.996098
14.250000000 -38.422643 -2.214928 365.181919 0.005765 -0.087955 -0.008203 0.996074
14.300000000 -38.691773 -2.222410 366.780974 0.005682 -0.088153 -0.008139 0.996057
14.350000000 -39.004743 -2.224112 368.386396 0.005544 -0.088109 -0.008241 0.996061
14.400000000 -39.285660 -2.241120 369.978305 0.005085 -0.088246 -0.008233 0.996052
14.450000000 -39.575917 -2.259314 371.564782 0.004915 -0.088394 -0.008262 0.996039
14.500000000 -39.874039 -2.268682 373.119430 0.004692 -0.088435 -0.008652 0.996033
14.550000000 -40.153759 -2.282370 374.817627 0.004490 -0.088677 -0.008750 0.996012
14.600000000 -40.450721 -2.307569 376.392949 0.004476 -0.088723 -0.008971 0.996006
14.650000000 -40.726116 -2.304989 378.002987 0.005009 -0.088938 -0.009250 0.995982
14.700000000 -40.995778 -2.321684 379.563579 0.005743 -0.089109 -0.009295 0.995962
14.750000000 -41.326467 -2.341206 381.266457 0.006298 -0.089252 -0.009872 0.995940
