0 -4.65661e-10 0 0 8.67362e-19 -1.48231e-19 1.38811e-17 1
0.05 0.334389 -0.00227044 0.0120355 0.000187767 0.00234468 0.00786531 0.999966
0.1 0.643069 -0.010679 0.0308707 0.000239293 0.00774555 0.0139692 0.999872
0.15 0.964107 -0.031904 0.0566635 -0.00147912 0.0118565 0.0201159 0.999726
0.2 1.30834 -0.0550537 0.0803401 -0.00168688 0.0121895 0.0270884 0.999557
0.25 1.60556 -0.0480382 0.0951734 -0.00215631 0.0111646 0.0333735 0.999378
0.3 1.88118 -0.0315004 0.0996355 -0.000928822 0.0105693 0.0396346 0.999158
0.35 2.18828 -0.00762388 0.09721 -0.00148761 0.00884395 0.0463607 0.998885
0.4 2.45005 0.0100666 0.106538 -0.00250244 0.00729865 0.0521894 0.998607
0.45 2.73451 0.0295331 0.115032 -0.00465353 0.0068096 0.057931 0.998287
0.5 3.04467 0.0626286 0.11807 -0.0038632 0.0036449 0.0642359 0.997921
0.55 3.34668 0.080767 0.115765 -0.00272669 0.00333108 0.0701887 0.997524
0.6 3.65404 0.0970462 0.12044 -0.00143669 0.00586598 0.0757136 0.997111
0.65 3.99577 0.111378 0.141794 -0.0015069 0.00764491 0.081842 0.996615
0.7 4.2918 0.141622 0.158892 -0.000721015 0.00714105 0.0877499 0.996117
0.75 4.57884 0.176701 0.181375 -0.000441274 0.00657221 0.093591 0.995589
0.8 4.91644 0.219173 0.201907 -0.00213028 0.00862817 0.099411 0.995007
0.85 5.2287 0.253548 0.219705 -0.00283512 0.00640961 0.104785 0.99447
0.9 5.53923 0.296167 0.232038 -0.00258724 0.00243529 0.110354 0.993886
0.95 5.84409 0.348241 0.247584 -0.00137087 -0.00055685 0.116185 0.993226
1 6.17647 0.414752 0.257778 0.0021465 -0.00335613 0.122824 0.99242
1.05 6.48284 0.481618 0.260179 0.00260314 -0.00226229 0.128633 0.991686
1.1 6.82173 0.562157 0.267318 0.00118899 0.000210488 0.135064 0.990836
1.15 7.12736 0.644904 0.291036 -0.000132983 0.00247716 0.140918 0.990018
1.2 7.4347 0.72813 0.308585 -9.35094e-05 0.00186631 0.146727 0.989175
1.25 7.74853 0.81491 0.321788 -0.000228824 0.00212854 0.152153 0.988355
1.3 8.08818 0.913553 0.348194 -0.00312115 0.00652981 0.158925 0.987264
1.35 8.3968 1.00569 0.371663 -0.00390082 0.0104856 0.164692 0.986282
1.4 8.7074 1.09782 0.381495 -0.00114443 0.0120057 0.170072 0.985358
1.45 9.04019 1.20512 0.388964 0.00199113 0.0112933 0.176537 0.984227
1.5 9.34192 1.30923 0.386393 0.00326887 0.0108991 0.182351 0.983168
1.55 9.66922 1.43866 0.386185 -0.000305065 0.00951939 0.188846 0.981961
1.6 9.97246 1.56038 0.387271 -0.00236469 0.00848284 0.195053 0.980753
1.65 10.2941 1.67763 0.383405 -0.000824822 0.00899507 0.201397 0.979468
1.7 10.6182 1.8034 0.38537 0.00173338 0.0106056 0.207401 0.978197
1.75 10.9787 1.9565 0.385401 0.00221366 0.0125571 0.214155 0.976716
1.8 11.3118 2.10404 0.385198 0.000234494 0.0139691 0.22109 0.975153
1.85 11.6567 2.25617 0.373597 0.000306024 0.0136417 0.2279 0.973589
1.9 12.0456 2.43236 0.349552 0.000842343 0.0121733 0.235615 0.97177
1.95 12.4024 2.60322 0.332388 0.000878097 0.0114372 0.242731 0.970026
2 12.7672 2.78104 0.31435 0.00221332 0.0114023 0.250438 0.968063
2.05 13.1739 2.98436 0.294977 0.00479606 0.011121 0.259459 0.965678
2.1 13.5368 3.18629 0.271659 0.00650073 0.00940674 0.267571 0.96347
2.15 13.8836 3.40707 0.253648 0.00437418 0.00747646 0.275943 0.961135
2.2 14.2665 3.66029 0.242206 0.00223292 0.00729536 0.285668 0.958298
2.25 14.6298 3.8979 0.19082 0.00231773 0.00815798 0.294605 0.955582
2.3 14.9933 4.14084 0.145908 0.00295131 0.0092936 0.303622 0.952743
2.35 15.3659 4.41305 0.104826 0.00361576 0.00981088 0.313536 0.949519
2.4 15.6818 4.67483 0.0765997 0.00300285 0.0103402 0.322257 0.946591
2.45 15.9858 4.94458 0.0456992 0.00216617 0.0109735 0.33076 0.943649
2.5 16.3369 5.24173 0.0216243 0.00103105 0.0112451 0.340032 0.940346
2.55 16.6425 5.51789 -0.00469645 0.000559528 0.0114506 0.34801 0.937421
2.6 16.9242 5.80353 -0.0252015 0.00012002 0.0113837 0.355577 0.934578
2.65 17.2182 6.12416 -0.0370977 -0.000676711 0.0113135 0.363863 0.931383
2.7 17.4901 6.41709 -0.0395049 -0.00145627 0.0116086 0.371026 0.928549
2.75 17.7603 6.71363 -0.063666 -0.00193122 0.0117903 0.377959 0.925745
2.8 18.048 7.04239 -0.0914426 -0.00224918 0.0117723 0.38515 0.922776
2.85 18.2875 7.34495 -0.112343 -0.0024462 0.012136 0.390532 0.920506
2.9 18.513 7.65151 -0.133807 -0.00303822 0.0125913 0.39531 0.918456
2.95 18.757 7.95183 -0.151139 -0.00355306 0.0128289 0.399515 0.91663
3 19.0188 8.28229 -0.17233 -0.00378864 0.0125569 0.403407 0.914927
3.05 19.2646 8.57937 -0.189208 -0.00407073 0.0124771 0.406155 0.91371
3.1 19.4893 8.88112 -0.204611 -0.00424593 0.0128577 0.408159 0.91281
3.15 19.7315 9.21177 -0.222281 -0.00415173 0.0129856 0.409502 0.912207
3.2 19.9642 9.50667 -0.237935 -0.00374436 0.0128692 0.409882 0.91204
3.25 20.1899 9.80171 -0.254027 -0.00366846 0.0123808 0.409527 0.912207
3.3 20.4547 10.1193 -0.2689 -0.00326584 0.0116169 0.408259 0.912786
3.35 20.635 10.4309 -0.276749 -0.00260066 0.0101895 0.406067 0.913783
3.4 20.8522 10.7394 -0.285215 -0.00187391 0.00887903 0.402917 0.915191
3.45 21.0963 11.0816 -0.293001 -0.00175916 0.00857628 0.398582 0.917091
3.5 21.3396 11.3865 -0.299837 -0.00256701 0.00925302 0.394053 0.919037
3.55 21.5973 11.7248 -0.305346 -0.00405511 0.00990535 0.388054 0.921575
3.6 21.8258 12.0297 -0.308007 -0.00535914 0.0102488 0.381579 0.924264
3.65 22.0661 12.3261 -0.309096 -0.00595601 0.0107166 0.374477 0.927155
3.7 22.3336 12.6457 -0.313436 -0.00626786 0.0103295 0.366123 0.930488
3.75 22.5951 12.926 -0.321346 -0.00624757 0.00946672 0.357595 0.933808
3.8 22.839 13.2074 -0.328439 -0.00692009 0.00849087 0.348183 0.937363
3.85 23.1248 13.5028 -0.337831 -0.00832853 0.00721865 0.337385 0.941302
3.9 23.3804 13.7656 -0.34472 -0.00914987 0.00613443 0.327489 0.944791
3.95 23.6602 14.0118 -0.351557 -0.00829168 0.005675 0.317339 0.948259
4 23.9714 14.2759 -0.356987 -0.00782279 0.00503644 0.30566 0.952095
4.05 24.2561 14.5123 -0.360131 -0.00806827 0.00411163 0.294449 0.955624
4.1 24.5488 14.7436 -0.363368 -0.00787507 0.00324141 0.283062 0.959064
4.15 24.882 14.9904 -0.365746 -0.00670042 0.00337315 0.270033 0.962822
4.2 25.2059 15.2036 -0.368728 -0.00532482 0.0037614 0.258009 0.966121
4.25 25.5344 15.4121 -0.370514 -0.00463474 0.00413878 0.24585 0.969288
4.3 25.906 15.6345 -0.37245 -0.00498225 0.00402162 0.232407 0.972598
4.35 26.2379 15.8341 -0.372654 -0.00617702 0.00356403 0.220197 0.975429
4.4 26.5954 16.0169 -0.37478 -0.00707421 0.00356602 0.207993 0.978098
4.45 27.0007 16.2035 -0.378049 -0.00600033 0.00381491 0.194867 0.980804
4.5 27.3854 16.3615 -0.383247 -0.00482038 0.0039796 0.183077 0.983079
4.55 27.7802 16.5138 -0.391798 -0.00520834 0.00383057 0.17104 0.985243
4.6 28.225 16.6723 -0.402206 -0.00644063 0.00351577 0.157941 0.987421
4.65 28.6424 16.8062 -0.407911 -0.00691904 0.00391851 0.146356 0.9892
4.7 29.0678 16.932 -0.41173 -0.00782631 0.00480686 0.134638 0.990852
4.75 29.5457 17.0621 -0.420696 -0.00974761 0.00490635 0.121598 0.992519
4.8 29.9876 17.1663 -0.436364 -0.0115073 0.00432648 0.109366 0.993925
4.85 30.4295 17.2705 -0.452032 -0.0132757 0.00378999 0.0971163 0.995177
4.9 30.8869 17.3575 -0.465038 -0.0135453 0.00370391 0.0847331 0.996305
4.95 31.3997 17.442 -0.476973 -0.0140895 0.00378505 0.0710594 0.997365
5 31.8768 17.5133 -0.480414 -0.0147395 0.00440152 0.0583378 0.998178
5.05 32.4147 17.5765 -0.484827 -0.0159415 0.00521706 0.044697 0.99886
5.1 32.9148 17.6217 -0.48821 -0.0169989 0.00608704 0.0328772 0.999296
5.15 33.423 17.6552 -0.493879 -0.0175868 0.00639959 0.0211423 0.999601
5.2 33.9917 17.6755 -0.502489 -0.0183019 0.00594564 0.0083079 0.99978
5.25 34.518 17.683 -0.513144 -0.0185485 0.0053628 -0.00365776 0.999807
5.3 35.0552 17.6767 -0.527459 -0.0189301 0.00511384 -0.0155993 0.999686
5.35 35.6554 17.6556 -0.543507 -0.0195011 0.00479112 -0.0282049 0.9994
5.4 36.2087 17.621 -0.555272 -0.0199553 0.00443709 -0.0391544 0.999024
5.45 36.7684 17.5745 -0.563739 -0.0201565 0.00468897 -0.0499323 0.998538
5.5 37.323 17.5199 -0.57017 -0.0204596 0.0053302 -0.0607823 0.997927
5.55 37.9327 17.4445 -0.575629 -0.0206394 0.00601966 -0.0725587 0.997132
5.6 38.4846 17.3644 -0.580442 -0.0204786 0.00653278 -0.0830009 0.996318
5.65 39.0952 17.259 -0.585333 -0.020179 0.00676577 -0.0940375 0.995341
5.7 39.6459 17.1524 -0.590115 -0.0201164 0.0066368 -0.103388 0.994415
5.75 40.1874 17.0382 -0.593819 -0.0197848 0.00616235 -0.112238 0.993465
5.8 40.7228 16.9167 -0.597855 -0.0200944 0.00554021 -0.121099 0.992422
5.85 41.3061 16.7728 -0.60077 -0.0206391 0.0048426 -0.131025 0.991152
5.9 41.84 16.6279 -0.60238 -0.0204551 0.00419644 -0.139849 0.989953
5.95 42.3688 16.4735 -0.602068 -0.0199315 0.00391455 -0.148664 0.988679
6 42.9481 16.2965 -0.597691 -0.0197651 0.0037706 -0.158455 0.987161
6.05 43.4638 16.1334 -0.589041 -0.0201449 0.00375929 -0.167319 0.98569
6.1 43.985 15.9539 -0.582479 -0.0202341 0.00388028 -0.176147 0.984148
6.15 44.5545 15.7442 -0.574165 -0.0191072 0.00379628 -0.185809 0.982393
6.2 45.0708 15.5377 -0.56799 -0.0171372 0.00350588 -0.194583 0.98073
6.25 45.5796 15.3242 -0.560246 -0.0145464 0.00334707 -0.203219 0.97902
6.3 46.1366 15.0776 -0.553138 -0.0117192 0.00305 -0.212101 0.977173
6.35 46.6439 14.8404 -0.548174 -0.00875147 0.00262103 -0.219467 0.975577
6.4 47.1479 14.5939 -0.540835 -0.00558635 0.00221609 -0.224826 0.97438
6.45 47.7056 14.3104 -0.536991 -0.00193931 0.000883374 -0.228857 0.973458
6.5 48.2007 14.0635 -0.524939 0.00059332 -0.000229136 -0.231387 0.972862
6.55 48.7024 13.806 -0.518612 0.00313316 -0.0016092 -0.232701 0.972542
6.6 49.2086 13.5443 -0.513174 0.00530323 -0.00274044 -0.232546 0.972567
6.65 49.7701 13.2566 -0.504885 0.00746111 -0.00328305 -0.231132 0.972888
6.7 50.2872 12.9938 -0.498287 0.00811917 -0.00205047 -0.22835 0.973543
6.75 50.7914 12.7404 -0.490225 0.0089869 -0.000202169 -0.224401 0.974455
6.8 51.3632 12.4568 -0.484761 0.0107674 0.00181943 -0.218965 0.975672
6.85 51.885 12.2036 -0.478286 0.0134268 0.00316517 -0.212906 0.976975
6.9 52.4211 11.9558 -0.479846 0.0128885 0.00423925 -0.206041 0.978449
6.95 53.013 11.7012 -0.484425 0.0114615 0.00429951 -0.198632 0.979998
7 53.5583 11.474 -0.489636 0.0103162 0.00374535 -0.19141 0.981449
7.05 54.1116 11.2493 -0.492698 0.0110951 0.0030823 -0.184056 0.982848
7.1 54.7326 11.0205 -0.495767 0.0105896 0.00247788 -0.176455 0.984249
7.15 55.3067 10.8176 -0.501225 0.00945619 0.00219678 -0.169631 0.98546
7.2 55.8823 10.6245 -0.50309 0.00801852 0.00229977 -0.162568 0.986662
7.25 56.4699 10.4332 -0.504382 0.00734767 0.00305325 -0.155966 0.98773
7.3 57.1243 10.2305 -0.505074 0.0070673 0.0042647 -0.149052 0.988795
7.35 57.7271 10.0501 -0.507795 0.00629188 0.00582343 -0.142703 0.989728
7.4 58.3968 9.86193 -0.511707 0.00567672 0.00713147 -0.136367 0.990616
7.45 59.0123 9.68826 -0.523118 0.00514522 0.00690949 -0.131001 0.991345
7.5 59.6331 9.51983 -0.535852 0.00466638 0.00586252 -0.125837 0.992023
7.55 60.2596 9.35838 -0.552268 0.00373148 0.0041728 -0.121256 0.992605
7.6 60.9512 9.18675 -0.568074 0.00331321 0.00229151 -0.116878 0.993138
7.65 61.5846 9.03359 -0.576832 0.00380422 0.00191868 -0.113314 0.99355
