0 -4.65661e-10 0 0 -6.09864e-20 4.33681e-19 4.23516e-22 1
0.05 1.17864 -0.00616158 0.012463 -0.000562131 0.000430386 0.000783795 0.999999
0.1 2.47014 -0.0121498 0.0224551 -0.001252 -0.000393754 0.00188284 0.999997
0.15 3.64144 -0.0108684 0.0309404 -0.0016033 -0.00167176 0.00263038 0.999994
0.2 4.92641 -0.00815397 0.0436466 -0.00267132 -0.00258347 0.00329449 0.999988
0.25 6.09203 -0.00121048 0.0589129 -0.00283162 -0.00234268 0.0036888 0.999986
0.3 7.25394 0.00055906 0.0749346 -0.00234552 -0.00295116 0.00399689 0.999985
0.35 8.41302 0.00678091 0.0903647 -0.00192879 -0.00355504 0.00425984 0.999983
0.4 9.68659 0.0118286 0.11103 -0.00152006 -0.0029129 0.00462238 0.999984
0.45 10.8452 0.0167365 0.131598 -0.00134454 -0.00169801 0.00490922 0.999986
0.5 11.9986 0.0222641 0.150435 -0.00162549 -0.000800674 0.00507883 0.999985
0.55 13.2568 0.0218564 0.168215 -0.0018674 -0.000489123 0.00569373 0.999982
0.6 14.3975 0.0314318 0.179016 -0.00130337 -0.000817399 0.00709945 0.999974
0.65 15.6501 0.044172 0.191165 -0.000548386 -0.00156675 0.00898997 0.999958
0.7 16.7872 0.0538952 0.205568 0.00108245 -0.00200945 0.0105949 0.999941
0.75 18.0351 0.055223 0.22356 0.0015141 -0.0029221 0.0121719 0.999921
0.8 19.1691 0.0583982 0.244103 0.0022815 -0.00276529 0.0132562 0.999906
0.85 20.3025 0.0541437 0.268447 0.00237407 -0.00196394 0.0141131 0.999896
0.9 21.4311 0.0640786 0.288411 0.00276904 -0.00142949 0.0147633 0.999886
0.95 22.6689 0.0741794 0.307379 0.0029979 -0.00160384 0.0155161 0.999874
1 23.7894 0.0887296 0.324617 0.00327847 -0.00181137 0.0161581 0.999862
1.05 24.9052 0.110853 0.339712 0.00320028 -0.00244336 0.0168819 0.999849
1.1 26.126 0.126279 0.359519 0.00385971 -0.00302603 0.0174657 0.999835
1.15 27.2301 0.138701 0.377448 0.00359786 -0.00324662 0.0180171 0.999826
1.2 28.4411 0.153285 0.400019 0.0025781 -0.00202243 0.0181475 0.99983
1.25 29.5432 0.163804 0.421941 0.00199401 -0.00127642 0.0181398 0.999833
1.3 30.6515 0.170335 0.443954 0.00136195 -0.0015408 0.0182298 0.999832
1.35 31.8637 0.189264 0.463455 0.00153543 -0.00231843 0.0181289 0.999832
1.4 32.9644 0.202553 0.484662 0.00204733 -0.00331008 0.0180031 0.99983
1.45 34.0677 0.212922 0.509922 0.00261885 -0.00362083 0.0176329 0.999835
1.5 35.2843 0.206587 0.547918 0.00333493 -0.00288252 0.0169222 0.999847
1.55 36.3819 0.208692 0.577622 0.00371154 -0.00222384 0.0159175 0.999864
1.6 37.4744 0.199884 0.608759 0.00393316 -0.00197632 0.0146502 0.999883
1.65 38.6726 0.184206 0.642167 0.00398115 -0.00195109 0.0130318 0.999905
1.7 39.755 0.170033 0.670159 0.00471815 -0.00186655 0.011532 0.999921
1.75 40.8434 0.15227 0.703566 0.00513075 -0.00157302 0.00991446 0.999936
1.8 42.0296 0.140454 0.732187 0.00606404 -0.00128962 0.00810537 0.999948
1.85 43.1076 0.120546 0.760667 0.0068674 -0.00132948 0.00635276 0.999955
1.9 44.1781 0.106325 0.786412 0.00686646 -0.00132141 0.00436124 0.999966
1.95 45.3559 0.0842822 0.814839 0.00701348 -0.00127957 0.00219817 0.999972
2 46.4248 0.0631834 0.83695 0.00592073 -0.00147548 0.000271896 0.999981
2.05 47.6079 0.0305162 0.863864 0.00578856 -0.00209312 -0.00191086 0.999979
2.1 48.6856 -0.00264707 0.887708 0.00559741 -0.0024971 -0.0036676 0.999974
2.15 49.7632 -0.0395525 0.91277 0.006129 -0.00275376 -0.00533279 0.999963
2.2 50.953 -0.0818309 0.943182 0.00694785 -0.00278426 -0.00686135 0.999948
2.25 52.0339 -0.117788 0.967774 0.00716391 -0.00271587 -0.00783522 0.99994
2.3 53.1182 -0.157002 0.993421 0.00754802 -0.00282334 -0.00845441 0.999932
2.35 54.3028 -0.19147 1.01496 0.00750515 -0.00352044 -0.00907451 0.999924
2.4 55.3787 -0.20833 1.03377 0.00539878 -0.00428975 -0.00945988 0.999931
2.45 56.453 -0.228787 1.05761 0.00484319 -0.0031262 -0.00952151 0.999938
2.5 57.6348 -0.252269 1.08473 0.00455879 -0.00196917 -0.00909828 0.999946
2.55 58.7105 -0.271836 1.10539 0.00560129 -0.000456391 -0.00896568 0.999944
2.6 59.7854 -0.293501 1.12101 0.0072755 -0.00011008 -0.00826693 0.999939
2.65 60.9693 -0.312569 1.13728 0.00782584 -0.00024301 -0.00764495 0.99994
2.7 62.0476 -0.334626 1.15103 0.00851742 -0.00130823 -0.00726065 0.999937
2.75 63.2414 -0.346502 1.16177 0.00752359 -0.00279755 -0.00676818 0.999945
2.8 64.3267 -0.354384 1.1768 0.00640007 -0.00354274 -0.00607473 0.999955
2.85 65.4149 -0.357085 1.19674 0.00663768 -0.00356655 -0.00502274 0.999959
2.9 66.6123 -0.358575 1.21877 0.00621311 -0.00314872 -0.00338621 0.99997
2.95 67.7007 -0.336746 1.23813 0.00611624 -0.00273143 -0.00134143 0.999977
3 68.7876 -0.325374 1.25429 0.00490749 -0.00314204 0.000744707 0.999983
3.05 69.9871 -0.298966 1.27459 0.00374606 -0.00355782 0.00273903 0.999983
3.1 71.0806 -0.273708 1.29564 0.00230254 -0.00312466 0.00395847 0.999985
3.15 72.178 -0.245757 1.31482 0.0019264 -0.00318062 0.00482388 0.999981
3.2 73.3891 -0.208519 1.33139 0.00159274 -0.0031859 0.00573831 0.999977
3.25 74.4905 -0.181797 1.34623 0.00333502 -0.00407526 0.00657069 0.999965
3.3 75.5958 -0.149865 1.36114 0.00378323 -0.00610741 0.00764981 0.999945
3.35 76.8135 -0.125285 1.38383 0.00497931 -0.00714385 0.00867107 0.999924
3.4 77.9224 -0.0888861 1.41322 0.00491102 -0.0048318 0.00972219 0.999929
3.45 79.032 -0.0551692 1.43971 0.00454004 -0.00167703 0.0105479 0.999933
3.5 80.2632 -0.0101006 1.45614 0.0037973 -0.00013106 0.0116577 0.999925
3.55 81.3839 0.0309848 1.46273 0.00346961 -0.000478947 0.0127958 0.999912
3.6 82.5084 0.0748267 1.46694 0.00304705 -0.00183024 0.0140145 0.999895
3.65 83.7499 0.130216 1.4721 0.00183599 -0.00318782 0.0156415 0.999871
3.7 84.8769 0.182604 1.48043 0.00163024 -0.00362492 0.0172388 0.999844
3.75 86.1186 0.251844 1.49067 0.000493052 -0.00300979 0.019243 0.99981
3.8 87.2531 0.306742 1.5018 -4.81093e-05 -0.00278803 0.0211675 0.999772
3.85 88.3901 0.37176 1.51128 -0.000848398 -0.00314707 0.023322 0.999723
3.9 89.6439 0.4436 1.5214 -0.00143925 -0.00362082 0.0255583 0.999666
3.95 90.78 0.516901 1.53051 -0.00244067 -0.00331018 0.0277422 0.999607
4 91.9217 0.584953 1.54594 -0.00257016 -0.00263223 0.0297896 0.999549
4.05 93.1797 0.673591 1.55635 -0.00333957 -0.00234031 0.0323658 0.999468
4.1 94.3195 0.757272 1.56645 -0.00367034 -0.00270631 0.0348029 0.999384
4.15 95.4583 0.842588 1.57744 -0.00411615 -0.00336484 0.0370992 0.999297
4.2 96.7094 0.942286 1.59135 -0.00472297 -0.00324484 0.0391992 0.999215
4.25 97.848 1.03505 1.6069 -0.00571372 -0.00241738 0.0408834 0.999145
4.3 98.9827 1.1373 1.62223 -0.00578638 -0.00165282 0.0423331 0.999085
4.35 100.232 1.24504 1.64216 -0.00615994 -0.00118689 0.0438873 0.999017
4.4 101.366 1.34839 1.65815 -0.00628007 -0.00100639 0.0449297 0.99897
4.45 102.618 1.45958 1.67432 -0.00665512 -0.00127388 0.0462324 0.998908
4.5 103.757 1.56716 1.68914 -0.00649818 -0.00110976 0.0473982 0.998854
4.55 104.896 1.67317 1.7058 -0.00634958 -0.00128068 0.0485884 0.998798
4.6 106.144 1.79049 1.72955 -0.00653477 -0.0020357 0.0498826 0.998732
4.65 107.277 1.89746 1.75259 -0.00625854 -0.00247006 0.0508808 0.998682
4.7 108.407 2.01019 1.77356 -0.00749515 -0.00255888 0.051724 0.99863
4.75 109.644 2.13821 1.79916 -0.00748678 -0.00190673 0.0524875 0.998592
4.8 110.771 2.25589 1.81928 -0.00863045 -0.000843144 0.053362 0.998538
4.85 111.896 2.37612 1.83729 -0.00766592 0.000190779 0.0538094 0.998522
4.9 113.14 2.50878 1.85289 -0.00901915 -0.000413689 0.0543899 0.998479
4.95 114.271 2.63097 1.85843 -0.00956034 -0.00337602 0.0549406 0.998438
5 115.523 2.76738 1.87137 -0.00989668 -0.00464156 0.0554347 0.998402
5.05 116.665 2.89176 1.89314 -0.00970739 -0.00484968 0.0557974 0.998383
5.1 117.815 3.01577 1.91562 -0.00859519 -0.0049613 0.0561163 0.998375
5.15 119.085 3.15156 1.93878 -0.00631383 -0.00567573 0.0566205 0.99836
5.2 120.245 3.27605 1.9608 -0.00483369 -0.00555808 0.0570668 0.998343
5.25 121.411 3.40257 1.98475 -0.00351607 -0.00444428 0.0574974 0.99833
5.3 122.701 3.54614 2.00796 -0.00369448 -0.00370582 0.0578317 0.998313
5.35 123.879 3.67983 2.0257 -0.00385751 -0.00387996 0.0579628 0.998304
5.4 125.064 3.81523 2.04198 -0.00456742 -0.0041508 0.0582795 0.998281
5.45 126.377 3.96501 2.06126 -0.00466535 -0.00393054 0.0585067 0.998268
5.5 127.579 4.10182 2.07872 -0.00475711 -0.00397213 0.0589149 0.998244
5.55 128.911 4.25358 2.09715 -0.00418198 -0.00427383 0.0593631 0.998219
5.6 130.131 4.3935 2.11442 -0.00373324 -0.00503591 0.0598149 0.99819
5.65 131.36 4.53616 2.13186 -0.00376185 -0.00623787 0.0603223 0.998152
5.7 132.598 4.6816 2.15242 -0.00361867 -0.00686146 0.0608464 0.998117
5.75 133.971 4.8452 2.17811 -0.00421323 -0.00688001 0.0614816 0.998076
5.8 135.229 4.99734 2.20271 -0.00433867 -0.00553525 0.061906 0.998057
5.85 136.623 5.16689 2.2285 -0.00429004 -0.0036633 0.0623746 0.998037
5.9 137.899 5.32217 2.24632 -0.00373763 -0.00380319 0.0629094 0.998005
5.95 139.184 5.47889 2.26169 -0.00249667 -0.00499604 0.0635135 0.997965
6 140.607 5.65439 2.28112 -0.00170307 -0.00634205 0.0641952 0.997916
6.05 141.911 5.81772 2.30309 -0.00100337 -0.00647857 0.064626 0.997888
6.1 143.224 5.98471 2.32747 -0.0018437 -0.00613969 0.0650559 0.997861
6.15 144.678 6.17227 2.35407 -0.0022328 -0.00539554 0.0654529 0.997839
6.2 146.008 6.34535 2.37599 -0.00295915 -0.00530113 0.0657867 0.997815
6.25 147.48 6.53685 2.39933 -0.00287601 -0.00612646 0.0662532 0.99778
6.3 148.823 6.71158 2.42341 -0.002436 -0.00611061 0.0667323 0.997749
6.35 150.17 6.88751 2.45135 -0.00185697 -0.00488628 0.0672269 0.997724
6.4 151.519 7.06508 2.47758 -0.00163643 -0.00382799 0.0677617 0.997693
6.45 153.001 7.26295 2.50381 -0.00200046 -0.00338635 0.0684021 0.99765
6.5 154.347 7.44585 2.52653 -0.00240099 -0.00342479 0.0690362 0.997605
6.55 155.825 7.6488 2.55184 -0.00284721 -0.00350568 0.0697538 0.997554
6.6 157.168 7.83455 2.57559 -0.00260845 -0.00350869 0.0704429 0.997506
6.65 158.517 8.01258 2.58834 -0.00198773 -0.00344169 0.071292 0.997448
6.7 159.999 8.20934 2.60241 -0.00103274 -0.00252328 0.0721619 0.997389
6.75 161.343 8.39284 2.61733 -0.000354555 -0.00158687 0.0728828 0.997339
6.8 162.685 8.5793 2.63183 -6.72298e-05 -0.000265685 0.0735198 0.997294
6.85 164.16 8.78685 2.64433 -0.000546131 0.00195406 0.0740567 0.997252
6.9 165.496 8.97824 2.65189 -0.00111588 0.0018662 0.074327 0.997232
6.95 166.828 9.17048 2.65174 -0.00213546 -0.00192754 0.0742942 0.997232
7 168.287 9.38432 2.66089 -0.00329177 -0.00619661 0.0742433 0.997215
7.05 169.613 9.57657 2.68354 -0.00334795 -0.00658036 0.0742531 0.997212
7.1 170.938 9.76747 2.71529 -0.00211193 -0.00439955 0.0742401 0.997228
7.15 172.392 9.97495 2.74163 -0.000709723 -0.00408353 0.0744482 0.997216
