0 0 0 0 -8.67362e-19 0 1.38642e-17 1
0.05 0.760568 0.00729924 0.0166283 2.18264e-05 0.000564711 -0.00265252 0.999996
0.1 1.57825 0.0105871 0.0311336 -0.000634736 0.00173071 -0.0062047 0.999979
0.15 2.30365 0.00306251 0.0392226 -0.000630372 0.00290348 -0.010057 0.999945
0.2 3.01102 -0.00929793 0.0485238 -0.00126989 0.00425283 -0.0145331 0.999885
0.25 3.76758 -0.0311103 0.0573978 -0.00242442 0.00430153 -0.0207439 0.999773
0.3 4.43916 -0.0630258 0.0681709 -0.00351514 0.00372317 -0.0274378 0.99961
0.35 5.09387 -0.104379 0.0695882 -0.00373112 0.0022266 -0.034941 0.99938
0.4 5.79432 -0.153097 0.068342 -0.00430633 0.00126211 -0.0446889 0.998991
0.45 6.41854 -0.204273 0.0606805 -0.00480697 0.0010686 -0.0550166 0.998473
0.5 7.0261 -0.265076 0.0558008 -0.00430061 0.000955281 -0.0663989 0.997783
0.55 7.6824 -0.351436 0.0579916 -0.004356 -0.000301178 -0.0803643 0.996756
0.6 8.27146 -0.444456 0.0595538 -0.00590581 -0.0024928 -0.0951994 0.995438
0.65 8.91053 -0.560234 0.0504717 -0.0072938 -0.00597086 -0.113173 0.993531
0.7 9.48379 -0.689018 0.0457048 -0.00771475 -0.00824714 -0.130675 0.991361
0.75 10.0509 -0.841394 0.050291 -0.00728463 -0.00936198 -0.148976 0.98877
0.8 10.6662 -1.03608 0.0607343 -0.00728716 -0.010846 -0.170012 0.985355
0.85 11.2119 -1.22762 0.076146 -0.00762892 -0.0122027 -0.189768 0.981724
0.9 11.7436 -1.43829 0.0925422 -0.00743645 -0.0126177 -0.209691 0.977658
0.95 12.3178 -1.69836 0.111833 -0.00651938 -0.0133094 -0.231211 0.972791
1 12.8266 -1.95823 0.13595 -0.00426801 -0.0144066 -0.250578 0.96798
1.05 13.3654 -2.26375 0.162532 -0.00263692 -0.0153688 -0.27179 0.96223
1.1 13.8483 -2.56254 0.177532 -0.00247131 -0.0163356 -0.291347 0.956475
1.15 14.365 -2.90916 0.184549 -0.00427702 -0.0168925 -0.313701 0.949362
1.2 14.8327 -3.2487 0.184221 -0.00735947 -0.016659 -0.334593 0.942187
1.25 15.2873 -3.61396 0.197774 -0.00819044 -0.0164076 -0.355924 0.934335
1.3 15.7304 -4.00475 0.213536 -0.00716239 -0.0149545 -0.378106 0.925614
1.35 16.2051 -4.46588 0.238488 -0.00612382 -0.0147472 -0.403327 0.914917
1.4 16.613 -4.90698 0.259817 -0.00601049 -0.0151448 -0.426323 0.904424
1.45 17.0456 -5.42516 0.285945 -0.00633256 -0.0149759 -0.45161 0.892067
1.5 17.4187 -5.91995 0.312297 -0.00690511 -0.0137706 -0.474534 0.880103
1.55 17.7695 -6.44207 0.33759 -0.00754932 -0.0128778 -0.496955 0.867648
1.6 18.0903 -6.98555 0.359842 -0.00674667 -0.012862 -0.519336 0.854447
1.65 18.4142 -7.608 0.382317 -0.00529182 -0.0129436 -0.543672 0.839181
1.7 18.6787 -8.19583 0.406724 -0.00374471 -0.0134018 -0.565106 0.824901
1.75 18.9426 -8.86478 0.432689 -0.00247713 -0.0139377 -0.587254 0.809279
1.8 19.1504 -9.49377 0.457143 -0.00102819 -0.0146526 -0.604939 0.796136
1.85 19.3319 -10.1396 0.481344 0.000633056 -0.0158076 -0.619865 0.784549
1.9 19.5074 -10.8703 0.503968 0.00209098 -0.0175013 -0.633668 0.773405
1.95 19.6485 -11.5502 0.521368 0.00279356 -0.0184388 -0.644146 0.764675
2 19.7767 -12.2477 0.5387 0.0030093 -0.0184887 -0.652904 0.757209
2.05 19.8969 -13.0328 0.560519 0.00356827 -0.0187291 -0.660533 0.750555
2.1 19.9941 -13.7635 0.572211 0.00454309 -0.0197637 -0.665667 0.745973
2.15 20.0793 -14.5121 0.585795 0.00544199 -0.0212603 -0.66904 0.742903
2.2 20.174 -15.4347 0.598856 0.00614256 -0.0223209 -0.67123 0.740888
2.25 20.2446 -16.1446 0.615053 0.00686428 -0.0231792 -0.672001 0.740156
2.3 20.3213 -16.9495 0.632775 0.00748031 -0.023843 -0.672424 0.739744
2.35 20.3985 -17.7739 0.643734 0.00783866 -0.0239594 -0.672557 0.739615
2.4 20.4864 -18.7002 0.659219 0.00841133 -0.023931 -0.672397 0.739755
2.45 20.5655 -19.5616 0.671006 0.00893845 -0.023849 -0.672025 0.74009
2.5 20.6477 -20.4372 0.687673 0.00893293 -0.0244089 -0.671723 0.740346
2.55 20.7407 -21.4186 0.703163 0.00829903 -0.0252754 -0.671374 0.740641
2.6 20.8297 -22.3277 0.718906 0.00856276 -0.0257884 -0.671018 0.740943
2.65 20.9211 -23.2521 0.744662 0.00944956 -0.0252398 -0.670602 0.741327
2.7 21.0223 -24.2848 0.768813 0.0106999 -0.0247996 -0.670315 0.741585
2.75 21.1167 -25.2371 0.783767 0.0102107 -0.0247701 -0.669979 0.741897
2.8 21.2074 -26.2021 0.784681 0.00952626 -0.0255859 -0.669727 0.742105
2.85 21.317 -27.2778 0.797228 0.00788355 -0.0258379 -0.669151 0.742635
2.9 21.421 -28.2674 0.816601 0.00672652 -0.0255927 -0.668573 0.743176
2.95 21.5409 -29.3694 0.846432 0.00617426 -0.0239829 -0.667784 0.743943
3 21.6532 -30.3823 0.875087 0.00646221 -0.0225281 -0.666995 0.744694
3.05 21.7673 -31.4004 0.90576 0.00677895 -0.0211467 -0.666092 0.745539
3.1 21.8988 -32.5272 0.93504 0.00753322 -0.0206329 -0.665062 0.746465
3.15 22.0248 -33.5579 0.961104 0.00854345 -0.0205361 -0.663928 0.747466
3.2 22.1534 -34.5924 0.98647 0.00883715 -0.0210143 -0.662817 0.748434
3.25 22.2978 -35.7344 1.01398 0.00888137 -0.0229742 -0.661519 0.749524
3.3 22.4339 -36.7765 1.04109 0.00921332 -0.0242806 -0.660354 0.750505
3.35 22.5778 -37.8247 1.06833 0.00982044 -0.0228858 -0.659373 0.751403
3.4 22.7339 -38.9845 1.10171 0.0125931 -0.020918 -0.658465 0.752215
3.45 22.8796 -40.0447 1.12627 0.0142454 -0.0194461 -0.657826 0.752784
3.5 23.0256 -41.1073 1.14623 0.0139891 -0.0198862 -0.657429 0.753124
3.55 23.186 -42.2792 1.15667 0.0115566 -0.0241138 -0.657026 0.753394
3.6 23.3343 -43.3487 1.17836 0.00929025 -0.0252557 -0.656883 0.753512
3.65 23.4956 -44.5317 1.21224 0.00897736 -0.0246745 -0.656894 0.753526
3.7 23.6422 -45.611 1.2471 0.0095991 -0.0234639 -0.657146 0.753337
3.75 23.7896 -46.6942 1.2776 0.0101258 -0.0224578 -0.657473 0.753075
3.8 23.9503 -47.8907 1.30469 0.0102478 -0.0227452 -0.657789 0.752789
3.85 24.0951 -48.9821 1.3292 0.0102926 -0.0232486 -0.657977 0.752608
3.9 24.2424 -50.0801 1.35401 0.0107887 -0.0231203 -0.658229 0.752386
3.95 24.4035 -51.2963 1.38609 0.011427 -0.0229634 -0.658498 0.752145
4 24.5491 -52.41 1.41115 0.0114349 -0.0228583 -0.658824 0.751863
4.05 24.6966 -53.5305 1.43771 0.0133591 -0.022119 -0.659115 0.751598
4.1 24.8588 -54.7718 1.4657 0.0167735 -0.0206432 -0.659422 0.751302
4.15 25.0054 -55.9077 1.48411 0.0189907 -0.0206522 -0.659586 0.751105
4.2 25.1528 -57.0516 1.49478 0.0210352 -0.0228352 -0.65984 0.750764
4.25 25.3167 -58.3192 1.50607 0.0211221 -0.0242398 -0.659727 0.750817
4.3 25.4661 -59.4784 1.51399 0.0214783 -0.0269179 -0.659585 0.750841
4.35 25.6334 -60.7619 1.52558 0.0196479 -0.0281802 -0.659328 0.75107
4.4 25.7907 -61.9369 1.54272 0.0177015 -0.0287243 -0.659118 0.751282
4.45 25.9521 -63.1231 1.56399 0.0164991 -0.0293435 -0.658731 0.751625
4.5 26.1296 -64.4343 1.59721 0.0157001 -0.0280984 -0.658516 0.751878
4.55 26.2905 -65.6324 1.62666 0.0147995 -0.0274237 -0.658302 0.752109
4.6 26.4529 -66.838 1.65695 0.0146717 -0.0278341 -0.657892 0.752454
4.65 26.6327 -68.1734 1.69446 0.0143117 -0.0294887 -0.657143 0.753053
4.7 26.8013 -69.3959 1.72867 0.0133641 -0.0302352 -0.656557 0.753551
4.75 26.9734 -70.6264 1.76353 0.0131319 -0.0300855 -0.655934 0.754104
4.8 27.1707 -71.9908 1.80436 0.0126734 -0.0283361 -0.655332 0.754703
4.85 27.3539 -73.24 1.84101 0.0124454 -0.0268996 -0.654835 0.755191
4.9 27.5417 -74.4982 1.87626 0.011905 -0.0259032 -0.654302 0.755696
4.95 27.7492 -75.8932 1.91447 0.0118748 -0.0256223 -0.653516 0.756386
5 27.9396 -77.1678 1.9391 0.0126548 -0.0250202 -0.65281 0.757003
5.05 28.1322 -78.4504 1.96747 0.0133953 -0.0243892 -0.652217 0.757522
5.1 28.3485 -79.8698 1.99918 0.0137606 -0.0240532 -0.651463 0.758175
5.15 28.5482 -81.1664 2.02802 0.0139335 -0.0245299 -0.650838 0.758692
5.2 28.7702 -82.5972 2.05923 0.0144287 -0.0250283 -0.650098 0.759301
5.25 28.9738 -83.9 2.08407 0.0152644 -0.0249218 -0.649439 0.759852
5.3 29.1767 -85.2039 2.10969 0.0157179 -0.0245415 -0.648807 0.760394
5.35 29.4056 -86.6412 2.13323 0.0165984 -0.0241624 -0.648265 0.760851
5.4 29.6194 -87.95 2.15957 0.0171311 -0.023401 -0.647917 0.761158
5.45 29.8322 -89.2575 2.18095 0.0179208 -0.0233784 -0.647612 0.761401
5.5 30.0645 -90.6946 2.20351 0.0181463 -0.0239302 -0.647153 0.761769
5.55 30.2757 -92.0024 2.22394 0.0182426 -0.0248412 -0.646885 0.761965
5.6 30.4894 -93.3104 2.24951 0.0173649 -0.0253395 -0.646658 0.762161
5.65 30.7252 -94.7511 2.27829 0.0166617 -0.0259004 -0.646433 0.762349
5.7 30.9447 -96.0608 2.31226 0.0162898 -0.025959 -0.646271 0.762492
5.75 31.1661 -97.3684 2.34431 0.0146685 -0.0270295 -0.646105 0.762629
5.8 31.4109 -98.8061 2.39049 0.0137461 -0.0274094 -0.645897 0.762809
5.85 31.6374 -100.113 2.44106 0.0134598 -0.0262812 -0.645725 0.762999
5.9 31.8654 -101.42 2.49239 0.0140509 -0.0253271 -0.64558 0.763143
5.95 32.1119 -102.851 2.53928 0.0138242 -0.0248137 -0.645196 0.763489
6 32.332 -104.147 2.57115 0.0133693 -0.0254744 -0.644775 0.763831
6.05 32.5781 -105.575 2.61075 0.0127021 -0.0249229 -0.644304 0.764258
6.1 32.8034 -106.875 2.6462 0.0129762 -0.0241289 -0.643935 0.76459
6.15 33.0307 -108.177 2.68269 0.0140411 -0.0224064 -0.643473 0.765012
6.2 33.2812 -109.611 2.71592 0.0151507 -0.021729 -0.642835 0.765546
6.25 33.5096 -110.914 2.73783 0.015286 -0.0235478 -0.642286 0.765951
6.3 33.7415 -112.22 2.76056 0.0159512 -0.0246836 -0.641735 0.766363
6.35 34.0029 -113.661 2.78878 0.0160303 -0.0239587 -0.640968 0.767026
6.4 34.2432 -114.973 2.8151 0.0164021 -0.0245706 -0.640321 0.767539
6.45 34.4885 -116.285 2.83905 0.0157804 -0.0237917 -0.639789 0.76802
6.5 34.7604 -117.732 2.8693 0.0157965 -0.0231654 -0.639164 0.76856
6.55 35.0081 -119.049 2.88762 0.0161139 -0.0231565 -0.638574 0.769043
6.6 35.2625 -120.375 2.91461 0.016685 -0.0235489 -0.63797 0.76952
6.65 35.5433 -121.834 2.9402 0.0174324 -0.0237831 -0.637351 0.770009
6.7 35.7996 -123.161 2.96136 0.0176371 -0.0245282 -0.636789 0.770446
6.75 36.0571 -124.492 2.98154 0.016055 -0.0260713 -0.636241 0.770883
6.8 36.345 -125.96 3.00918 0.0144735 -0.0272418 -0.635821 0.77122
6.85 36.6079 -127.301 3.04212 0.0135531 -0.0269149 -0.635718 0.771333
6.9 36.8997 -128.786 3.0852 0.0125094 -0.0260449 -0.63551 0.771552
6.95 37.1693 -130.136 3.11901 0.0120808 -0.0257288 -0.635271 0.771766
7 37.4427 -131.491 3.15603 0.0121535 -0.0246232 -0.635173 0.771882
7.05 37.7482 -132.986 3.20152 0.0108683 -0.0235275 -0.63518 0.771929
7.1 38.0206 -134.341 3.23696 0.0098349 -0.0228801 -0.635055 0.772066
7.15 38.2932 -135.698 3.27692 0.0102432 -0.021396 -0.634928 0.772207
7.2 38.5939 -137.19 3.31714 0.0117832 -0.0194712 -0.634858 0.772294
7.25 38.8645 -138.546 3.35061 0.0130854 -0.0189075 -0.634686 0.772428
7.3 39.1328 -139.898 3.38165 0.0138088 -0.0194313 -0.634426 0.772616
7.35 39.4265 -141.382 3.41525 0.0144299 -0.0207478 -0.634203 0.772754
7.4 39.6948 -142.731 3.44765 0.0156481 -0.0223523 -0.633975 0.772872
7.45 39.9603 -144.078 3.48301 0.016363 -0.0240984 -0.633563 0.773143
7.5 40.2549 -145.56 3.52285 0.0160606 -0.0255786 -0.633009 0.773555
7.55 40.5225 -146.906 3.56606 0.0168595 -0.0251068 -0.632881 0.773658
7.6 40.8235 -148.385 3.61379 0.0173657 -0.0214618 -0.632941 0.773707
7.65 41.095 -149.724 3.64446 0.0181823 -0.0204348 -0.63301 0.77366
7.7 41.3607 -151.06 3.66746 0.0175167 -0.0214404 -0.632706 0.773897
7.75 41.6499 -152.528 3.69883 0.018562 -0.0237254 -0.632187 0.77423
7.8 41.913 -153.858 3.72461 0.0196791 -0.0248081 -0.631543 0.774694
7.85 42.1806 -155.183 3.75305 0.0188089 -0.0260161 -0.630664 0.775391
7.9 42.477 -156.639 3.78882 0.018701 -0.0283796 -0.629928 0.77591
7.95 42.7524 -157.959 3.82865 0.0172623 -0.0268092 -0.629593 0.776271
8 43.0234 -159.276 3.86982 0.0162128 -0.0256127 -0.629132 0.776707
8.05 43.3212 -160.726 3.91522 0.0162998 -0.0236424 -0.628546 0.777242
8.1 43.5961 -162.041 3.95474 0.0155664 -0.0233186 -0.628049 0.777668
8.15 43.9047 -163.482 3.99585 0.0140293 -0.0241573 -0.627597 0.778037
8.2 44.1861 -164.788 4.03503 0.013083 -0.0238273 -0.627281 0.778318
8.25 44.4691 -166.092 4.0776 0.0128733 -0.022737 -0.627009 0.778574
8.3 44.7809 -167.523 4.12262 0.0125694 -0.0224895 -0.626691 0.778842
8.35 45.0651 -168.82 4.16435 0.0129334 -0.0225201 -0.626423 0.77905
8.4 45.3507 -170.115 4.20389 0.0141604 -0.0212349 -0.626169 0.779269
8.45 45.6607 -171.535 4.24986 0.015952 -0.0191518 -0.625916 0.779492
8.5 45.9447 -172.825 4.28343 0.0166005 -0.0193407 -0.625825 0.779547
8.55 46.2367 -174.113 4.31132 0.0161248 -0.020337 -0.625826 0.779531
8.6 46.5514 -175.526 4.33958 0.0148112 -0.0221591 -0.62579 0.779536
8.65 46.8358 -176.809 4.3672 0.014077 -0.0235575 -0.625716 0.779568
8.7 47.1201 -178.096 4.40124 0.0144944 -0.0234282 -0.625677 0.779596
8.75 47.4362 -179.513 4.44037 0.015757 -0.0222038 -0.625652 0.779627
8.8 47.7234 -180.806 4.47169 0.0163349 -0.021779 -0.625536 0.77972
8.85 48.0122 -182.1 4.50116 0.0164218 -0.0223583 -0.625522 0.779713
8.9 48.33 -183.526 4.53354 0.0171715 -0.0235576 -0.62558 0.779615
8.95 48.6182 -184.826 4.56406 0.0171116 -0.0240346 -0.625472 0.779689
9 48.939 -186.255 4.59901 0.0164072 -0.0261612 -0.625318 0.779759
9.05 49.232 -187.556 4.63694 0.0143732 -0.0282482 -0.62523 0.779797
9.1 49.56 -188.992 4.69111 0.0122827 -0.0281027 -0.624953 0.78006
9.15 49.8576 -190.299 4.74536 0.0113442 -0.0272107 -0.624348 0.78059
9.2 50.1599 -191.608 4.80709 0.0114699 -0.0247552 -0.623832 0.781083
9.25 50.4618 -192.917 4.86337 0.012242 -0.0229261 -0.623336 0.781522
9.3 50.8036 -194.358 4.92071 0.0134578 -0.021603 -0.622627 0.782105
9.35 51.1172 -195.668 4.9677 0.0146016 -0.0226985 -0.621702 0.782788
9.4 51.4316 -196.976 5.01204 0.0148369 -0.0241368 -0.620673 0.783557
9.45 51.7809 -198.415 5.06523 0.0153584 -0.0241277 -0.61968 0.784333
9.5 52.1011 -199.719 5.11239 0.0151008 -0.0226025 -0.618905 0.784996
9.55 52.4584 -201.158 5.16247 0.0153482 -0.0211805 -0.618269 0.785531
9.6 52.7821 -202.468 5.20188 0.0156144 -0.0196528 -0.617867 0.785882
9.65 53.1059 -203.779 5.23388 0.0167436 -0.0202297 -0.617357 0.786244
9.7 53.4633 -205.218 5.26553 0.0176745 -0.0232148 -0.616481 0.786829
9.75 53.7929 -206.526 5.30017 0.0163208 -0.0249773 -0.615594 0.787498
9.8 54.124 -207.834 5.34209 0.0155763 -0.0254264 -0.614546 0.788317
9.85 54.4983 -209.282 5.39017 0.0159143 -0.0212981 -0.613615 0.789157
9.9 54.8407 -210.597 5.42894 0.0168885 -0.0195182 -0.612722 0.789877
9.95 55.1847 -211.912 5.46325 0.0172431 -0.0205447 -0.611671 0.790657
10 55.5662 -213.359 5.49924 0.0163787 -0.0230073 -0.61035 0.791628
10.05 55.915 -214.675 5.53614 0.017068 -0.0251633 -0.609355 0.792314
10.1 56.2734 -215.994 5.58095 0.0166471 -0.0234159 -0.608351 0.793148
10.15 56.6709 -217.441 5.62644 0.0173786 -0.0233214 -0.607565 0.793737
10.2 57.0396 -218.756 5.66216 0.0148136 -0.0241392 -0.607233 0.794019
10.25 57.406 -220.071 5.70298 0.0117472 -0.0252903 -0.607023 0.794195
10.3 57.8076 -221.526 5.76771 0.0101454 -0.0263616 -0.606982 0.794213
10.35 58.1701 -222.843 5.831 0.0107688 -0.0242864 -0.606927 0.794313
10.4 58.5665 -224.29 5.8945 0.0122178 -0.0219612 -0.606865 0.794408
10.45 58.929 -225.605 5.93747 0.0121238 -0.0219821 -0.606908 0.794376
10.5 59.2982 -226.923 5.97995 0.0126951 -0.0219906 -0.607125 0.7942
10.55 59.7095 -228.374 6.02889 0.0118116 -0.021142 -0.607445 0.793993
10.6 60.0824 -229.696 6.0702 0.0116882 -0.0214982 -0.607829 0.793691
10.65 60.463 -231.02 6.12064 0.0124811 -0.0197901 -0.608405 0.793282
10.7 60.8735 -232.481 6.17179 0.0131694 -0.0186256 -0.608651 0.79311
10.75 61.2473 -233.81 6.21332 0.0139119 -0.0192278 -0.608687 0.793056
10.8 61.6188 -235.14 6.24483 0.01295 -0.0215385 -0.608665 0.793029
10.85 62.0268 -236.603 6.28866 0.0122124 -0.0218066 -0.608695 0.793011
10.9 62.3936 -237.935 6.33213 0.0119819 -0.0211753 -0.60871 0.79302
10.95 62.7954 -239.403 6.38381 0.0133005 -0.020539 -0.60863 0.793077
11 63.161 -240.743 6.42783 0.0151828 -0.0193405 -0.608546 0.793138
11.05 63.5247 -242.082 6.46537 0.0168861 -0.0199451 -0.608339 0.793247
11.1 63.9196 -243.558 6.50176 0.0173694 -0.0218695 -0.608195 0.793296
11.15 64.2799 -244.899 6.5318 0.0154313 -0.023891 -0.608119 0.793336
11.2 64.6397 -246.238 6.56616 0.0138807 -0.0254654 -0.608228 0.793232
11.25 65.043 -247.718 6.61767 0.01259 -0.0244819 -0.608442 0.79312
11.3 65.4038 -249.068 6.67013 0.012125 -0.023838 -0.608667 0.792975
11.35 65.7657 -250.418 6.71784 0.0111351 -0.0231201 -0.60878 0.792924
11.4 66.1614 -251.903 6.76631 0.00977977 -0.0238403 -0.60887 0.792851
11.45 66.5271 -253.258 6.81408 0.0092868 -0.0231935 -0.609031 0.792753
11.5 66.8931 -254.617 6.8632 0.00989683 -0.0211083 -0.609254 0.792632
11.55 67.2938 -256.116 6.91036 0.0105449 -0.0200649 -0.609337 0.792587
11.6 67.6566 -257.48 6.94442 0.0108673 -0.0200472 -0.609369 0.792559
11.65 68.0124 -258.844 6.97133 0.0120195 -0.0199961 -0.609374 0.79254
11.7 68.4114 -260.354 7.00459 0.0135132 -0.0191479 -0.609378 0.792534
11.75 68.7724 -261.728 7.02608 0.0135036 -0.0198517 -0.609349 0.792538
11.8 69.1762 -263.251 7.05535 0.0128825 -0.021274 -0.609345 0.792515
11.85 69.5443 -264.64 7.08674 0.0126056 -0.021737 -0.609393 0.79247
11.9 69.9845 -266.312 7.12484 0.0128976 -0.0219701 -0.609436 0.792426
11.95 70.3146 -267.571 7.1543 0.0132154 -0.0217228 -0.609419 0.79244
12 70.6813 -268.974 7.18426 0.0137934 -0.0215883 -0.609384 0.792461
12.05 71.047 -270.381 7.21104 0.0141615 -0.0211054 -0.609443 0.792422
12.1 71.4504 -271.935 7.23938 0.0149275 -0.0214162 -0.609541 0.792325
12.15 71.8247 -273.355 7.26686 0.0139324 -0.0222786 -0.609524 0.792332
12.2 72.1949 -274.776 7.29414 0.0136449 -0.0235954 -0.609497 0.79232
12.25 72.6097 -276.355 7.33504 0.0145109 -0.0232604 -0.609544 0.792278
12.3 72.9882 -277.796 7.37038 0.0156762 -0.0226598 -0.609597 0.792232
12.35 73.4071 -279.388 7.40552 0.0160318 -0.0238656 -0.609451 0.792302
12.4 73.789 -280.839 7.43817 0.0158942 -0.0250412 -0.609364 0.792336
12.45 74.1764 -282.299 7.47973 0.016109 -0.0251083 -0.60935 0.79234
12.5 74.6058 -283.911 7.52784 0.0151447 -0.0245232 -0.609352 0.792376
12.55 74.9924 -285.379 7.56856 0.014482 -0.0254733 -0.60942 0.792306
12.6 75.3778 -286.849 7.6101 0.0128535 -0.0254803 -0.609556 0.792229
12.65 75.8064 -288.472 7.66349 0.0120117 -0.0251808 -0.609543 0.792262
12.7 76.2029 -289.952 7.71566 0.0112986 -0.0239563 -0.60963 0.792243
12.75 76.6092 -291.44 7.77234 0.0105772 -0.0232422 -0.609698 0.792222
12.8 77.0579 -293.081 7.83414 0.0101042 -0.0219638 -0.609797 0.792189
12.85 77.4688 -294.578 7.89221 0.0107921 -0.0206155 -0.609893 0.792142
12.9 77.8748 -296.077 7.94292 0.0122793 -0.0192702 -0.609959 0.792104
12.95 78.3237 -297.729 7.99144 0.0138977 -0.0185213 -0.610081 0.792
13 78.7306 -299.235 8.0284 0.0143561 -0.0191886 -0.610194 0.79189
13.05 79.1285 -300.738 8.04794 0.0137076 -0.020894 -0.610388 0.791708
13.1 79.5662 -302.393 8.07309 0.0125835 -0.0226863 -0.610677 0.791455
13.15 79.9746 -303.893 8.12163 0.0124028 -0.0227137 -0.610885 0.791297
13.2 80.4161 -305.545 8.17989 0.0134772 -0.0211844 -0.611187 0.791088
13.25 80.8149 -307.047 8.23412 0.0145025 -0.0204903 -0.611472 0.790868
13.3 81.2088 -308.553 8.3016 0.0155044 -0.0203743 -0.611733 0.79065
13.35 81.6386 -310.206 8.35859 0.0161637 -0.0200273 -0.612004 0.790436
13.4 82.0334 -311.702 8.39987 0.0171635 -0.020464 -0.612275 0.790193
13.45 82.424 -313.195 8.44598 0.0163702 -0.0229144 -0.61254 0.789937
13.5 82.8524 -314.832 8.502 0.0148175 -0.0267145 -0.612767 0.789673
13.55 83.2409 -316.319 8.57119 0.0136917 -0.026971 -0.613052 0.789464
13.6 83.6323 -317.806 8.64137 0.0128501 -0.0259049 -0.613483 0.789179
13.65 84.0647 -319.437 8.71285 0.0111107 -0.0234299 -0.613988 0.788889
13.7 84.4572 -320.917 8.77204 0.00950609 -0.0213043 -0.614569 0.788518
13.75 84.8477 -322.394 8.83039 0.00824087 -0.0198783 -0.615079 0.788172
13.8 85.2668 -324.02 8.88785 0.00860103 -0.0183291 -0.615434 0.787929
13.85 85.641 -325.495 8.92724 0.00933639 -0.0176658 -0.615642 0.787773
13.9 86.0489 -327.117 8.96527 0.0100515 -0.0179232 -0.615848 0.787597
13.95 86.4253 -328.585 8.99175 0.0110573 -0.0180141 -0.615891 0.787548
14 86.7975 -330.053 9.02942 0.0120849 -0.0182524 -0.615763 0.787628
14.05 87.2066 -331.666 9.07109 0.0126998 -0.018266 -0.615623 0.787727
14.1 87.5773 -333.131 9.10841 0.0127631 -0.0183045 -0.615482 0.787835
14.15 87.9466 -334.594 9.14021 0.0131197 -0.0184182 -0.615278 0.787986
14.2 88.359 -336.197 9.16572 0.0137951 -0.0182348 -0.615099 0.788119
14.25 88.7297 -337.654 9.19004 0.0140455 -0.0190993 -0.614825 0.788307
14.3 89.0989 -339.11 9.21133 0.0143997 -0.0199547 -0.614551 0.788493
14.35 89.5048 -340.711 9.24939 0.0145699 -0.0208119 -0.614304 0.78866
14.4 89.8784 -342.16 9.27774 0.0144988 -0.0218373 -0.613958 0.788903
14.45 90.2524 -343.607 9.30966 0.014366 -0.022064 -0.613651 0.789138
14.5 90.6665 -345.198 9.34914 0.0149072 -0.0210081 -0.613371 0.789374
14.55 91.0409 -346.642 9.379 0.0153918 -0.0199224 -0.613092 0.78961
14.6 91.4156 -348.085 9.41155 0.0155419 -0.0200338 -0.612776 0.78985
14.65 91.8317 -349.667 9.44388 0.0151735 -0.0209013 -0.612382 0.79014
14.7 92.21 -351.105 9.471 0.0146095 -0.0212668 -0.611975 0.790456
14.75 92.5906 -352.54 9.49717 0.0141231 -0.0213883 -0.61165 0.790713
14.8 93.0065 -354.119 9.52992 0.0132385 -0.0212794 -0.611298 0.791004
14.85 93.3869 -355.553 9.55402 0.0133857 -0.0213504 -0.610946 0.791271
14.9 93.7706 -356.986 9.5816 0.0134991 -0.0214995 -0.610532 0.791585
14.95 94.1943 -358.562 9.6113 0.0137796 -0.0219492 -0.610064 0.791928
15 94.5789 -359.995 9.64304 0.0137516 -0.0220173 -0.609626 0.792264
15.05 95.0046 -361.57 9.68029 0.0137096 -0.0224624 -0.609185 0.792591
15.1 95.3913 -363.002 9.719 0.0139901 -0.0229837 -0.608842 0.792835
15.15 95.782 -364.433 9.75636 0.0142821 -0.0234509 -0.608392 0.793162
15.2 96.2135 -366.007 9.79641 0.0143634 -0.024503 -0.607952 0.793466
15.25 96.605 -367.439 9.83659 0.0141509 -0.0253947 -0.607652 0.793671
15.3 96.9989 -368.872 9.87966 0.014667 -0.0254639 -0.607527 0.793755
15.35 97.4329 -370.451 9.93184 0.0147849 -0.0247864 -0.60743 0.793849
15.4 97.832 -371.887 9.96899 0.0147726 -0.0255493 -0.607326 0.793904
15.45 98.2289 -373.325 10.0068 0.0132176 -0.0259918 -0.607275 0.793956
15.5 98.6691 -374.908 10.0556 0.0119853 -0.0261841 -0.607397 0.793876
15.55 99.0684 -376.351 10.1061 0.011806 -0.0248641 -0.607469 0.793866
15.6 99.4663 -377.797 10.154 0.0122022 -0.0252618 -0.607485 0.793835
15.65 99.9078 -379.39 10.197 0.0121288 -0.0267868 -0.607492 0.793781
