0 -9.31323e-10 4.65661e-10 0 0 -4.33681e-19 1.38778e-17 1
0.05 1.76083 0.00877054 0.0195811 -0.000671619 0.000555714 0.000642603 0.999999
0.1 3.51854 0.0190573 0.0362708 -0.00117709 0.000595233 0.001219 0.999998
0.15 5.44847 0.0336046 0.0531746 -0.00207089 0.00114659 0.00179285 0.999996
0.2 7.19955 0.0484598 0.0670896 -0.00267921 0.00171002 0.00228137 0.999992
0.25 8.94755 0.0646285 0.0793851 -0.00325194 0.00169648 0.00279416 0.999989
0.3 10.8659 0.0834309 0.0922775 -0.00389181 0.00148108 0.00336499 0.999986
0.35 12.6063 0.101347 0.105434 -0.00427571 0.000754418 0.003988 0.999983
0.4 14.3437 0.121922 0.12166 -0.00441904 -0.000139868 0.00448589 0.99998
0.45 16.2516 0.146006 0.143488 -0.0045231 -0.000929545 0.00509099 0.999976
0.5 17.9824 0.170543 0.166783 -0.00450621 -0.00118579 0.00565389 0.999973
0.55 19.7096 0.196294 0.191784 -0.00442119 -0.00176188 0.00617506 0.99997
0.6 21.6053 0.227241 0.220535 -0.00416406 -0.00183155 0.00666429 0.999967
0.65 23.3252 0.256961 0.245608 -0.00441422 -0.00139486 0.00703433 0.999965
0.7 25.042 0.288118 0.270582 -0.00451601 -0.000550838 0.00730413 0.999963
0.75 26.9262 0.32532 0.294747 -0.00494408 -0.000162698 0.0073742 0.999961
0.8 28.6366 0.359324 0.317084 -0.00505368 0.000294857 0.00735978 0.99996
0.85 30.3432 0.392903 0.336695 -0.00504435 0.000327534 0.00735439 0.99996
0.9 32.2171 0.428142 0.357402 -0.00458437 0.00112253 0.0073837 0.999962
0.95 33.9163 0.459991 0.372142 -0.00415134 0.00059763 0.0075233 0.999963
1 35.608 0.490568 0.387412 -0.00358947 4.57657e-05 0.00758036 0.999965
1.05 37.4634 0.526851 0.407748 -0.00337565 0.000188282 0.00767576 0.999965
1.1 39.142 0.559399 0.427526 -0.00292931 0.000971407 0.00770163 0.999966
1.15 40.8121 0.591834 0.445199 -0.00282787 0.00175078 0.00779487 0.999964
1.2 42.6364 0.627632 0.462746 -0.00205601 0.00205428 0.00789269 0.999965
1.25 44.2832 0.659955 0.478495 -0.0017271 0.00207716 0.00806832 0.999964
1.3 45.9139 0.690828 0.49243 -0.00141193 0.00200634 0.00838905 0.999962
1.35 47.6931 0.7265 0.509824 -0.00140061 0.00175668 0.00870226 0.99996
1.4 49.2944 0.762168 0.525351 -0.00161395 0.00157528 0.00903138 0.999957
1.45 50.8806 0.798477 0.542674 -0.00188076 0.00210681 0.00933057 0.999952
1.5 52.6058 0.839288 0.561353 -0.00230907 0.00281407 0.00966776 0.999947
1.55 54.1554 0.876017 0.577487 -0.00257487 0.00325202 0.00998109 0.999942
1.6 55.6877 0.913427 0.592239 -0.00272386 0.00319612 0.0102512 0.999939
1.65 57.3511 0.95503 0.606858 -0.00265247 0.0020956 0.0106536 0.999938
1.7 58.8471 0.992495 0.623562 -0.00228934 0.00163782 0.011223 0.999933
1.75 60.4739 1.03656 0.642281 -0.00203207 0.00170494 0.0118165 0.999927
1.8 61.9379 1.07801 0.658789 -0.00201434 0.00190072 0.0123275 0.99992
1.85 63.3877 1.12109 0.675141 -0.00226983 0.00254887 0.0127912 0.999912
1.9 64.9675 1.16838 0.693208 -0.00248724 0.00243218 0.0133774 0.999904
1.95 66.3903 1.21219 0.706293 -0.00286921 0.00200149 0.0139258 0.999897
2 67.8043 1.25843 0.720899 -0.00298738 0.00166848 0.0144585 0.99989
2.05 69.3493 1.31046 0.737236 -0.00277119 0.00108756 0.0151581 0.999881
2.1 70.7449 1.35878 0.75169 -0.00254298 0.000638136 0.0157981 0.999872
2.15 72.1343 1.40792 0.767107 -0.00240454 0.000581833 0.016394 0.999863
2.2 73.6544 1.46412 0.786766 -0.00242818 0.000703204 0.0170399 0.999852
2.25 75.0288 1.51648 0.804955 -0.00216948 0.00048461 0.0176437 0.999842
2.3 76.3925 1.56867 0.821082 -0.00212243 -0.00018843 0.0182971 0.99983
2.35 77.8841 1.62783 0.840166 -0.00153106 -0.000875509 0.0189446 0.999819
2.4 79.2323 1.68372 0.858311 -0.00162258 -0.000825576 0.0195318 0.999808
2.45 80.5734 1.7419 0.878283 -0.00177415 -5.265e-05 0.0200814 0.999797
2.5 82.0399 1.80852 0.898298 -0.00217185 0.000331854 0.0206039 0.999785
2.55 83.3629 1.8693 0.912528 -0.0025515 0.000198603 0.0210359 0.999775
2.6 84.679 1.93034 0.926913 -0.0025744 0.000105294 0.0215558 0.999764
2.65 86.1167 1.99813 0.943691 -0.00241089 0.000296272 0.0221971 0.999751
2.7 87.414 2.06175 0.957476 -0.0021867 0.000201567 0.0227214 0.999739
2.75 88.8309 2.13244 0.97508 -0.00182611 0.000497464 0.0233421 0.999726
2.8 90.1049 2.1962 0.989951 -0.00145544 0.00104526 0.0238547 0.999714
2.85 91.3623 2.25934 1.00196 -0.00137104 0.00125557 0.0243515 0.999702
2.9 92.7305 2.33076 1.01676 -0.000995091 0.00131506 0.024925 0.999688
2.95 93.9583 2.39675 1.03194 -0.000703693 0.00167716 0.0254484 0.999674
3 95.1702 2.46404 1.04823 -0.000789244 0.00219542 0.0259326 0.999661
3.05 96.4844 2.53978 1.06555 -0.00109053 0.00250884 0.0264866 0.999645
3.1 97.66 2.60829 1.0802 -0.0013208 0.00278872 0.0269111 0.999633
3.15 98.8176 2.6761 1.09399 -0.00178181 0.00262395 0.027366 0.99962
3.2 100.07 2.75046 1.10666 -0.00206632 0.0017238 0.027854 0.999608
3.25 101.193 2.81723 1.11935 -0.00209948 0.00120838 0.0283276 0.999596
3.3 102.302 2.88237 1.1325 -0.00253647 0.00109118 0.0288223 0.999581
3.35 103.506 2.95676 1.14781 -0.00253623 0.00119639 0.0293222 0.999566
3.4 104.587 3.02508 1.16037 -0.00285309 0.0013813 0.0297855 0.999551
3.45 105.764 3.10097 1.17348 -0.00286486 0.00136188 0.0303205 0.999535
3.5 106.822 3.17069 1.1828 -0.00306509 0.0011958 0.03081 0.99952
3.55 107.871 3.24069 1.19277 -0.00325856 0.00124293 0.0313558 0.999502
3.6 109.015 3.31635 1.20535 -0.00329734 0.00129937 0.0318675 0.999486
3.65 110.047 3.38643 1.2183 -0.00307041 0.00118495 0.0323671 0.999471
3.7 111.068 3.4563 1.22901 -0.00306346 0.00120753 0.0329041 0.999453
3.75 112.178 3.53287 1.24172 -0.00305337 0.00146398 0.0335903 0.99943
3.8 113.175 3.60287 1.25236 -0.00304562 0.00150566 0.0341887 0.99941
3.85 114.163 3.67357 1.26375 -0.00298064 0.00147717 0.0347632 0.99939
3.9 115.241 3.75269 1.27408 -0.00312628 0.00107444 0.0353127 0.999371
3.95 116.216 3.82433 1.28508 -0.00330523 0.000684111 0.035694 0.999357
4 117.186 3.89624 1.29629 -0.00331378 0.000506226 0.0360274 0.999345
4.05 118.248 3.97483 1.30897 -0.00341787 0.000543235 0.0363484 0.999333
4.1 119.209 4.04561 1.32173 -0.00341086 0.000681523 0.0366885 0.999321
4.15 120.26 4.12318 1.33581 -0.00340913 0.000664919 0.0370944 0.999306
4.2 121.209 4.19556 1.34754 -0.00348416 0.000713367 0.0374476 0.999292
4.25 122.153 4.26896 1.35918 -0.00375992 0.000904294 0.0377414 0.99928
4.3 123.187 4.34816 1.37351 -0.00385022 0.00122924 0.0380348 0.999268
4.35 124.123 4.42122 1.38466 -0.00380766 0.00139142 0.0383087 0.999258
4.4 125.053 4.4935 1.39481 -0.00381157 0.00124085 0.038535 0.999249
4.45 126.071 4.57451 1.40544 -0.00376913 0.00129334 0.0387562 0.999241
4.5 126.99 4.64664 1.41484 -0.00375702 0.00154816 0.0390791 0.999228
4.55 127.901 4.71925 1.42452 -0.00376832 0.00188804 0.0392581 0.99922
4.6 128.892 4.79989 1.43439 -0.00375037 0.00182307 0.039265 0.99922
4.65 129.781 4.87235 1.44353 -0.00367357 0.00156829 0.0389973 0.999231
4.7 130.658 4.94162 1.4516 -0.00335854 0.00127849 0.0387402 0.999243
4.75 131.61 5.01541 1.46078 -0.00316314 0.00140535 0.03848 0.999253
4.8 132.463 5.08317 1.46969 -0.00278001 0.00158045 0.0383705 0.999258
4.85 133.387 5.1547 1.47902 -0.00205608 0.00181273 0.0382815 0.999263
4.9 134.216 5.21881 1.48875 -0.00135223 0.00192902 0.0381575 0.999269
4.95 135.031 5.28159 1.49536 -0.0011166 0.00222785 0.0379003 0.999278
5 135.917 5.35067 1.50294 -0.00123479 0.00179042 0.0377661 0.999284
5.05 136.713 5.41068 1.50897 -0.000923356 0.00132141 0.0376136 0.999291
5.1 137.582 5.47818 1.51643 -0.00057513 0.000599484 0.0374244 0.999299
5.15 138.363 5.53873 1.52388 -0.000286832 -5.43429e-05 0.0372435 0.999306
5.2 139.137 5.59865 1.53078 -0.000521535 -0.000407591 0.036965 0.999316
5.25 139.982 5.66416 1.5363 -0.000862562 -0.00029187 0.0368038 0.999322
5.3 140.744 5.72172 1.54583 -0.00109948 0.000267305 0.0366293 0.999328
5.35 141.499 5.77888 1.55672 -0.00155022 0.00053984 0.0364003 0.999336
5.4 142.318 5.84001 1.56388 -0.00185231 9.44878e-05 0.0359643 0.999351
5.45 143.053 5.8938 1.56997 -0.00214308 -0.000346764 0.0351717 0.999379
5.5 143.777 5.94634 1.5768 -0.00258533 -0.000600614 0.0344442 0.999403
5.55 144.562 6.00288 1.58713 -0.00298007 -0.000237037 0.0336715 0.999428
5.6 145.264 6.05185 1.59637 -0.00325527 -0.000114556 0.0330194 0.999449
5.65 145.957 6.09908 1.60493 -0.00320781 -0.000100706 0.0324204 0.999469
5.7 146.707 6.14878 1.61251 -0.0031554 -0.000148291 0.0316989 0.999492
5.75 147.384 6.19339 1.61737 -0.00337981 -0.000391489 0.0310293 0.999513
5.8 148.058 6.23639 1.62412 -0.0031769 -0.000563492 0.0305211 0.999529
5.85 148.796 6.28517 1.63409 -0.00309914 -0.000412769 0.0299523 0.999546
5.9 149.464 6.32959 1.64488 -0.00299707 -0.000353962 0.0298463 0.99955
5.95 150.129 6.37347 1.65495 -0.00270797 -0.000429397 0.0299105 0.999549
6 150.859 6.4216 1.66592 -0.00245929 -0.000261241 0.0303185 0.999537
6.05 151.52 6.4687 1.67708 -0.00234481 1.53045e-05 0.0312274 0.99951
6.1 152.243 6.52039 1.68802 -0.00215097 0.000220107 0.0325288 0.999468
6.15 152.898 6.57081 1.69865 -0.00223829 0.000351003 0.0336283 0.999432
6.2 153.55 6.61958 1.70746 -0.00209931 0.00013903 0.0347163 0.999395
6.25 154.263 6.67351 1.7136 -0.00216394 -0.000353636 0.0358377 0.999355
6.3 154.909 6.72337 1.71897 -0.00218087 -0.000902306 0.0365694 0.999328
6.35 155.557 6.77435 1.72747 -0.00203173 -0.0013983 0.037336 0.9993
6.4 156.273 6.83195 1.73715 -0.00171434 -0.00190084 0.037809 0.999282
6.45 156.928 6.88496 1.74646 -0.0017696 -0.00230534 0.0380497 0.999272
6.5 157.587 6.93707 1.75995 -0.00158408 -0.00204805 0.0383222 0.999262
6.55 158.315 6.99533 1.7749 -0.00151044 -0.00161819 0.0385514 0.999254
6.6 158.979 7.04786 1.78612 -0.00142307 -0.0017744 0.0387551 0.999246
6.65 159.711 7.10481 1.79566 -0.00133182 -0.00181651 0.0390764 0.999234
6.7 160.381 7.15761 1.80177 -0.00120841 -0.00192465 0.0392079 0.999228
6.75 161.056 7.21232 1.81112 -0.00111421 -0.00212989 0.0394379 0.999219
6.8 161.802 7.2702 1.81958 -0.000856368 -0.00209445 0.0396737 0.99921
6.85 162.485 7.32626 1.82906 -0.000787088 -0.00204911 0.0398148 0.999205
6.9 163.174 7.38261 1.83845 -0.00106494 -0.00205554 0.0400886 0.999193
6.95 163.937 7.44472 1.84912 -0.0011264 -0.00184722 0.0403298 0.999184
7 164.636 7.50333 1.85925 -0.0010877 -0.0019585 0.0404532 0.999179
7.05 165.339 7.5616 1.86699 -0.000902163 -0.0022958 0.040669 0.99917
7.1 166.118 7.62818 1.87543 -0.00105117 -0.00226806 0.0407911 0.999165
7.15 166.829 7.68782 1.88069 -0.00142417 -0.00227184 0.0409682 0.999157
7.2 167.614 7.75355 1.88968 -0.00142651 -0.00208497 0.0412258 0.999147
7.25 168.33 7.81111 1.89942 -0.0014357 -0.00176154 0.0413993 0.99914
7.3 169.046 7.87037 1.90807 -0.00161706 -0.00175462 0.0415756 0.999133
7.35 169.833 7.93767 1.91894 -0.00181116 -0.00188715 0.0418007 0.999123
7.4 170.55 7.99847 1.92802 -0.00183507 -0.00223784 0.0419933 0.999114
7.45 171.268 8.05893 1.93629 -0.00193935 -0.00230322 0.0423238 0.999099
7.5 172.057 8.12482 1.94497 -0.00204247 -0.00232209 0.042789 0.999079
7.55 172.775 8.18576 1.95505 -0.00218895 -0.00241117 0.0436292 0.999042
7.6 173.494 8.24734 1.96571 -0.00223849 -0.00255932 0.0446059 0.998999
7.65 174.288 8.31988 1.97598 -0.00273723 -0.00296008 0.0456302 0.99895
7.7 175.016 8.38703 1.98687 -0.00317521 -0.00317229 0.0468391 0.998892
7.75 175.746 8.4559 1.99762 -0.00331628 -0.00332991 0.047968 0.998838
7.8 176.555 8.53281 2.01071 -0.00328663 -0.00330023 0.0491608 0.99878
7.85 177.295 8.60588 2.02279 -0.00316581 -0.0030753 0.0503055 0.998724
7.9 178.041 8.68071 2.03311 -0.00324328 -0.00290327 0.0513214 0.998673
7.95 178.869 8.76545 2.0411 -0.00333381 -0.00307375 0.0524425 0.998614
8 179.631 8.84623 2.04968 -0.00304344 -0.00329484 0.0533275 0.998567
8.05 180.4 8.92918 2.0585 -0.0030523 -0.00357322 0.054084 0.998525
8.1 181.259 9.02493 2.06879 -0.00298839 -0.00393519 0.0549306 0.998478
8.15 182.049 9.11116 2.07699 -0.00295159 -0.00431936 0.0555382 0.998443
8.2 182.934 9.21181 2.08727 -0.00288496 -0.00466629 0.0562758 0.9984
8.25 183.75 9.30604 2.09705 -0.00290663 -0.00510517 0.0569381 0.99836
8.3 184.58 9.40283 2.10721 -0.00276428 -0.00522667 0.0576711 0.998318
8.35 185.507 9.51175 2.12011 -0.00231133 -0.00522205 0.0584365 0.998275
8.4 186.364 9.616 2.13296 -0.00247251 -0.00551784 0.059113 0.998233
8.45 187.234 9.72253 2.14516 -0.00231565 -0.00568563 0.0598254 0.99819
8.5 188.206 9.84315 2.15864 -0.002442 -0.00568613 0.060577 0.998144
8.55 189.103 9.95633 2.17248 -0.00293275 -0.00526904 0.0612768 0.998103
8.6 190.013 10.072 2.18556 -0.00322425 -0.00497403 0.0620436 0.998056
8.65 191.029 10.2013 2.20035 -0.00337477 -0.00471411 0.0628703 0.998005
8.7 191.964 10.321 2.21318 -0.00358469 -0.00494663 0.0635363 0.997961
8.75 193.008 10.4561 2.22794 -0.00353594 -0.00498123 0.0643165 0.997911
8.8 193.971 10.5822 2.24376 -0.0035248 -0.00512022 0.0648985 0.997873
8.85 194.948 10.7112 2.26123 -0.00350851 -0.00549529 0.0652875 0.997845
8.9 196.035 10.8539 2.28272 -0.00320926 -0.00545921 0.0656068 0.997825
8.95 197.034 10.9871 2.30143 -0.00364047 -0.00465652 0.0659652 0.997804
9 198.041 11.1214 2.32127 -0.00365131 -0.00353953 0.0663909 0.997781
9.05 199.158 11.2742 2.34182 -0.00366456 -0.00328973 0.0668495 0.997751
9.1 200.18 11.4159 2.35971 -0.00372605 -0.00336021 0.0674479 0.99771
9.15 201.209 11.5599 2.3764 -0.00330763 -0.00386122 0.0678943 0.99768
9.2 202.349 11.7203 2.39394 -0.00300187 -0.00385616 0.0684255 0.997644
9.25 203.392 11.867 2.4102 -0.00281347 -0.00341818 0.0687861 0.997622
9.3 204.443 12.0153 2.42698 -0.0027305 -0.00315263 0.0692693 0.997589
9.35 205.604 12.1789 2.44266 -0.00190223 -0.00352158 0.0696483 0.997564
9.4 206.666 12.3294 2.4564 -0.00177275 -0.00371369 0.0700813 0.997533
9.45 207.843 12.496 2.47252 -0.00127023 -0.00389755 0.0705649 0.997499
9.5 208.919 12.649 2.48992 -0.000592388 -0.00465084 0.0709637 0.997468
9.55 210.005 12.8045 2.50502 -4.42202e-05 -0.00527861 0.0713669 0.997436
9.6 211.208 12.9777 2.52367 0.000348829 -0.00519955 0.071838 0.997403
9.65 212.31 13.1382 2.54037 0.000161709 -0.00477937 0.0722426 0.997376
9.7 213.419 13.3016 2.55391 -0.000327294 -0.00508229 0.0726137 0.997347
9.75 214.65 13.4853 2.56961 -0.00123945 -0.0053831 0.0729917 0.997317
9.8 215.781 13.655 2.58642 -0.00252509 -0.00499567 0.073273 0.997296
9.85 216.921 13.8267 2.60306 -0.00338329 -0.00453321 0.0733301 0.997292
9.9 218.186 14.0173 2.61723 -0.00420524 -0.00466212 0.0734035 0.997283
9.95 219.346 14.1928 2.62931 -0.00452512 -0.00547705 0.0734395 0.997274
10 220.516 14.3692 2.64098 -0.00455721 -0.00583553 0.073416 0.997274
10.05 221.817 14.5624 2.65586 -0.00421899 -0.00517821 0.0734704 0.997275
10.1 223.01 14.7396 2.67187 -0.00375932 -0.0042925 0.073477 0.997281
10.15 224.333 14.936 2.68751 -0.00293708 -0.0035615 0.073511 0.997284
10.2 225.542 15.1154 2.70076 -0.00195986 -0.00356132 0.0738052 0.997264
10.25 226.755 15.2944 2.7139 -0.000610274 -0.00358315 0.0740312 0.997249
10.3 228.095 15.4944 2.73084 -0.000110788 -0.00243641 0.0743144 0.997232
10.35 229.316 15.6775 2.74668 0.000282606 -0.00128295 0.0745718 0.997215
10.4 230.539 15.8632 2.75937 3.97254e-06 -0.00220728 0.0748101 0.997195
10.45 231.888 16.0699 2.77144 -0.000366306 -0.00424828 0.0749989 0.997174
10.5 233.12 16.2613 2.78654 -0.00131654 -0.00544008 0.0752909 0.997146
10.55 234.355 16.4522 2.80639 -0.00191094 -0.0052657 0.0754191 0.997136
10.6 235.72 16.6633 2.83111 -0.00280164 -0.00407379 0.0756092 0.997125
10.65 236.966 16.8559 2.85185 -0.00323464 -0.00325551 0.0757965 0.997113
10.7 238.341 17.0681 2.86948 -0.00313603 -0.00315221 0.0759255 0.997104
10.75 239.596 17.2623 2.88446 -0.00323821 -0.00328023 0.0760783 0.997091
10.8 240.856 17.4572 2.8978 -0.00322298 -0.00364084 0.0763479 0.997069
10.85 242.25 17.6745 2.91362 -0.0032564 -0.0039416 0.0765275 0.997054
10.9 243.523 17.873 2.92844 -0.00315341 -0.0045285 0.076656 0.997042
10.95 244.803 18.0732 2.94736 -0.00271724 -0.00555913 0.0768506 0.997023
11 246.217 18.2943 2.97103 -0.00199184 -0.00614562 0.0771615 0.996998
11.05 247.51 18.4965 2.99607 -0.00162431 -0.00590529 0.0773608 0.996984
11.1 248.938 18.7198 3.02349 -0.000868434 -0.00516878 0.0775338 0.996976
11.15 250.244 18.9261 3.04594 -0.000868082 -0.0045024 0.0777011 0.996966
11.2 251.556 19.1339 3.06655 -0.000464331 -0.00412921 0.0778082 0.99696
11.25 253.007 19.3636 3.08779 -0.000262268 -0.00350189 0.0780368 0.996944
11.3 254.332 19.5756 3.10772 -0.00028948 -0.00287789 0.0782237 0.996932
11.35 255.663 19.7894 3.12678 -0.000277827 -0.00256753 0.078145 0.996939
11.4 257.132 20.0253 3.14697 -0.000685238 -0.00302878 0.0776372 0.996977
11.45 258.473 20.2412 3.16469 -0.0011571 -0.00348868 0.0771015 0.997016
11.5 259.821 20.4549 3.183 -0.00116294 -0.00308764 0.0765222 0.997062
11.55 261.309 20.687 3.20361 -0.00164866 -0.00310155 0.0758878 0.99711
11.6 262.669 20.8965 3.22022 -0.00134458 -0.00421389 0.0753119 0.99715
11.65 264.036 21.1071 3.23813 -0.00137946 -0.0042655 0.0747904 0.997189
11.7 265.548 21.3391 3.26103 -0.00183878 -0.00255031 0.0741452 0.997242
11.75 266.928 21.5486 3.27815 -0.00170916 -0.00226098 0.0735077 0.997291
11.8 268.315 21.7571 3.29199 -0.00171781 -0.0027776 0.0730461 0.997323
11.85 269.85 21.9858 3.30778 -0.0014841 -0.00328715 0.0728089 0.997339
11.9 271.251 22.1934 3.32381 -0.000865112 -0.00276063 0.0726578 0.997353
11.95 272.731 22.4117 3.33863 -0.000566919 -0.00275486 0.0726514 0.997353
12 274.212 22.6299 3.35345 -0.000268727 -0.00274909 0.0726451 0.997354
12.05 275.632 22.8392 3.36759 4.68221e-05 -0.00284632 0.0726778 0.997351
12.1 277.2 23.0708 3.38372 0.000282116 -0.00299154 0.0727139 0.997348
12.15 278.633 23.2834 3.399 0.000604305 -0.00294636 0.0727032 0.997349
12.2 280.071 23.4941 3.41718 0.000836329 -0.00288175 0.0727418 0.997346
12.25 281.66 23.7273 3.43674 0.000980796 -0.00270055 0.072813 0.997341
12.3 283.112 23.9431 3.45486 0.000753173 -0.00227071 0.0727913 0.997344
12.35 284.568 24.1597 3.47482 0.000567179 -0.00258384 0.0727688 0.997345
12.4 286.177 24.3982 3.49449 0.00102389 -0.00372999 0.0727497 0.997343
12.45 287.645 24.6148 3.5173 0.00148594 -0.00451642 0.0727894 0.997336
12.5 289.119 24.8316 3.54312 0.00241059 -0.0037431 0.0728509 0.997333
12.55 290.744 25.0697 3.57243 0.00314793 -0.00295653 0.0729375 0.997327
12.6 292.226 25.2872 3.59542 0.00367539 -0.00280383 0.0730183 0.99732
12.65 293.711 25.5058 3.61736 0.0040085 -0.00242964 0.0731579 0.997309
12.7 295.351 25.7479 3.64535 0.00418442 -0.00206148 0.0733074 0.997298
12.75 296.844 25.969 3.66867 0.00435983 -0.00227133 0.0735787 0.997277
12.8 298.34 26.1903 3.69318 0.00514359 -0.00284727 0.0737957 0.997256
12.85 299.987 26.4334 3.71996 0.00637383 -0.00211045 0.074054 0.997232
12.9 301.484 26.6528 3.74626 0.00709806 0.000765705 0.0743421 0.997207
12.95 303.131 26.8967 3.76575 0.00646333 0.00224939 0.0747575 0.997178
13 304.625 27.1213 3.77373 0.00582257 -0.000657226 0.0748433 0.997178
13.05 306.121 27.3487 3.78929 0.00342582 -0.00172002 0.0748866 0.997185
13.1 307.766 27.5972 3.81456 0.00210729 -0.000895673 0.0750622 0.997176
13.15 309.263 27.8232 3.83451 0.00167306 0.000540445 0.0751991 0.997167
13.2 310.76 28.05 3.85023 0.00116136 0.00110664 0.0750108 0.997181
13.25 312.404 28.2986 3.86427 0.00095783 0.000991761 0.074492 0.997221
13.3 313.897 28.523 3.87583 0.000641586 0.000369131 0.0742118 0.997242
13.35 315.391 28.7451 3.88749 0.000878039 0.00012571 0.0739685 0.99726
13.4 317.031 28.9876 3.90332 0.00156344 0.00013245 0.073966 0.99726
13.45 318.522 29.2076 3.92022 0.00186906 0.000357765 0.0743021 0.997234
13.5 320.013 29.4295 3.93553 0.00231138 0.00073118 0.0748177 0.997194
13.55 321.651 29.677 3.95017 0.00242381 0.000437272 0.0753896 0.997151
13.6 323.139 29.9034 3.9651 0.00219308 0.000184465 0.0759174 0.997112
13.65 324.627 30.1304 3.97806 0.00221031 0.000154478 0.0762959 0.997083
13.7 326.264 30.3822 3.99299 0.00209085 0.000169098 0.0766302 0.997057
13.75 327.753 30.6117 4.00517 0.00206291 5.72025e-05 0.0767732 0.997046
13.8 329.392 30.8654 4.01835 0.00192609 -0.000185059 0.0769249 0.997035
13.85 330.884 31.097 4.03034 0.00171606 -0.000122374 0.0770074 0.997029
13.9 332.377 31.3285 4.04189 0.00166753 -2.99339e-05 0.0770657 0.997025
13.95 334.02 31.5828 4.05421 0.0017069 0.000163525 0.07713 0.99702
14 335.516 31.8137 4.06412 0.00209261 -7.15676e-06 0.0773234 0.997004
14.05 337.014 32.0459 4.07451 0.0025992 -0.000147301 0.0774179 0.996995
14.1 338.664 32.3028 4.08713 0.00290185 -0.000607063 0.0775596 0.996983
14.15 340.168 32.5394 4.10294 0.0029389 -0.00035304 0.0776287 0.996978
14.2 341.673 32.7771 4.11858 0.00270212 -0.000143729 0.0777309 0.996971
14.25 343.328 33.0401 4.13489 0.00240849 -0.000395009 0.0777501 0.99697
14.3 344.835 33.2792 4.15121 0.00223668 -0.000217319 0.0777499 0.99697
14.35 346.491 33.5415 4.17093 0.00224252 8.05135e-05 0.0777538 0.99697
14.4 347.995 33.7787 4.18905 0.00232675 0.000437917 0.0778832 0.99696
14.45 349.5 34.0181 4.20678 0.00228256 0.000810374 0.0779611 0.996953
14.5 351.155 34.2815 4.22207 0.00186152 0.000902198 0.0780748 0.996945
14.55 352.658 34.5223 4.2384 0.00166223 0.00115403 0.0781135 0.996942
14.6 354.159 34.7621 4.25405 0.00154342 0.0012428 0.0781839 0.996937
14.65 355.807 35.0248 4.27437 0.00121774 0.00050014 0.0782665 0.996932
14.7 357.304 35.2645 4.2914 0.00119872 -0.000206598 0.0783169 0.996928
14.75 358.947 35.5279 4.3136 0.000854032 -0.000661169 0.0783305 0.996927
14.8 360.44 35.7681 4.33499 0.000715416 0.000220337 0.0782771 0.996931
