0 4.65661e-10 1.16415e-10 0 0 4.33681e-19 -1.38913e-17 1
0.05 -0.00020819 0.000555547 0.000881577 -3.49843e-05 -2.45224e-05 -3.88025e-05 1
0.1 -6.143e-06 0.00150527 0.00143014 -3.45376e-05 -1.65725e-05 -3.47043e-05 1
0.15 -0.000355016 0.00216101 0.00164719 -2.18499e-05 -1.49002e-05 -4.86833e-05 1
0.2 -0.000683444 0.00292581 0.00185061 -3.32854e-05 -4.80197e-06 -1.60591e-05 1
0.25 -0.00102855 0.00308025 0.00303826 -2.8218e-05 9.25862e-06 -2.08854e-05 1
0.3 -0.00115134 0.00356342 0.00411086 -3.99062e-05 -1.69122e-05 -7.20897e-06 1
0.35 -0.00136868 0.00427296 0.00478055 -1.5252e-05 -1.22708e-05 -1.86511e-05 1
0.4 -0.00151284 0.0047644 0.00537223 -1.72515e-05 1.12274e-05 -1.83612e-05 1
0.45 -0.00162523 0.00542684 0.00596645 -5.50762e-05 3.33873e-05 -3.10863e-05 1
0.5 -0.00177187 0.00697016 0.00508308 -3.46238e-05 1.73446e-05 -2.77853e-05 1
0.55 -0.00143367 0.00838327 0.00415883 -4.84417e-05 3.30108e-05 -4.10911e-05 1
0.6 -0.00145373 0.00921297 0.00418404 -7.57385e-05 5.8196e-05 -5.57777e-05 1
0.65 -0.00153253 0.0102943 0.00372321 -5.58151e-05 9.63049e-06 -5.08801e-05 1
0.7 -0.00172163 0.0112245 0.00306063 -6.80713e-05 4.08517e-05 -6.84929e-05 1
0.75 -0.00177491 0.0121029 0.00167433 -7.25172e-05 3.69566e-07 -0.000110494 1
0.8 -0.00177536 0.0125415 0.000992968 -7.27846e-05 3.60776e-05 -0.000127051 1
0.85 -0.00174356 0.0131748 0.000566251 -7.28554e-05 -3.19378e-05 -8.58948e-05 1
0.9 -0.00162417 0.0141471 -9.16654e-05 -4.98168e-05 2.70866e-05 -8.76636e-05 1
0.95 -0.00152519 0.0151853 -0.000520122 -7.18773e-05 2.65328e-05 -8.317e-05 1
1 -0.001077 0.0159472 -0.0016951 -0.000106092 5.37946e-05 -0.00010383 1
1.05 -0.000739459 0.0166758 -0.00253623 -8.80698e-05 6.23515e-05 -6.82252e-05 1
1.1 -0.00021124 0.0173194 -0.00344452 -9.42616e-05 4.2639e-05 -9.14693e-05 1
1.15 8.39639e-05 0.0179207 -0.00405123 -9.61532e-05 4.9238e-05 -9.93871e-05 1
1.2 0.000674958 0.0184986 -0.00518841 -0.000124411 2.35063e-05 -8.07064e-05 1
1.25 0.00130359 0.0190264 -0.00661566 -9.90766e-05 7.38047e-05 -0.000104582 1
1.3 0.00192362 0.0195224 -0.00808158 -8.87349e-05 4.01635e-05 -9.35002e-05 1
1.35 0.00287577 0.0199583 -0.00911646 -9.71098e-05 6.98142e-05 -6.5132e-05 1
1.4 0.00338816 0.0205036 -0.0100796 -8.7146e-05 5.47429e-05 -9.98192e-05 1
1.45 0.00386497 0.0212752 -0.0121545 -0.000119561 9.8857e-05 -6.8269e-05 1
1.5 0.00451186 0.0218099 -0.0140011 -9.53492e-05 4.05585e-05 -8.49952e-05 1
1.55 0.00502586 0.0218736 -0.0155272 -9.06827e-05 9.22031e-05 -9.6354e-05 1
1.6 0.00560271 0.0222299 -0.0168275 -8.66332e-05 4.77558e-05 -0.000100906 1
1.65 0.00631707 0.0225271 -0.0183785 -8.71837e-05 7.3745e-05 -5.9584e-05 1
1.7 0.00672903 0.0231132 -0.0201514 -7.71834e-05 8.47024e-05 -9.64483e-05 1
1.75 0.00685639 0.0231575 -0.0221865 -8.2948e-05 4.50051e-05 -4.04411e-05 1
1.8 0.00693597 0.0231737 -0.0234596 -9.39881e-05 5.19678e-05 -3.73542e-05 1
1.85 0.00700851 0.023253 -0.0247014 -0.000100623 4.73441e-05 -2.74115e-05 1
1.9 0.00734467 0.0231586 -0.0266515 -0.000107785 2.91966e-05 -1.56369e-05 1
1.95 0.00744722 0.023338 -0.0277162 -0.000104563 2.79017e-05 -3.21528e-05 1
2 0.00758429 0.0230679 -0.0287402 -8.05094e-05 5.9407e-05 -7.27621e-05 1
2.05 0.00790382 0.0232534 -0.0297638 -8.23032e-05 2.86018e-05 -8.8644e-05 1
2.1 0.00788072 0.0225486 -0.0311081 -8.99694e-05 6.69036e-05 -0.000112668 1
2.15 0.00786048 0.0221911 -0.0314486 -6.33207e-05 7.00366e-05 -0.000123631 1
2.2 0.00779527 0.0212942 -0.0311629 -5.26109e-05 5.23127e-05 -6.53517e-05 1
2.25 0.007932 0.0208551 -0.0314946 -4.84171e-05 5.34494e-05 -0.000116837 1
2.3 0.00825104 0.0206541 -0.0320956 -6.26257e-05 1.77263e-05 -0.000139279 1
2.35 0.00849244 0.0205511 -0.0323531 -4.67095e-05 5.60985e-05 -0.000169304 1
2.4 0.00852034 0.0196231 -0.0323794 -3.60538e-05 6.02386e-05 -0.000180753 1
2.45 0.00892664 0.0186624 -0.03205 -4.73506e-05 5.79686e-05 -0.000158781 1
2.5 0.00929141 0.0175403 -0.0316011 -3.30631e-05 8.32239e-05 -0.000179469 1
2.55 0.00973935 0.0164536 -0.0316848 -3.37107e-05 4.90969e-05 -0.000169391 1
2.6 0.0100328 0.0161534 -0.0321424 4.77055e-06 5.75712e-05 -0.000167788 1
2.65 0.0100444 0.0155727 -0.0320578 -2.81668e-06 4.85369e-05 -0.0001244 1
2.7 0.0101737 0.0150398 -0.0318795 -9.31793e-06 9.25282e-05 -0.000123357 1
2.75 0.0103712 0.0139677 -0.0314857 -1.09587e-05 4.29089e-05 -0.000113969 1
2.8 0.0104505 0.0128646 -0.0309183 -1.05884e-05 4.42479e-05 -0.000141452 1
2.85 0.0105299 0.0117615 -0.0303509 -1.0218e-05 4.5587e-05 -0.000168935 1
2.9 0.0102193 0.0108582 -0.0302059 3.3923e-07 6.5133e-05 -0.000172695 1
2.95 0.00992586 0.00992856 -0.0299619 3.36714e-07 5.06341e-05 -0.000172873 1
3 0.00969008 0.00861766 -0.0290884 6.48422e-06 4.72688e-05 -0.000183915 1
3.05 0.00955562 0.00762039 -0.028431 2.22119e-06 3.53878e-06 -0.000165454 1
3.1 0.00930499 0.00592024 -0.0273488 3.43001e-05 7.25897e-05 -0.000169605 1
3.15 0.0092025 0.00477436 -0.0260519 2.5171e-05 3.89382e-05 -0.000198018 1
3.2 0.00889733 0.00360573 -0.02488 7.7735e-05 5.59816e-05 -0.000202311 1
3.25 0.00874323 0.00268041 -0.024222 1.19423e-05 3.87315e-05 -0.00018102 1
3.3 0.0083426 0.00139605 -0.0236251 -7.92435e-06 6.78501e-05 -0.00019016 1
3.35 0.00804299 0.000176091 -0.0235068 3.64878e-05 1.1233e-05 -0.000222359 1
3.4 0.00761365 -0.000943333 -0.0234348 4.97254e-05 -1.14618e-05 -0.000166138 1
3.45 0.00730074 -0.0019472 -0.0235124 3.57193e-05 3.30249e-05 -0.000164592 1
3.5 0.00690936 -0.00291795 -0.0238272 4.42879e-05 -2.82115e-06 -9.60332e-05 1
3.55 0.00646363 -0.00327069 -0.0238375 4.78185e-05 3.62001e-05 -9.75542e-05 1
3.6 0.00616467 -0.00366484 -0.0238693 2.60413e-05 1.74516e-05 -7.72843e-05 1
3.65 0.00567482 -0.00369064 -0.0239906 4.26018e-06 3.56932e-05 -5.60595e-05 1
3.7 0.0049432 -0.00433521 -0.0234285 4.14518e-05 -1.36271e-05 -7.11663e-05 1
3.75 0.00413944 -0.00536332 -0.022437 1.05578e-05 2.30091e-05 -4.12161e-05 1
3.8 0.00359641 -0.00611603 -0.0220492 3.808e-05 -2.01103e-06 -8.05235e-05 1
3.85 0.00294318 -0.00614512 -0.0223483 1.37037e-05 -1.58527e-05 -5.26944e-05 1
3.9 0.00255706 -0.00593875 -0.0225188 -6.64548e-07 -1.19187e-06 -2.50143e-05 1
3.95 0.00209172 -0.00591262 -0.0222729 1.62434e-05 -2.48152e-05 -5.58046e-05 1
4 0.00145422 -0.00570891 -0.0224773 1.68426e-05 1.48126e-05 -2.53174e-05 1
4.05 0.00103968 -0.0058791 -0.0225003 3.60291e-06 -2.09441e-05 -4.52574e-05 1
4.1 0.00110505 -0.00594121 -0.0227596 5.79145e-06 3.48065e-05 1.59284e-05 1
4.15 0.00118024 -0.00641884 -0.0224669 -9.09252e-07 -1.87565e-06 3.04765e-05 1
4.2 0.00102773 -0.00680248 -0.0225194 5.99214e-06 1.75752e-05 7.52153e-05 1
4.25 0.000886439 -0.00720795 -0.0224882 -5.81164e-06 -4.74533e-06 6.04407e-05 1
4.3 0.000433214 -0.00746851 -0.0224822 3.7309e-06 8.83551e-06 9.46075e-05 1
4.35 0.000519081 -0.00751654 -0.0226343 -1.78796e-05 -2.62687e-05 0.000102674 1
4.4 0.000395217 -0.00721762 -0.0223423 -3.19714e-05 -1.03147e-05 0.000146871 1
4.45 -8.704e-05 -0.00746289 -0.021459 -1.85903e-05 -2.24229e-05 0.000155721 1
4.5 -0.000134026 -0.00711473 -0.021234 -3.01492e-05 -8.43809e-06 0.000197393 1
4.55 -8.68496e-05 -0.00722623 -0.0205785 -2.31014e-05 2.21103e-05 0.00019377 1
4.6 -0.000260178 -0.00731885 -0.0195519 -2.84599e-05 1.27761e-06 0.000220513 1
4.65 -0.000437209 -0.00701262 -0.0179862 3.83876e-06 1.85604e-05 0.000198226 1
4.7 -0.000636795 -0.00688673 -0.0170487 -3.07941e-05 -2.10731e-05 0.000208237 1
4.75 -0.000846462 -0.00658555 -0.0163611 -3.02211e-05 -1.46329e-06 0.000239979 1
4.8 -0.00101964 -0.00683537 -0.0153974 -7.33248e-06 1.89928e-06 0.00021102 1
4.85 -0.000916646 -0.00576786 -0.0140704 -1.88332e-05 5.39658e-06 0.000211064 1
4.9 -0.000619601 -0.00484467 -0.0136658 -4.50769e-05 1.36679e-05 0.000229166 1
4.95 -2.53594e-05 -0.00386132 -0.0136076 -6.3013e-05 2.87246e-05 0.000224353 1
5 0.000232427 -0.00348439 -0.013424 -3.56161e-05 9.1334e-06 0.00023211 1
5.05 0.000437252 -0.00304241 -0.0133853 -3.74592e-05 2.87797e-05 0.000220352 1
5.1 0.000813346 -0.00259685 -0.0137868 -4.34991e-05 6.12878e-05 0.000260254 1
5.15 0.00105132 -0.00193866 -0.0142486 -7.49576e-05 3.08129e-05 0.000257378 1
5.2 0.00139607 -0.00104103 -0.0149197 -5.8398e-05 8.83808e-05 0.00025259 1
5.25 0.00160649 -0.00055131 -0.0153686 -6.29341e-05 7.28858e-05 0.000292398 1
5.3 0.00183101 -0.000367809 -0.0157296 -6.32465e-05 7.80586e-05 0.000278462 1
5.35 0.00243112 0.000521614 -0.01655 -0.000101111 4.71277e-05 0.000231582 1
5.4 0.00317281 0.00116215 -0.0172113 -6.89325e-05 9.03889e-05 0.000292115 1
5.45 0.00348019 0.00179158 -0.017993 -8.33714e-05 6.59361e-05 0.000287814 1
5.5 0.00380432 0.0030001 -0.0188513 -0.000121793 7.55389e-05 0.000318935 1
5.55 0.00406926 0.00350216 -0.019246 -9.6229e-05 6.81443e-05 0.000351341 1
5.6 0.00442748 0.00493829 -0.0203452 -8.34239e-05 6.59693e-05 0.000365813 1
5.65 0.00467857 0.00562277 -0.0208904 -9.77453e-05 7.61308e-05 0.00035244 1
5.7 0.00515619 0.00624273 -0.0214258 -7.52853e-05 5.55969e-05 0.000355684 1
5.75 0.00576192 0.00715194 -0.0220169 -8.32568e-05 8.91701e-05 0.0003901 1
5.8 0.00596667 0.00787277 -0.0222494 -0.000115668 5.17287e-05 0.000384138 1
5.85 0.00649533 0.00852965 -0.0226081 -7.5664e-05 7.62546e-05 0.000383439 1
5.9 0.00732552 0.00954818 -0.0233322 -6.77012e-05 8.5226e-05 0.00038605 1
5.95 0.00764851 0.0107581 -0.0239845 -5.99485e-05 0.000133473 0.000366646 1
6 0.00813803 0.0114283 -0.0240231 -9.72417e-05 6.76725e-05 0.000389335 1
6.05 0.00887847 0.0124121 -0.0242681 -0.000113537 0.000119827 0.000336485 1
6.1 0.00959038 0.013392 -0.0248417 -7.73068e-05 9.85451e-05 0.000319717 1
6.15 0.0104253 0.0141632 -0.0252941 -6.67172e-05 0.000131181 0.000349619 1
6.2 0.0112368 0.0147823 -0.0253747 -9.03434e-05 0.000128514 0.00032209 1
6.25 0.0118629 0.0151161 -0.0257056 -8.66896e-05 0.000113153 0.000310899 1
6.3 0.0126085 0.0155977 -0.0268343 -7.14178e-05 0.00013341 0.000290648 1
6.35 0.0134112 0.016245 -0.0280517 -9.53632e-05 0.000131952 0.000286634 1
6.4 0.0142585 0.0163676 -0.0288553 -6.39648e-05 0.00016483 0.000257037 1
6.45 0.014772 0.0165784 -0.029296 -5.84229e-05 0.000106361 0.000254313 1
6.5 0.0152009 0.0166508 -0.029709 -7.15919e-05 0.000157211 0.000266444 1
6.55 0.0157572 0.0168699 -0.0305077 -7.04679e-05 0.000123819 0.00025753 1
6.6 0.0163125 0.0170492 -0.0313679 -5.39614e-05 9.83255e-05 0.000257213 1
6.65 0.0166139 0.0168881 -0.0315567 -8.56418e-05 0.000125572 0.000196555 1
6.7 0.0167983 0.0166243 -0.0320153 -5.69124e-05 0.000130787 0.000179616 1
6.75 0.0171844 0.0163014 -0.032304 -5.42253e-05 0.000188963 0.000165836 1
6.8 0.0174424 0.0162026 -0.032317 -5.55172e-05 0.00011169 0.000187379 1
6.85 0.0178093 0.0160082 -0.0322077 -5.19295e-05 0.000150774 0.000180862 1
6.9 0.0179513 0.0162318 -0.0322793 -7.47328e-05 0.000110447 0.000166366 1
6.95 0.0180286 0.0162103 -0.0326754 -2.41978e-05 0.000144989 0.000163787 1
7 0.0184591 0.0162615 -0.0328902 -4.88707e-05 0.000124826 0.000176541 1
7.05 0.0184976 0.0162829 -0.032836 -6.25087e-05 0.000150656 0.000149863 1
7.1 0.0187734 0.0164221 -0.0327543 -4.95367e-05 0.00011163 0.000151878 1
7.15 0.0190537 0.0163458 -0.0327973 -5.78712e-06 0.000127819 9.6574e-05 1
7.2 0.0193107 0.0164609 -0.0329527 -1.4807e-05 0.0001228 9.80132e-05 1
7.25 0.0196907 0.0165364 -0.03329 -4.96181e-05 0.000132469 8.41374e-05 1
7.3 0.0198271 0.0167385 -0.0336672 -3.6998e-06 0.000136399 9.01796e-05 1
7.35 0.0199785 0.0172344 -0.0339643 -3.99585e-05 7.96164e-05 7.19831e-05 1
7.4 0.019867 0.0176237 -0.0348309 -9.72143e-05 0.000146377 9.13163e-05 1
7.45 0.0202901 0.0178662 -0.0347764 -7.42259e-05 0.000147326 5.53253e-05 1
7.5 0.0205426 0.0181503 -0.0354182 -1.36036e-05 0.000119986 8.29786e-05 1
7.55 0.0211783 0.0187306 -0.036219 -4.1232e-05 0.000117366 9.24495e-05 1
7.6 0.0215195 0.0187718 -0.0357484 -7.67525e-05 0.000137801 5.72076e-05 1
7.65 0.0217166 0.0188918 -0.0356527 -4.86627e-05 9.89288e-05 8.72224e-05 1
7.7 0.0221574 0.0194574 -0.0360671 -2.22292e-05 8.79137e-05 0.000129083 1
7.75 0.0223308 0.0201543 -0.0364225 -5.10312e-05 0.000148049 7.78304e-05 1
7.8 0.0222991 0.020751 -0.0366598 -5.74431e-05 0.000129672 0.000108103 1
7.85 0.0220469 0.0216389 -0.0371406 -4.59932e-05 0.000130996 1.12012e-06 1
7.9 0.0219998 0.0225479 -0.0376031 -6.0244e-05 0.000107811 5.6334e-05 1
7.95 0.0213263 0.0231285 -0.037666 -1.68874e-05 0.000127682 6.70743e-05 1
8 0.0208603 0.0232123 -0.0367403 -4.15054e-05 5.60322e-05 3.81922e-05 1
8.05 0.0203873 0.023332 -0.0357685 5.10197e-06 7.26312e-05 3.03941e-05 1
8.1 0.0201334 0.0235938 -0.0352574 -4.83044e-05 0.000109713 2.38568e-05 1
8.15 0.0192593 0.0235489 -0.0344837 -5.7478e-05 4.60571e-05 3.60696e-05 1
8.2 0.0193145 0.0235203 -0.033995 -2.86145e-05 5.2891e-05 9.15309e-06 1
8.25 0.0190619 0.0231797 -0.0329724 -3.1473e-05 6.35199e-05 -1.2153e-06 1
8.3 0.0187751 0.0233566 -0.0324781 -3.35e-05 6.99947e-05 8.64793e-07 1
8.35 0.0185568 0.0232917 -0.0319477 -2.73387e-05 2.46463e-05 -1.16955e-05 1
8.4 0.0183891 0.0230097 -0.0308012 -1.34123e-05 7.00748e-05 -5.63552e-06 1
8.45 0.0184035 0.0228085 -0.0305211 -7.83829e-06 5.66436e-05 -1.13014e-05 1
8.5 0.017761 0.0220382 -0.0293717 -9.54718e-06 6.04522e-05 4.24539e-06 1
8.55 0.0175604 0.021797 -0.0287593 -1.67978e-05 6.36802e-05 -1.42141e-05 1
8.6 0.0173677 0.021435 -0.0281864 1.63651e-05 7.03716e-05 1.08658e-05 1
8.65 0.0176839 0.0214608 -0.02822 -4.58199e-06 6.48772e-05 -3.01998e-05 1
8.7 0.0158577 0.0206601 -0.0274532 1.60759e-06 2.95963e-05 -7.63525e-06 1
8.75 0.0147489 0.0199861 -0.0262707 3.48882e-05 3.8808e-05 -6.55221e-05 1
8.8 0.0131353 0.0192118 -0.0253481 2.29262e-05 4.34827e-06 -6.89455e-05 1
8.85 0.0122113 0.0191452 -0.0252469 -1.04114e-05 2.09973e-05 -8.07399e-05 1
8.9 0.0143286 0.0182264 -0.024604 -1.37707e-05 -0.000271326 -9.68463e-05 1
8.95 0.022843 0.0176243 -0.0253137 6.82054e-05 -0.000662792 -0.000102622 1
9 0.036491 0.0175426 -0.0253146 3.57069e-05 -0.000780768 -0.000105093 1
9.05 0.0553999 0.0161484 -0.0235671 0.000173439 -0.00069203 -4.29069e-05 1
9.1 0.0816612 0.0152748 -0.0225692 0.000424963 -0.000657055 -8.33165e-05 1
9.15 0.10986 0.0144174 -0.02169 0.000540578 -0.000715414 -5.39282e-05 1
9.2 0.145475 0.0137117 -0.0201371 0.000686232 -0.000841728 -2.82937e-05 0.999999
9.25 0.182114 0.0128611 -0.0181831 0.000760702 -0.0010853 -0.000110047 0.999999
9.3 0.224931 0.0126176 -0.017207 0.000557751 -0.00154116 -0.000165632 0.999999
9.35 0.281649 0.0129399 -0.0172812 0.000268918 -0.00245021 -0.000204538 0.999997
9.4 0.346154 0.0134262 -0.0176837 -6.93526e-05 -0.00348155 -0.000460666 0.999994
9.45 0.424214 0.0135246 -0.0171842 -0.000232895 -0.00433881 -0.000837532 0.99999
9.5 0.528767 0.0132722 -0.0156772 -0.000265035 -0.00477164 -0.00144617 0.999988
9.55 0.641231 0.0133645 -0.014304 -0.000282405 -0.00481893 -0.0020539 0.999986
9.6 0.771704 0.0138568 -0.0131419 -0.000387296 -0.004725 -0.00285478 0.999985
9.65 0.935395 0.0136128 -0.0123748 -0.000389058 -0.00511849 -0.00387439 0.999979
9.7 1.10407 0.0126002 -0.0105965 -0.000296672 -0.00573383 -0.00490179 0.999972
9.75 1.31038 0.0103758 -0.00800742 5.37652e-05 -0.00615803 -0.00623659 0.999962
9.8 1.51859 0.00725455 -0.00555658 0.000311383 -0.00671027 -0.00754423 0.999949
9.85 1.7483 0.00479962 -0.004976 0.000267175 -0.00734961 -0.00892636 0.999933
9.9 2.02631 0.000232715 -0.00450575 -6.0945e-05 -0.00840646 -0.0106655 0.999908
9.95 2.30442 -0.00503515 -0.00286771 -0.000110368 -0.00886687 -0.0122977 0.999885
10 2.60602 -0.0120583 0.00190264 3.24861e-05 -0.0090118 -0.0140413 0.999861
10.05 2.96517 -0.0238317 0.00913426 0.000633412 -0.00904437 -0.0159916 0.999831
10.1 3.31504 -0.0340925 0.0186332 0.00076562 -0.00807936 -0.0176736 0.999811
10.15 3.72715 -0.0472058 0.0283447 0.000516596 -0.00733077 -0.0193242 0.999786
10.2 4.12099 -0.0616207 0.0358568 0.000955867 -0.00683252 -0.0204796 0.999766
10.25 4.52942 -0.0795711 0.045612 0.00210506 -0.00577054 -0.0212003 0.999756
10.3 4.99104 -0.0996706 0.0531626 0.00295355 -0.00503012 -0.0215226 0.999751
10.35 5.42156 -0.117221 0.0581905 0.00335245 -0.00464194 -0.0212735 0.999757
10.4 5.86164 -0.134537 0.0631437 0.00342162 -0.00419415 -0.0204867 0.999775
10.45 6.35684 -0.153522 0.0692586 0.00378523 -0.00398379 -0.0191225 0.999802
10.5 6.81712 -0.170416 0.0754419 0.00439907 -0.00401129 -0.0170474 0.999837
10.55 7.28691 -0.18588 0.082068 0.00499854 -0.00392629 -0.0142061 0.999879
10.6 7.816 -0.200436 0.0893792 0.00600935 -0.00373628 -0.01008 0.999924
10.65 8.30772 -0.211339 0.0948755 0.00702861 -0.00407244 -0.00488258 0.999955
10.7 8.86208 -0.217089 0.101963 0.00856589 -0.00459335 0.00223477 0.99995
10.75 9.37764 -0.216029 0.110063 0.00998832 -0.00449955 0.00993287 0.999891
10.8 9.90457 -0.205554 0.119989 0.0104508 -0.00371918 0.0189077 0.99976
10.85 10.4426 -0.181853 0.126801 0.0105487 -0.00309147 0.0292083 0.999513
10.9 11.0463 -0.142853 0.133636 0.0108872 -0.00273494 0.0418777 0.99906
10.95 11.6064 -0.0957334 0.141688 0.0121545 -0.00168891 0.0547327 0.998426
11 12.1759 -0.0329247 0.148725 0.0118948 -0.000594902 0.0689873 0.997546
11.05 12.8121 0.0603611 0.154247 0.0121315 0.000185268 0.085631 0.996253
11.1 13.3979 0.163964 0.15848 0.0117687 0.000752353 0.101818 0.994733
11.15 14.0491 0.304508 0.161901 0.0108311 0.00178931 0.120534 0.992649
11.2 14.6435 0.457277 0.162825 0.00922663 0.00214497 0.137679 0.990432
11.25 15.2374 0.633058 0.164303 0.00850864 0.00177033 0.155293 0.98783
11.3 15.8905 0.847857 0.166611 0.00895081 0.00166693 0.175534 0.984431
11.35 16.4798 1.0694 0.16566 0.00861928 0.00129356 0.194233 0.980917
11.4 17.0639 1.3138 0.165407 0.00787533 0.00024826 0.213393 0.976935
11.45 17.7035 1.60724 0.1729 0.00883232 0.00124917 0.234696 0.972028
11.5 18.2804 1.89922 0.181691 0.0102786 0.00310912 0.254119 0.967113
11.55 18.9069 2.25142 0.189938 0.0102973 0.0047593 0.275431 0.961254
11.6 19.467 2.59904 0.195154 0.0108672 0.00592114 0.294846 0.955465
11.65 20.0178 2.97071 0.197046 0.0113529 0.00645024 0.314574 0.949143
11.7 20.6093 3.41113 0.197028 0.0110873 0.00710297 0.336249 0.941681
11.75 21.1329 3.83902 0.196478 0.0104588 0.00727056 0.3556 0.934552
11.8 21.6433 4.29227 0.19739 0.0100923 0.00820167 0.374833 0.927001
11.85 22.1887 4.82298 0.195348 0.00911782 0.00853386 0.395747 0.918275
11.9 22.6693 5.33536 0.1942 0.00795448 0.00948784 0.41434 0.910038
11.95 23.1363 5.87527 0.190876 0.00704959 0.0102239 0.432862 0.901374
12 23.6343 6.49847 0.184941 0.00698508 0.0103469 0.453074 0.891386
12.05 24.0714 7.09319 0.180058 0.00891514 0.0108345 0.470752 0.882154
12.1 24.4905 7.71467 0.172113 0.00889404 0.00895493 0.48816 0.872663
12.15 24.9256 8.43317 0.162449 0.00846836 0.00647198 0.506461 0.862197
12.2 25.307 9.1111 0.157394 0.0107805 0.00618982 0.522547 0.85252
12.25 25.7029 9.88844 0.157063 0.0100024 0.0057209 0.53961 0.841836
12.3 26.0392 10.6205 0.158983 0.0103234 0.00657462 0.553594 0.832697
12.35 26.3536 11.3702 0.161993 0.0108392 0.00606238 0.567512 0.823271
12.4 26.6735 12.214 0.166452 0.0113821 0.00469065 0.581849 0.813204
12.45 26.9424 12.9961 0.168885 0.0132166 0.00395672 0.594329 0.804104
12.5 27.1846 13.7935 0.17681 0.0115101 0.00247528 0.605488 0.795767
12.55 27.4286 14.6854 0.189426 0.0104669 0.00166239 0.615962 0.787705
12.6 27.6316 15.508 0.20073 0.0092379 0.000493194 0.624049 0.781331
12.65 27.8173 16.3406 0.21252 0.00769484 -0.000710109 0.630448 0.776193
12.7 28.0041 17.2659 0.22787 0.00631265 -0.00124764 0.636176 0.771517
12.75 28.1678 18.1146 0.241624 0.00518391 -0.00214498 0.64023 0.768163
12.8 28.3379 19.0558 0.255801 0.00449623 -0.00306868 0.643182 0.765694
12.85 28.4887 19.9184 0.268324 0.00442664 -0.00385333 0.644641 0.764463
12.9 28.6351 20.7847 0.283245 0.00434496 -0.00530744 0.645328 0.763875
12.95 28.7962 21.7447 0.300518 0.00347048 -0.00603448 0.645395 0.763817
13 28.9442 22.6225 0.318051 0.00252565 -0.00547127 0.645235 0.76396
13.05 29.0943 23.5047 0.337712 0.00140767 -0.00371025 0.644791 0.764349
13.1 29.2623 24.4785 0.35237 0.002324 -0.00239118 0.644384 0.764695
13.15 29.4187 25.3684 0.364663 0.00358484 -0.00148769 0.643909 0.765092
13.2 29.5922 26.3518 0.378193 0.0038832 -0.000592642 0.6435 0.765436
13.25 29.7521 27.2501 0.391651 0.00359988 0.000612549 0.643056 0.76581
13.3 29.9143 28.1522 0.404022 0.00238272 0.00212042 0.642669 0.766138
13.35 30.0916 29.1499 0.415069 -0.00119821 0.00541826 0.642159 0.766552
13.4 30.2572 30.0578 0.424031 -0.00242538 0.00944564 0.641677 0.766913
13.45 30.4226 30.9648 0.421043 -0.00188223 0.00830884 0.641618 0.766977
