0 4.65661e-10 3.49246e-10 -7.27596e-12 1.73472e-18 -2.57498e-19 -6.35275e-21 1
0.05 1.48775 0.000250509 0.0121873 -5.63286e-05 0.000434193 -0.00211064 0.999998
0.1 2.98162 -0.0060025 0.0226952 9.62105e-05 0.000556549 -0.00424859 0.999991
0.15 4.63068 -0.020031 0.033066 0.000550279 0.000667385 -0.00658855 0.999978
0.2 6.13309 -0.0394569 0.0434045 0.000395455 0.000432545 -0.00871716 0.999962
0.25 7.79099 -0.068342 0.0554918 0.000313831 0.000249788 -0.0111274 0.999938
0.3 9.30338 -0.100415 0.0665656 -0.000165428 0.00102165 -0.0132987 0.999911
0.35 10.8179 -0.138964 0.0773941 -0.000361814 0.00164091 -0.0154909 0.999879
0.4 12.4878 -0.190831 0.0868288 -0.000597868 0.00141312 -0.0179204 0.999838
0.45 14.0079 -0.244676 0.0940379 -0.000773384 0.000986963 -0.0200439 0.999798
0.5 15.5305 -0.304748 0.105237 -0.00100255 0.000607198 -0.0220984 0.999755
0.55 17.2081 -0.37681 0.120545 -0.000671873 0.000648852 -0.0242901 0.999705
0.6 18.7331 -0.448914 0.137007 -0.000893424 0.000794885 -0.0259845 0.999662
0.65 20.2585 -0.526736 0.151471 -0.000874054 0.000723326 -0.0273679 0.999625
0.7 21.9362 -0.615815 0.166718 -0.000849212 0.000793578 -0.0287407 0.999586
0.75 23.4618 -0.700726 0.179706 -0.000846228 0.000559725 -0.0297291 0.999557
0.8 24.9868 -0.789562 0.193044 -0.000570267 0.000640895 -0.0304076 0.999537
0.85 26.6632 -0.891214 0.206656 0.00013808 0.00122338 -0.030522 0.999533
0.9 28.1875 -0.985584 0.217828 0.000652868 0.00173623 -0.0300219 0.999548
0.95 29.8649 -1.08755 0.225047 0.000873883 0.00166972 -0.0289664 0.999579
1 31.3934 -1.17601 0.232859 0.000369103 0.00137253 -0.0276683 0.999616
1.05 32.9251 -1.25966 0.241618 -0.000337202 0.00147113 -0.0261512 0.999657
1.1 34.6128 -1.34549 0.249708 -0.00174755 0.00119739 -0.0242479 0.999704
1.15 36.1506 -1.41924 0.259803 -0.00256207 0.000374876 -0.0225886 0.999741
1.2 37.6927 -1.48723 0.272551 -0.00350918 -0.000438597 -0.0207513 0.999778
1.25 39.393 -1.55712 0.290598 -0.00391725 -0.0011856 -0.0185132 0.99982
1.3 40.9408 -1.61642 0.304687 -0.00373793 -0.00152457 -0.0163797 0.999858
1.35 42.4918 -1.66979 0.320087 -0.00379758 -0.000754646 -0.014139 0.999893
1.4 44.2037 -1.71924 0.337376 -0.00372706 -0.000120163 -0.0117601 0.999924
1.45 45.7645 -1.75632 0.350359 -0.00393175 0.000157215 -0.00971405 0.999945
1.5 47.3284 -1.78706 0.36241 -0.00423774 0.00102302 -0.00770923 0.999961
1.55 49.0512 -1.81331 0.372931 -0.0042719 0.00176475 -0.00558642 0.999974
1.6 50.6194 -1.83035 0.380277 -0.00483836 0.00236163 -0.00385779 0.999978
1.65 52.3464 -1.84285 0.386199 -0.00452283 0.00341708 -0.00212579 0.999982
1.7 53.9167 -1.85109 0.38766 -0.00574494 0.00420194 -0.00047431 0.999975
1.75 55.4898 -1.8527 0.386207 -0.00502407 0.00516776 0.00112512 0.999973
1.8 57.2209 -1.84534 0.381398 -0.00806259 0.00450849 0.00272847 0.999954
1.85 58.7957 -1.83199 0.375356 -0.0105749 0.0018553 0.00392495 0.999935
1.9 60.3737 -1.81336 0.380077 -0.0130819 0.00177456 0.004923 0.999901
1.95 62.1123 -1.79112 0.39024 -0.0140878 0.0026028 0.00593393 0.99988
2 63.6949 -1.77113 0.393178 -0.0141101 0.00160399 0.00694896 0.999875
2.05 65.2789 -1.74787 0.396632 -0.0145892 -0.000167519 0.00790493 0.999862
2.1 67.0259 -1.71706 0.406072 -0.0156608 -0.00117823 0.00877562 0.999838
2.15 68.6181 -1.68575 0.416348 -0.016991 0.00024675 0.00948836 0.999811
2.2 70.3712 -1.64685 0.424333 -0.0183288 0.00123519 0.0103167 0.999778
2.25 71.8073 -1.61334 0.428582 -0.0192847 0.0013073 0.0112521 0.99975
2.3 73.5666 -1.56816 0.433019 -0.0200225 0.00164609 0.0127539 0.999717
2.35 75.3296 -1.51774 0.438776 -0.0202979 0.00250292 0.0143506 0.999688
2.4 76.9348 -1.46669 0.44196 -0.0202545 0.00360844 0.0158465 0.999663
2.45 78.542 -1.41099 0.441639 -0.0206907 0.00380294 0.0172079 0.999631
2.5 80.312 -1.34339 0.437832 -0.0217457 0.0027487 0.0184196 0.99959
2.55 81.9245 -1.27855 0.437508 -0.0220511 0.00295733 0.0192018 0.999568
2.6 83.5417 -1.21103 0.441529 -0.0220075 0.00529237 0.0195516 0.999553
2.65 85.3244 -1.13644 0.436705 -0.0217113 0.00758234 0.0197552 0.99954
2.7 86.9481 -1.06701 0.425762 -0.0209893 0.00866452 0.0197574 0.999547
2.75 88.5733 -0.99898 0.410381 -0.0203141 0.00910297 0.019503 0.999562
2.8 90.3642 -0.925706 0.39068 -0.0191921 0.00837901 0.019313 0.999594
2.85 91.9953 -0.859406 0.374859 -0.0183464 0.00612427 0.0194252 0.999624
2.9 93.7946 -0.782481 0.365423 -0.0202088 0.00426861 0.0194739 0.999597
2.95 95.4327 -0.710217 0.36257 -0.0223479 0.00423078 0.019615 0.999549
3 97.075 -0.637798 0.360383 -0.0234308 0.00493178 0.0199315 0.999515
3.05 98.8851 -0.558658 0.356257 -0.0227485 0.00571283 0.0203464 0.999518
3.1 100.535 -0.488457 0.352357 -0.020293 0.00653125 0.0207476 0.999557
3.15 102.19 -0.41861 0.347539 -0.0179837 0.00679002 0.0213149 0.999588
3.2 104.012 -0.339407 0.338282 -0.016695 0.00726632 0.0218191 0.999596
3.25 105.672 -0.262526 0.327993 -0.0173443 0.00802003 0.0221408 0.999572
3.3 107.334 -0.183205 0.313303 -0.0184122 0.00694964 0.0223526 0.999556
3.35 109.17 -0.0926501 0.302198 -0.019227 0.00666904 0.0223714 0.999543
3.4 110.843 -0.0112609 0.294358 -0.0196982 0.00863027 0.0222592 0.999521
3.45 112.687 0.0775517 0.278484 -0.0198389 0.00997684 0.0220949 0.999509
3.5 114.363 0.157755 0.257112 -0.0208094 0.00944958 0.0217778 0.999502
3.55 116.041 0.238739 0.236217 -0.0221117 0.00879698 0.0214059 0.999488
3.6 117.893 0.328338 0.220887 -0.023841 0.00846374 0.0210971 0.999457
3.65 119.579 0.407112 0.207501 -0.024079 0.00879376 0.0208544 0.999454
3.7 121.265 0.484469 0.195532 -0.023995 0.00956055 0.0206813 0.999452
3.75 123.12 0.567515 0.178013 -0.0237356 0.00984572 0.0205801 0.999458
3.8 124.81 0.643138 0.161863 -0.0237676 0.00991593 0.020647 0.999455
3.85 126.5 0.719241 0.145093 -0.0234855 0.00991097 0.0206993 0.999461
3.9 128.36 0.802291 0.127696 -0.0227094 0.0100727 0.020848 0.999474
3.95 130.051 0.877137 0.109559 -0.0221542 0.0100055 0.021137 0.999481
4 131.743 0.95277 0.0909199 -0.0218575 0.00992171 0.0213673 0.999483
4.05 133.608 1.03893 0.0742731 -0.0219118 0.0102823 0.0214824 0.999476
4.1 135.307 1.11797 0.0571521 -0.02199 0.0106687 0.0215798 0.999468
4.15 137.177 1.20527 0.0357 -0.0222668 0.0114739 0.0214753 0.999456
4.2 138.877 1.28328 0.0126079 -0.021534 0.0112113 0.0212503 0.999479
4.25 140.577 1.36046 -0.0100949 -0.0209416 0.011238 0.021092 0.999495
4.3 142.449 1.44429 -0.0344361 -0.0200476 0.0102878 0.0208839 0.999528
4.35 144.153 1.52038 -0.052076 -0.0200631 0.00985889 0.0208253 0.999533
4.4 145.856 1.59659 -0.06817 -0.0207938 0.0106514 0.02064 0.999514
4.45 147.731 1.68115 -0.0882241 -0.0218593 0.0117083 0.0204255 0.999484
4.5 149.432 1.7575 -0.110859 -0.0227867 0.0116961 0.0202738 0.999466
4.55 151.132 1.83377 -0.13214 -0.0233862 0.0116572 0.0199948 0.999459
4.6 153.003 1.91542 -0.154172 -0.0230591 0.0109465 0.019947 0.999475
4.65 154.702 1.98771 -0.172552 -0.0221213 0.0117098 0.0201061 0.999485
4.7 156.571 2.0659 -0.193367 -0.021287 0.0128616 0.0205043 0.99948
4.75 158.265 2.13784 -0.219063 -0.0205206 0.0122488 0.0210022 0.999494
4.8 159.963 2.21328 -0.239481 -0.020169 0.0119734 0.0214725 0.999494
4.85 161.827 2.29818 -0.262869 -0.0199768 0.0123892 0.022075 0.99948
4.9 163.52 2.37671 -0.285072 -0.019387 0.0123189 0.0228069 0.999476
4.95 165.21 2.4567 -0.308252 -0.0185606 0.0125024 0.0234889 0.999474
5 167.071 2.54739 -0.332156 -0.018538 0.0130004 0.0242276 0.99945
5.05 168.763 2.63302 -0.356969 -0.0187198 0.0124473 0.0249279 0.999436
5.1 170.453 2.72181 -0.380759 -0.0194498 0.0124299 0.0255057 0.999408
5.15 172.312 2.82249 -0.407087 -0.0207091 0.0121307 0.0259326 0.999376
5.2 173.998 2.91563 -0.432066 -0.0214766 0.0112792 0.0263544 0.999358
5.25 175.688 3.01149 -0.453327 -0.0226199 0.0115009 0.0264546 0.999328
5.3 177.546 3.11865 -0.476532 -0.0236802 0.0120118 0.0264949 0.999296
5.35 179.236 3.21587 -0.497575 -0.0241485 0.011889 0.0262686 0.999292
5.4 181.092 3.32126 -0.52393 -0.0237999 0.0121315 0.025898 0.999308
5.45 182.781 3.41496 -0.546112 -0.0235552 0.0122669 0.0257408 0.999316
5.5 184.469 3.50763 -0.568532 -0.0229646 0.0121387 0.0257096 0.999332
5.55 186.324 3.61062 -0.591227 -0.0230477 0.0123947 0.0257484 0.999326
5.6 188.011 3.70437 -0.613862 -0.0234017 0.0132737 0.0256985 0.999308
5.65 189.695 3.79813 -0.639573 -0.0241103 0.0136993 0.025687 0.999285
5.7 191.548 3.90149 -0.669977 -0.0250452 0.0132461 0.0257851 0.999266
5.75 193.231 3.99596 -0.695959 -0.0257404 0.0125335 0.0258913 0.999255
5.8 194.912 4.09162 -0.718343 -0.0259264 0.0116894 0.026122 0.999254
5.85 196.76 4.19556 -0.742455 -0.0258391 0.011706 0.0264317 0.999248
5.9 198.436 4.29074 -0.761889 -0.0257818 0.0117511 0.0267559 0.99924
5.95 200.111 4.38602 -0.783022 -0.0257277 0.0120574 0.0270046 0.999231
6 201.955 4.4936 -0.80358 -0.0257331 0.0119404 0.0273923 0.999222
6.05 203.624 4.5893 -0.823354 -0.0256008 0.011313 0.0277714 0.999222
6.1 205.456 4.69539 -0.842506 -0.025421 0.0113229 0.0282111 0.999215
6.15 207.121 4.79335 -0.861195 -0.0250192 0.0117749 0.0286319 0.999207
6.2 208.784 4.89208 -0.882004 -0.0247023 0.0123711 0.029036 0.999197
6.25 210.612 5.00399 -0.902987 -0.0245077 0.0115743 0.0294762 0.999198
6.3 212.271 5.10744 -0.922937 -0.0249092 0.0109447 0.0299073 0.999182
6.35 213.927 5.21186 -0.939983 -0.0252519 0.0115177 0.0303067 0.999155
6.4 215.746 5.32721 -0.96332 -0.0253946 0.0116568 0.030653 0.999139
6.45 217.4 5.43334 -0.983154 -0.0257894 0.0118328 0.0310242 0.999116
6.5 219.053 5.54221 -1.00294 -0.0257228 0.0120634 0.0314279 0.999102
6.55 220.872 5.6632 -1.0251 -0.0258423 0.0120899 0.0319127 0.999083
6.6 222.523 5.77443 -1.04707 -0.026299 0.0124382 0.0323274 0.999054
6.65 224.339 5.89908 -1.07235 -0.0270713 0.0129629 0.0328439 0.99901
6.7 225.99 6.01419 -1.09659 -0.0276162 0.0130913 0.0333771 0.998975
6.75 227.642 6.12998 -1.1193 -0.0271717 0.0133348 0.0340044 0.998963
6.8 229.451 6.25815 -1.14488 -0.0264424 0.0133258 0.0349333 0.998951
6.85 231.093 6.37588 -1.17042 -0.025702 0.0125274 0.0357986 0.99895
6.9 232.736 6.49712 -1.19386 -0.0249508 0.0114125 0.0365525 0.998955
6.95 234.535 6.63322 -1.21491 -0.0251017 0.0106787 0.0373502 0.99893
7 236.173 6.76022 -1.22968 -0.0252287 0.0110611 0.0379079 0.998901
7.05 237.968 6.89885 -1.24944 -0.0263505 0.0121544 0.0379744 0.998857
7.1 239.597 7.01984 -1.26831 -0.0276316 0.0139429 0.0375003 0.998817
7.15 241.224 7.14264 -1.29492 -0.0288743 0.014068 0.0369001 0.998803
7.2 242.848 7.26701 -1.31546 -0.0293759 0.0130034 0.03631 0.998824
7.25 244.639 7.40854 -1.32979 -0.0293356 0.0109979 0.0358005 0.998868
7.3 246.263 7.532 -1.3417 -0.0278582 0.00995648 0.0353055 0.998939
7.35 248.047 7.66396 -1.3472 -0.0262427 0.0100078 0.0348807 0.998997
7.4 249.654 7.7773 -1.35589 -0.0250647 0.010326 0.0344313 0.999039
7.45 251.256 7.89238 -1.3453 -0.0239903 0.0105566 0.0340188 0.999077
7.5 253.004 8.01946 -1.34056 -0.0238287 0.0107297 0.0340203 0.999079
7.55 254.585 8.13497 -1.32746 -0.0234939 0.0105765 0.0342439 0.999081
7.6 256.146 8.24648 -1.32154 -0.0229889 0.0102921 0.0344547 0.999089
7.65 257.853 8.37368 -1.30214 -0.0239245 0.0106515 0.0348523 0.999049
7.7 259.392 8.49145 -1.29063 -0.025734 0.0118201 0.0351004 0.998982
7.75 260.914 8.61051 -1.28379 -0.0289853 0.0126675 0.0354132 0.998872
7.8 262.565 8.73826 -1.2858 -0.031147 0.0123419 0.0356645 0.998802
7.85 264.044 8.84794 -1.29575 -0.0310261 0.00958808 0.036012 0.998824
7.9 265.655 8.96363 -1.2795 -0.029382 0.00776162 0.0368959 0.998857
7.95 267.1 9.06992 -1.26226 -0.0292216 0.00592375 0.0376456 0.998846
8 268.526 9.17468 -1.24576 -0.027797 0.00640298 0.0380079 0.99887
8.05 270.073 9.29209 -1.23029 -0.0278625 0.0126953 0.0382681 0.998798
8.1 271.458 9.39923 -1.2294 -0.0272486 0.0158787 0.0387041 0.998753
8.15 272.824 9.50805 -1.23132 -0.0228783 0.0154584 0.0390977 0.998854
8.2 274.304 9.62761 -1.22615 -0.0222351 0.0136183 0.0397466 0.99887
8.25 275.625 9.73438 -1.2286 -0.0212297 0.0102023 0.0404382 0.998904
8.3 276.927 9.84327 -1.22378 -0.0203485 0.00975012 0.0407743 0.998914
8.35 278.333 9.96533 -1.21222 -0.0225811 0.0115597 0.0409428 0.998839
8.4 279.59 10.0717 -1.2092 -0.0220155 0.0109637 0.0412337 0.998847
8.45 280.956 10.1853 -1.20266 -0.0210281 0.0095625 0.0417572 0.998861
8.5 282.184 10.29 -1.19842 -0.0211925 0.00721755 0.0422251 0.998857
8.55 283.409 10.3925 -1.19269 -0.0199254 0.00371206 0.0428266 0.998877
8.6 284.754 10.5067 -1.17945 -0.019849 0.00347059 0.0432801 0.99886
8.65 285.983 10.6148 -1.1483 -0.0201179 0.00567181 0.0435268 0.998834
8.7 287.2 10.7205 -1.13194 -0.019871 0.00669528 0.0438926 0.998816
8.75 288.535 10.837 -1.11862 -0.0202797 0.00666516 0.0442857 0.998791
8.8 289.742 10.9436 -1.11442 -0.0207241 0.00614605 0.0447095 0.998766
8.85 290.945 11.0514 -1.1112 -0.0218186 0.00568611 0.0450567 0.99873
8.9 292.271 11.1749 -1.09355 -0.0222046 0.00508104 0.0454087 0.998709
8.95 293.473 11.289 -1.08211 -0.0231029 0.00479087 0.0457469 0.998674
9 294.791 11.4143 -1.06577 -0.0233961 0.00448676 0.0461428 0.998651
9.05 295.987 11.5281 -1.05821 -0.0237251 0.00455257 0.0464529 0.998628
9.1 297.182 11.6437 -1.0469 -0.0238797 0.00532406 0.0464759 0.99862
9.15 298.495 11.7711 -1.03594 -0.0240656 0.00481467 0.0464639 0.998618
9.2 299.688 11.8875 -1.02423 -0.0234679 0.00403487 0.0464469 0.998637
9.25 300.875 12.0012 -1.01601 -0.0230337 0.00381699 0.0463115 0.998654
9.3 302.181 12.1251 -1.0053 -0.0223349 0.00381094 0.0460307 0.998683
9.35 303.367 12.2378 -0.996613 -0.0225767 0.00358227 0.0457589 0.998691
9.4 304.553 12.3515 -0.980705 -0.0226248 0.004 0.045393 0.998705
9.45 305.855 12.4761 -0.96597 -0.0232732 0.00473407 0.0448417 0.998712
9.5 307.032 12.5856 -0.960377 -0.0233348 0.0056938 0.0441556 0.998736
9.55 308.323 12.7036 -0.956975 -0.0232519 0.00603064 0.0434636 0.998766
9.6 309.493 12.8074 -0.953947 -0.0226474 0.00513389 0.0429097 0.998809
9.65 310.667 12.9106 -0.940968 -0.0219416 0.00446125 0.042303 0.998854
9.7 311.951 13.0198 -0.933838 -0.0214793 0.00435627 0.0416034 0.998894
9.75 313.118 13.119 -0.925951 -0.0212847 0.00462488 0.04096 0.998923
9.8 314.282 13.217 -0.917443 -0.0215904 0.00484233 0.0402734 0.998944
9.85 315.566 13.3298 -0.893059 -0.022612 0.00485065 0.0394817 0.998953
9.9 316.726 13.4285 -0.880086 -0.023599 0.00503531 0.038786 0.998956
9.95 317.883 13.5249 -0.868665 -0.0245699 0.00491674 0.0380089 0.998963
10 319.153 13.6296 -0.858704 -0.0259804 0.00443084 0.0372126 0.99896
10.05 320.303 13.7224 -0.850685 -0.0269196 0.00447108 0.0365004 0.998961
10.1 321.576 13.8244 -0.824759 -0.0269524 0.00481537 0.0356322 0.99899
10.15 322.726 13.9132 -0.811669 -0.0272981 0.00417395 0.0348493 0.999011
10.2 323.873 13.999 -0.799643 -0.0262275 0.00277822 0.0342406 0.999066
10.25 325.128 14.0879 -0.790233 -0.024939 0.00116036 0.0336716 0.999121
10.3 326.269 14.1696 -0.775548 -0.0243225 0.00147362 0.0329886 0.999159
10.35 327.411 14.2502 -0.747657 -0.0237517 0.00406835 0.0323005 0.999188
10.4 328.665 14.3387 -0.724467 -0.0236449 0.00681417 0.0317367 0.999193
10.45 329.796 14.4155 -0.718106 -0.0234419 0.007688 0.0313837 0.999203
10.5 331.038 14.4989 -0.711446 -0.0231211 0.00702867 0.0311921 0.999221
10.55 332.163 14.5736 -0.705129 -0.0227905 0.00599491 0.0310076 0.999241
10.6 333.287 14.6492 -0.690195 -0.022532 0.00538713 0.030866 0.999255
10.65 334.52 14.7317 -0.671842 -0.0221201 0.00470302 0.030659 0.999274
10.7 335.634 14.8045 -0.659015 -0.0217635 0.00419651 0.0304762 0.99929
10.75 336.746 14.8788 -0.638974 -0.0216917 0.00458292 0.0302722 0.999296
10.8 337.962 14.9557 -0.623243 -0.0212068 0.00492639 0.0300799 0.99931
10.85 339.072 15.028 -0.599386 -0.0214399 0.00532037 0.0298665 0.99931
10.9 340.176 15.0977 -0.583347 -0.0211263 0.00571181 0.0295624 0.999323
10.95 341.389 15.1727 -0.568697 -0.0207178 0.00634683 0.0292172 0.999338
11 342.485 15.2391 -0.560045 -0.0204189 0.00703703 0.0288487 0.99935
11.05 343.692 15.3118 -0.545161 -0.0189518 0.00654063 0.0284421 0.999394
11.1 344.784 15.3749 -0.53372 -0.0175762 0.00661727 0.0279565 0.999433
11.15 345.873 15.4357 -0.524535 -0.0160097 0.00705202 0.0275175 0.999468
11.2 347.066 15.5017 -0.516967 -0.0148244 0.00725277 0.027049 0.999498
11.25 348.144 15.5607 -0.514793 -0.0146204 0.00661378 0.0266529 0.999516
11.3 349.224 15.6213 -0.500056 -0.0147569 0.0052179 0.0260806 0.999537
11.35 350.405 15.6865 -0.487672 -0.0155936 0.00349555 0.0254083 0.999549
11.4 351.476 15.7446 -0.468907 -0.0163662 0.00321125 0.0247115 0.999555
11.45 352.543 15.8009 -0.451541 -0.0171148 0.00321903 0.0240799 0.999558
11.5 353.714 15.8612 -0.429577 -0.0176371 0.00327833 0.0232473 0.999569
11.55 354.779 15.9147 -0.406146 -0.0174157 0.00381244 0.022548 0.999587
11.6 355.951 15.9731 -0.381559 -0.0170887 0.00537032 0.0216601 0.999605
11.65 357.01 16.0206 -0.368526 -0.0163999 0.00539635 0.0209877 0.999631
11.7 358.174 16.0721 -0.357592 -0.0162426 0.00394516 0.0203975 0.999652
11.75 359.231 16.1184 -0.347504 -0.0168943 0.00275236 0.0198337 0.999657
11.8 360.289 16.1665 -0.329673 -0.0182097 0.00202233 0.0191672 0.999648
11.85 361.348 16.2149 -0.308072 -0.0197068 0.00171301 0.0185384 0.999632
11.9 362.505 16.2635 -0.298729 -0.0207725 0.00141044 0.0182052 0.999617
11.95 363.558 16.3059 -0.289516 -0.0213259 0.00131918 0.0183952 0.999602
12 364.609 16.3477 -0.279366 -0.0216348 0.0015476 0.0188056 0.999588
12.05 365.774 16.397 -0.255404 -0.0212309 0.00240225 0.019485 0.999582
12.1 366.832 16.4409 -0.240504 -0.0209384 0.00349898 0.0205322 0.999564
12.15 367.997 16.4918 -0.229763 -0.0209367 0.00366959 0.0221494 0.999529
12.2 369.055 16.5403 -0.226765 -0.020698 0.00293159 0.023931 0.999495
12.25 370.116 16.5926 -0.224078 -0.0203059 0.00125796 0.0257173 0.999462
12.3 371.292 16.6579 -0.211449 -0.0196663 -0.000439063 0.0275991 0.999426
12.35 372.362 16.7201 -0.200305 -0.0195466 -0.00105424 0.0290536 0.999386
12.4 373.437 16.7861 -0.189445 -0.0202634 -0.000944908 0.0305263 0.999328
12.45 374.621 16.862 -0.17703 -0.0210783 -0.000776999 0.032183 0.999259
12.5 375.71 16.9368 -0.157108 -0.0213617 0.000403034 0.0334815 0.999211
12.55 376.911 17.0235 -0.13717 -0.0223137 0.00318226 0.0348858 0.999137
12.6 378.012 17.107 -0.117601 -0.0227785 0.00414758 0.0363053 0.999073
12.65 379.112 17.1912 -0.110942 -0.0233885 0.00248602 0.0378727 0.999006
12.7 380.331 17.2899 -0.1028 -0.0238824 -6.50236e-05 0.0395445 0.998932
12.75 381.451 17.3849 -0.0820293 -0.0248223 -0.000471416 0.0408247 0.998858
12.8 382.574 17.483 -0.0619081 -0.0259119 0.00108174 0.0419087 0.998785
12.85 383.817 17.5932 -0.0411959 -0.0260115 0.00157164 0.0430841 0.998732
12.9 384.95 17.6949 -0.0240575 -0.0252195 0.00249867 0.0442028 0.998701
12.95 386.09 17.7991 -0.00536893 -0.0240485 0.00367516 0.045331 0.998676
13 387.35 17.9184 0.0139211 -0.0235794 0.00473984 0.0467066 0.998619
13.05 388.504 18.0322 0.0352103 -0.0233156 0.00501476 0.0480184 0.998562
13.1 389.77 18.1583 0.0435191 -0.0234223 0.00458998 0.0493516 0.998496
13.15 390.926 18.2783 0.0535011 -0.0233018 0.00363243 0.0504768 0.998447
13.2 392.085 18.3992 0.0623247 -0.0222286 0.00287993 0.0514883 0.998422
13.25 393.368 18.5359 0.082385 -0.0211398 0.00255128 0.0528509 0.998375
13.3 394.534 18.6614 0.0964991 -0.0193933 0.00210639 0.0541754 0.998341
13.35 395.701 18.7886 0.110139 -0.0176657 0.00148937 0.0554833 0.998302
13.4 396.989 18.9329 0.12579 -0.0161643 0.00231739 0.0569838 0.998242
13.45 398.164 19.07 0.144663 -0.0162619 0.00369733 0.058523 0.998147
13.5 399.344 19.2132 0.16202 -0.016422 0.00386905 0.0599137 0.998061
13.55 400.637 19.3748 0.167887 -0.018011 0.000486571 0.0613428 0.997954
13.6 401.82 19.5321 0.179087 -0.02099 -0.00268202 0.062244 0.997837
13.65 403.121 19.7085 0.19658 -0.025707 -0.00383077 0.063032 0.997673
13.7 404.315 19.8735 0.222457 -0.0290588 -0.00331545 0.0636164 0.997546
13.75 405.511 20.0386 0.244958 -0.0308322 -0.00107622 0.0639989 0.997473
13.8 406.835 20.2184 0.265081 -0.0307651 0.00281542 0.0643264 0.997451
13.85 408.044 20.3773 0.274996 -0.0281446 0.00634511 0.0648754 0.997476
13.9 409.26 20.5337 0.278001 -0.0240342 0.00907509 0.0653939 0.997529
13.95 410.608 20.7091 0.282131 -0.020225 0.00930879 0.0662123 0.997557
14 411.837 20.8713 0.277468 -0.017918 0.00583911 0.0671176 0.997567
14.05 413.195 21.0577 0.280438 -0.0176111 0.00177683 0.0678938 0.997536
14.1 414.434 21.2314 0.285019 -0.0190736 0.000698424 0.0683672 0.997478
14.15 415.682 21.4088 0.296633 -0.0198733 0.00116915 0.068873 0.997427
14.2 417.062 21.6059 0.312763 -0.020115 0.00241746 0.0695131 0.997375
14.25 418.326 21.7875 0.328605 -0.0206263 0.00366946 0.070205 0.997313
14.3 419.594 21.9722 0.335828 -0.0215952 0.00375564 0.0711903 0.997222
14.35 420.994 22.1791 0.340214 -0.0239491 0.00217341 0.072218 0.997099
14.4 422.274 22.373 0.340803 -0.0264041 0.00169076 0.0729883 0.996982
14.45 423.565 22.5697 0.353936 -0.0277116 0.00300884 0.0737462 0.996887
14.5 424.994 22.7859 0.370201 -0.0272074 0.00452516 0.074719 0.996823
14.55 426.298 22.9815 0.373989 -0.0250023 0.00465239 0.0758551 0.996794
14.6 427.61 23.1782 0.375933 -0.0225795 0.00369073 0.0770363 0.996766
14.65 429.059 23.4009 0.376089 -0.0213098 0.00364146 0.0783021 0.996695
14.7 430.389 23.6102 0.390896 -0.0205357 0.00504316 0.0791241 0.99664
14.75 431.857 23.8447 0.394861 -0.0206111 0.0056098 0.0796778 0.996592
14.8 433.199 24.0604 0.397853 -0.0206172 0.00486105 0.0799434 0.996574
14.85 434.543 24.2782 0.396448 -0.0208311 0.00238194 0.0802516 0.996554
14.9 436.028 24.5218 0.406787 -0.0220107 2.8638e-05 0.0805194 0.99651
14.95 437.385 24.7499 0.426369 -0.025063 0.000618517 0.0804506 0.996443
15 438.748 24.9799 0.445922 -0.0277689 0.00187412 0.080363 0.996377
15.05 440.25 25.2308 0.46197 -0.0292696 0.00298029 0.0801827 0.996346
15.1 441.617 25.4553 0.470332 -0.0292794 0.00334534 0.0802751 0.996337
15.15 442.99 25.6769 0.485451 -0.0275602 0.00306338 0.0806619 0.996356
15.2 444.502 25.9218 0.498407 -0.0266371 0.00518138 0.0808669 0.996355
15.25 445.879 26.1472 0.509806 -0.0267497 0.00768523 0.0808367 0.996339
15.3 447.391 26.3959 0.504507 -0.0270219 0.00788463 0.0809171 0.996323
15.35 448.767 26.6215 0.498817 -0.027239 0.00633294 0.0810805 0.996315
15.4 450.145 26.8486 0.496094 -0.0272511 0.00512922 0.0811074 0.99632
15.45 451.665 27.0986 0.500037 -0.0267525 0.00426106 0.0807176 0.996369
15.5 453.046 27.3241 0.503981 -0.0258873 0.00415643 0.0801736 0.996436
15.55 454.431 27.5489 0.510661 -0.0251923 0.00521217 0.0797749 0.996481
15.6 455.956 27.7944 0.510198 -0.0252132 0.00488836 0.0794539 0.996508
15.65 457.344 28.0191 0.511094 -0.0258276 0.00275304 0.0791556 0.996524
15.7 458.735 28.2436 0.517108 -0.0268538 0.00145567 0.0786743 0.996538
15.75 460.27 28.49 0.525964 -0.0281248 0.00299217 0.0782115 0.996535
15.8 461.672 28.7116 0.535148 -0.027696 0.00478253 0.0777831 0.996574
15.85 463.216 28.9542 0.536043 -0.0275518 0.00557908 0.0774343 0.996601
15.9 464.627 29.1754 0.542144 -0.026574 0.00594195 0.0772801 0.996638
15.95 466.038 29.3954 0.541228 -0.0267634 0.0062411 0.077372 0.996623
16 467.594 29.6408 0.540122 -0.02725 0.00492614 0.0777774 0.996586
16.05 469.011 29.8649 0.533636 -0.0274288 0.00242055 0.0781749 0.996559
16.1 470.433 30.0917 0.534131 -0.0274955 0.00306773 0.0783913 0.996539
16.15 472.011 30.3445 0.549092 -0.0273706 0.00535909 0.0786614 0.996511
16.2 473.445 30.5736 0.54838 -0.0261686 0.00631085 0.0788191 0.996525
16.25 474.883 30.8024 0.540579 -0.0251673 0.00526826 0.0788798 0.996552
16.3 476.468 31.0545 0.531626 -0.0241631 0.00414722 0.0788991 0.996581
16.35 477.917 31.2867 0.53726 -0.0233484 0.00296718 0.0786972 0.996621
16.4 479.369 31.5193 0.546205 -0.0230973 0.00231862 0.0779897 0.996684
16.45 480.973 31.7739 0.556863 -0.023161 0.00249262 0.0767979 0.996775
16.5 482.433 32.0027 0.563874 -0.0238158 0.00292445 0.0757004 0.996842
16.55 484.044 32.252 0.570943 -0.0250621 0.00312573 0.074641 0.996891
16.6 485.512 32.4769 0.577731 -0.0269871 0.00376474 0.0736767 0.99691
16.65 486.982 32.7005 0.585075 -0.0298141 0.00471856 0.0726419 0.996901
16.7 488.604 32.9438 0.591676 -0.0318341 0.00538197 0.0714571 0.996921
16.75 490.077 33.1591 0.591138 -0.0318404 0.00616089 0.0704717 0.996986
16.8 491.553 33.3658 0.5867 -0.0286577 0.00636801 0.0697202 0.997135
16.85 493.179 33.5874 0.589362 -0.023951 0.00623557 0.0692691 0.997291
16.9 494.806 33.8063 0.591355 -0.0198497 0.00558811 0.0689184 0.997409
16.95 496.285 34.0059 0.591678 -0.0176523 0.00440591 0.0687124 0.997471
17 497.765 34.2091 0.59846 -0.0178211 0.00448552 0.06866 0.997471
17.05 499.248 34.4147 0.604235 -0.0177338 0.00457775 0.0687398 0.997466
17.1 500.883 34.6443 0.616468 -0.019272 0.00298481 0.0689699 0.997428
17.15 502.368 34.8516 0.624823 -0.0178224 0.000516302 0.0691739 0.997445
17.2 504.006 35.0786 0.646227 -0.0170915 0.00181485 0.0694424 0.997438
17.25 505.5 35.2848 0.661021 -0.0158211 0.00465478 0.0696714 0.997434
17.3 506.996 35.4923 0.664577 -0.0157529 0.00562552 0.0698605 0.997417
17.35 508.498 35.704 0.675627 -0.0152834 0.00456109 0.069792 0.997434
17.4 510.148 35.933 0.679433 -0.0145189 0.002082 0.0698207 0.997452
17.45 511.651 36.1395 0.69167 -0.0140704 0.00105904 0.0698413 0.997458
17.5 513.311 36.3692 0.704622 -0.0145737 0.0023991 0.0695245 0.997471
17.55 514.826 36.5818 0.719421 -0.0176755 0.0041663 0.0691451 0.997441
17.6 516.345 36.796 0.724617 -0.0206773 0.00503265 0.0686354 0.997415
17.65 518.019 37.0298 0.725035 -0.0236057 0.00429013 0.0683634 0.997372
17.7 519.545 37.241 0.72243 -0.0240827 0.00358921 0.0681525 0.997378
17.75 521.076 37.4497 0.72338 -0.0232271 0.00318106 0.0683792 0.997384
17.8 522.769 37.6783 0.732388 -0.0208875 0.00230415 0.0690056 0.997395
17.85 524.314 37.8904 0.744286 -0.0208286 0.00230561 0.0697119 0.997347
17.9 525.863 38.108 0.75549 -0.0211891 0.00226999 0.0703174 0.997297
17.95 527.569 38.3508 0.759256 -0.0223002 0.00418371 0.071168 0.997206
18 529.123 38.5728 0.758778 -0.0229711 0.00512682 0.0725353 0.997088
18.05 530.68 38.7988 0.755604 -0.0231746 0.00369723 0.0742121 0.996966
18.1 532.395 39.0562 0.762777 -0.0237405 0.00324817 0.0759443 0.996824
18.15 533.957 39.2963 0.77111 -0.0243776 0.00452699 0.0774822 0.996685
18.2 535.675 39.5654 0.777392 -0.0241951 0.00506153 0.0790563 0.996564
18.25 537.237 39.8127 0.77688 -0.0234051 0.0044721 0.0804784 0.996471
18.3 538.799 40.0632 0.781626 -0.0225245 0.00363996 0.0818002 0.996388
18.35 540.517 40.3436 0.791439 -0.0220034 0.00301541 0.0830955 0.996294
18.4 542.077 40.6028 0.797303 -0.022359 0.00272009 0.0840924 0.996203
18.45 543.793 40.8945 0.806079 -0.0231377 0.00237819 0.085041 0.996106
18.5 545.351 41.1626 0.815658 -0.0235862 0.00247557 0.0857711 0.996033
18.55 546.912 41.4325 0.83205 -0.0229283 0.00259983 0.0865881 0.995977
18.6 548.623 41.7302 0.844034 -0.0235308 0.00345045 0.0875755 0.995874
18.65 550.176 42.0048 0.851355 -0.0249856 0.00222308 0.0885546 0.995755
18.7 551.727 42.2859 0.857043 -0.0276473 0.0045042 0.0889493 0.995642
18.75 553.434 42.5986 0.863946 -0.0294852 0.00928472 0.0892546 0.995529
18.8 554.982 42.8787 0.854771 -0.0288854 0.0112116 0.0900769 0.995453
18.85 556.526 43.1562 0.838471 -0.0269717 0.0108316 0.091079 0.995419
18.9 558.222 43.463 0.816578 -0.0247159 0.00952613 0.0922102 0.995387
18.95 559.76 43.7456 0.79849 -0.0232238 0.00882473 0.0932347 0.995334
19 561.299 44.034 0.787093 -0.0223534 0.00934482 0.0942071 0.995258
19.05 562.992 44.3538 0.776225 -0.020627 0.00975968 0.0951693 0.9952
19.1 564.531 44.6471 0.767044 -0.0195404 0.0104134 0.0961247 0.995123
19.15 566.068 44.9415 0.753837 -0.0182537 0.0110268 0.0970402 0.995052
19.2 567.756 45.2684 0.737873 -0.0174708 0.0106297 0.0977449 0.995001
19.25 569.29 45.5681 0.725894 -0.0173372 0.0101134 0.0980857 0.994976
19.3 570.824 45.8703 0.716108 -0.0167254 0.0089454 0.0981461 0.994991
19.35 572.511 46.2032 0.708848 -0.0166522 0.00746817 0.0980698 0.995012
19.4 574.041 46.504 0.701067 -0.0172734 0.00648159 0.09775 0.99504
19.45 575.724 46.8328 0.692918 -0.0170971 0.0049054 0.0972765 0.995098
