0 0 -4.65661e-10 0 4.33681e-19 4.33681e-19 1.38812e-17 1
0.05 0.630851 -0.000604568 0.0031365 0.000967011 -0.00095439 -0.00293573 0.999995
0.1 1.26564 -0.00454087 0.00440873 0.0020266 -0.00175759 -0.00516091 0.999983
0.15 1.96826 -0.012179 0.00396605 0.00392087 -0.0017497 -0.0064459 0.99997
0.2 2.61199 -0.0220442 0.00921139 0.00572235 -0.000415791 -0.00686033 0.99996
0.25 3.25832 -0.031312 0.0148655 0.00708361 0.000653101 -0.00668446 0.999952
0.3 3.90802 -0.0443444 0.0193714 0.00815378 0.000923842 -0.00577171 0.99995
0.35 4.62665 -0.0577635 0.0229399 0.00958791 0.000570486 -0.00413997 0.999945
0.4 5.28505 -0.0684328 0.0265919 0.0107903 -6.26183e-05 -0.0018695 0.99994
0.45 5.94772 -0.0782137 0.0331306 0.0122404 -7.48524e-05 0.00135298 0.999924
0.5 6.67915 -0.0836922 0.0435955 0.0130886 0.000793047 0.00582857 0.999897
0.55 7.3475 -0.0829899 0.0549494 0.0138431 0.00210223 0.0105905 0.999846
0.6 8.01926 -0.0792037 0.0693496 0.014432 0.00323786 0.0157579 0.999766
0.65 8.76395 -0.0623397 0.0772792 0.0141561 0.0038084 0.0218224 0.999654
0.7 9.44222 -0.0384422 0.0797382 0.0133586 0.00370612 0.0272758 0.999532
0.75 10.1224 -0.00495674 0.0800948 0.0130575 0.00262765 0.032518 0.999382
0.8 10.8717 0.0386793 0.0794968 0.0134928 0.00246094 0.0379797 0.999184
0.85 11.5556 0.0875214 0.0770977 0.0140604 0.00212873 0.0426391 0.998989
0.9 12.2392 0.144841 0.0774611 0.0129688 0.00169621 0.0471463 0.998802
0.95 12.9879 0.213467 0.0800302 0.01179 0.00163801 0.0517741 0.998588
1 13.6681 0.279208 0.0804171 0.0130046 0.000434339 0.0558982 0.998352
1.05 14.3474 0.348345 0.0841402 0.0143468 0.000314927 0.0596974 0.998113
1.1 15.092 0.434664 0.0914212 0.0140445 0.00126525 0.0630199 0.997913
1.15 15.7655 0.519346 0.100144 0.0125033 0.00206637 0.0655318 0.99777
1.2 16.4365 0.607066 0.107291 0.0118072 0.0029449 0.0674983 0.997645
1.25 17.1715 0.70398 0.111536 0.0116026 0.00334584 0.0695905 0.997503
1.3 17.8341 0.794049 0.110144 0.0123042 0.00390481 0.0711156 0.997385
1.35 18.4945 0.887186 0.111102 0.0123263 0.00501484 0.0726009 0.997272
1.4 19.2175 0.991694 0.110755 0.0124102 0.00588369 0.0735628 0.997196
1.45 19.8709 1.08896 0.110982 0.0117982 0.00606381 0.0740486 0.997166
1.5 20.5202 1.18727 0.108479 0.0113773 0.00520875 0.0740172 0.997178
1.55 21.2338 1.29356 0.104518 0.0110029 0.00391704 0.0733647 0.997237
1.6 21.8798 1.38823 0.101303 0.011448 0.00276725 0.0723161 0.997312
1.65 22.5264 1.48045 0.10044 0.0119092 0.00272033 0.0705489 0.997434
1.7 23.2357 1.58421 0.102794 0.012289 0.0038926 0.0681875 0.997589
1.75 23.8796 1.67425 0.10742 0.0130529 0.00399142 0.0662438 0.99771
1.8 24.5208 1.76138 0.111303 0.0127489 0.00441321 0.0645582 0.997823
1.85 25.2214 1.85454 0.103648 0.0143002 0.00283674 0.0626635 0.997928
1.9 25.8556 1.93456 0.0962269 0.0146084 0.000878072 0.0614648 0.998002
1.95 26.4866 2.01124 0.0928068 0.0146469 -7.14339e-05 0.0601002 0.998085
2 27.1798 2.09437 0.0952092 0.0134382 -0.000546677 0.0585518 0.998194
2.05 27.809 2.16613 0.0997351 0.013744 0.000322134 0.0573508 0.998259
2.1 28.4363 2.2366 0.105308 0.012423 0.00104962 0.0562595 0.998338
2.15 29.1213 2.31132 0.110372 0.0112757 0.000773942 0.0548064 0.998433
2.2 29.7418 2.37762 0.11544 0.0101036 0.000475948 0.0537991 0.998501
2.25 30.3619 2.44165 0.123116 0.00981082 0.000549469 0.0528185 0.998556
2.3 31.0415 2.51082 0.131838 0.00925796 0.000675693 0.0518633 0.998611
2.35 31.6585 2.57354 0.139939 0.00949869 0.000613 0.0509512 0.998656
2.4 32.2763 2.63382 0.14792 0.00945601 0.000420888 0.0504887 0.99868
2.45 32.9561 2.69816 0.151499 0.0107721 5.8183e-05 0.050597 0.998661
2.5 33.5748 2.75675 0.153532 0.0117877 -0.000246111 0.0513009 0.998614
2.55 34.1928 2.81925 0.155831 0.0118745 -3.11527e-05 0.0522535 0.998563
2.6 34.8724 2.89046 0.157757 0.0113302 0.000574732 0.0534317 0.998507
2.65 35.4888 2.95896 0.158977 0.0108346 0.0016044 0.0543672 0.998461
2.7 36.1046 3.02659 0.163749 0.00968849 0.00331119 0.0553387 0.998415
2.75 36.7789 3.1017 0.168238 0.00931803 0.00469639 0.0564448 0.998351
2.8 37.3896 3.16932 0.169907 0.00897669 0.00507977 0.0575037 0.998292
2.85 37.9977 3.23796 0.16703 0.00837671 0.00473843 0.0586123 0.998234
2.9 38.6624 3.31289 0.158888 0.00895661 0.00305052 0.0597404 0.998169
2.95 39.2646 3.37971 0.150455 0.00980377 0.00157557 0.0609229 0.998093
3 39.8656 3.44784 0.148184 0.010776 0.00110194 0.0619765 0.998019
3.05 40.5254 3.52701 0.149823 0.0116879 0.000708549 0.0630032 0.997945
3.1 41.1279 3.59926 0.15224 0.0126015 0.000113525 0.064315 0.99785
3.15 41.7331 3.67429 0.155311 0.0132729 -0.000748158 0.065831 0.997742
3.2 42.3415 3.75124 0.157074 0.0139741 -0.00182273 0.0675145 0.997619
3.25 43.0158 3.83904 0.164071 0.0143624 -0.00203882 0.0693003 0.99749
3.3 43.6336 3.92301 0.173292 0.0139752 -0.00113205 0.0708856 0.997386
3.35 44.2541 4.01096 0.18231 0.0123456 -0.000111269 0.0723952 0.9973
3.4 44.9415 4.11037 0.193992 0.0111119 0.00141933 0.0739596 0.997198
3.45 45.5712 4.20315 0.202409 0.0109849 0.00285565 0.0755633 0.997076
3.5 46.271 4.30924 0.204813 0.0113122 0.00253206 0.0772414 0.996945
3.55 46.9125 4.40945 0.205762 0.0110675 0.00254599 0.0785516 0.996845
3.6 47.5595 4.51373 0.206532 0.0100226 0.00197597 0.0799564 0.996746
3.65 48.2143 4.62163 0.208081 0.00904918 0.001554 0.0812052 0.996655
3.7 48.9425 4.7392 0.208687 0.0099239 0.00113404 0.0825483 0.996537
3.75 49.6128 4.84772 0.209987 0.011039 0.000321813 0.0835999 0.996438
3.8 50.2904 4.96076 0.213297 0.0115187 0.000131134 0.0844911 0.996358
3.85 51.0449 5.08967 0.21548 0.0104798 -0.000453411 0.0854923 0.996284
3.9 51.739 5.21048 0.217239 0.0100204 -0.00144106 0.0863122 0.996217
3.95 52.442 5.3318 0.221187 0.0100492 -0.00136632 0.0869031 0.996165
4 53.2263 5.46722 0.226176 0.0103919 -0.00127378 0.0874139 0.996117
4.05 53.9481 5.59341 0.232397 0.010562 -0.000767991 0.0876305 0.996097
4.1 54.6788 5.72235 0.238143 0.0100988 -0.000184898 0.0876659 0.996099
4.15 55.4904 5.86622 0.242446 0.00895725 0.000233758 0.0875234 0.996122
4.2 56.2347 5.9962 0.246012 0.00948923 0.000283802 0.0871421 0.996151
4.25 56.9835 6.12497 0.251412 0.0101954 0.000248858 0.0868799 0.996167
4.3 57.8196 6.25896 0.256099 0.011892 0.000249196 0.0864808 0.996183
4.35 58.58 6.38218 0.260231 0.0115835 -1.74791e-05 0.0862722 0.996204
4.4 59.3393 6.50748 0.264902 0.01116 -0.000753662 0.0859597 0.996236
4.45 60.1759 6.64102 0.271964 0.0123021 -0.000235646 0.085808 0.996236
4.5 60.9342 6.76281 0.280759 0.0124585 0.00130127 0.0857417 0.996239
4.55 61.7681 6.89839 0.296685 0.0122759 0.00256315 0.0855787 0.996252
4.6 62.5235 7.02192 0.307952 0.0122985 0.00306089 0.0859994 0.996215
4.65 63.3862 7.16332 0.316683 0.0130105 0.00285803 0.0869366 0.996125
4.7 64.249 7.30472 0.325414 0.0137229 0.00265652 0.0878741 0.996034
4.75 64.8413 7.40576 0.333466 0.0136168 0.00316551 0.0886515 0.995965
4.8 65.5807 7.53511 0.34114 0.0137609 0.00398105 0.0894832 0.995885
4.85 66.3179 7.66126 0.349406 0.0133939 0.00398098 0.0905209 0.995797
4.9 67.1264 7.79116 0.352404 0.0143357 0.0044528 0.0914295 0.995698
4.95 67.8579 7.91355 0.352473 0.0139155 0.00279544 0.0924619 0.995615
5 68.5856 8.03834 0.357958 0.0112515 0.00153437 0.0933818 0.995566
5.05 69.3837 8.17648 0.361706 0.0130927 0.000164299 0.0941101 0.995476
5.1 70.1062 8.29934 0.364901 0.0139843 -0.000866733 0.0950889 0.99537
5.15 70.8267 8.4303 0.376514 0.01301 7.91744e-07 0.0949071 0.995401
5.2 71.6158 8.5726 0.388621 0.0124058 0.00243356 0.0957488 0.995325
5.25 72.3296 8.70199 0.397339 0.0128117 0.00325994 0.0965766 0.995238
5.3 73.0385 8.83315 0.402876 0.0127474 0.00234828 0.0971174 0.995189
5.35 73.8141 8.97967 0.408015 0.0123648 0.00227311 0.0971934 0.995186
5.4 74.5167 9.1127 0.409723 0.0114291 0.00126551 0.0973167 0.995187
5.45 75.2142 9.24733 0.413852 0.00908564 0.00145537 0.0971298 0.995229
5.5 75.978 9.39494 0.420686 0.0070459 0.00198705 0.0962912 0.995326
5.55 76.6653 9.52691 0.423605 0.0058532 0.00376752 0.0954083 0.995414
5.6 77.3458 9.65414 0.426963 0.00518064 0.00529494 0.0940854 0.995537
5.65 78.0964 9.78836 0.439788 0.00394909 0.00674177 0.0915212 0.995772
5.7 78.7732 9.90538 0.446367 0.00335445 0.0069112 0.088605 0.996037
5.75 79.442 10.0158 0.448547 0.0039817 0.00608363 0.0855305 0.996309
5.8 80.1662 10.1293 0.451583 0.00475153 0.00410612 0.0814335 0.996659
5.85 80.814 10.2276 0.453873 0.00586503 0.00147928 0.0771573 0.997001
5.9 81.4527 10.3235 0.457753 0.0051971 -0.00108096 0.0723596 0.997364
5.95 82.1435 10.4203 0.461943 0.00447226 -0.00326095 0.0658049 0.997817
6 82.7656 10.4988 0.474064 0.00549256 -0.00270215 0.0591203 0.998232
6.05 83.3817 10.5609 0.490075 0.00652641 0.000342402 0.0526928 0.998589
6.1 84.0407 10.6274 0.500201 0.00837585 0.00229362 0.044911 0.998953
6.15 84.6402 10.68 0.508524 0.00684519 0.00338293 0.0372867 0.999275
6.2 85.2924 10.727 0.517274 0.00604625 0.0025634 0.0284975 0.999572
6.25 85.8775 10.7604 0.525142 0.0055892 0.00115333 0.019236 0.999799
6.3 86.4598 10.7821 0.533485 0.00512108 -0.000293009 0.00877264 0.999948
6.35 87.0988 10.7931 0.547325 0.00421218 -0.00103151 -0.00431273 0.999981
6.4 87.6797 10.7906 0.561897 0.00286572 -0.0014188 -0.0178583 0.999835
6.45 88.2578 10.7737 0.578765 0.00196264 -0.0017108 -0.0328146 0.999458
6.5 88.8897 10.7305 0.595205 0.00158582 -0.00137025 -0.050084 0.998743
6.55 89.4602 10.6736 0.612559 0.00132664 -0.000593024 -0.0664367 0.99779
6.6 90.0246 10.5958 0.625622 0.00167396 -0.000592024 -0.0830469 0.996544
6.65 90.6389 10.4886 0.641089 0.00286574 -0.000727245 -0.101521 0.994829
6.7 91.1895 10.3706 0.655738 0.00309836 -0.000581236 -0.118492 0.99295
6.75 91.7326 10.2381 0.670189 0.00266502 -0.00109696 -0.136013 0.990703
6.8 92.324 10.0703 0.685481 0.00152811 -0.00177987 -0.155413 0.987847
6.85 92.8605 9.89454 0.697654 0.00164208 -0.00247082 -0.173101 0.9849
6.9 93.4467 9.67444 0.713704 0.00262224 -0.0027827 -0.192575 0.981275
6.95 93.9773 9.45257 0.727185 0.00379033 -0.00323408 -0.210417 0.977599
7 94.504 9.21081 0.740987 0.00381959 -0.00354725 -0.228481 0.973535
7.05 95.0795 8.92015 0.752439 0.00310867 -0.00428932 -0.248389 0.968646
7.1 95.5957 8.63371 0.764343 0.00304039 -0.00508395 -0.266472 0.963824
7.15 96.1039 8.32215 0.775476 0.00428332 -0.00626036 -0.284542 0.958634
7.2 96.6532 7.95474 0.788414 0.005367 -0.00773718 -0.304307 0.952527
7.25 97.145 7.59828 0.80005 0.00551405 -0.00876216 -0.322172 0.946625
7.3 97.6291 7.22177 0.813688 0.00576389 -0.00854277 -0.339918 0.940399
7.35 98.1483 6.78097 0.828816 0.00635858 -0.00842174 -0.35884 0.93334
7.4 98.6085 6.35741 0.844233 0.00805697 -0.00908633 -0.375648 0.926683
7.45 99.0571 5.91341 0.860472 0.00919471 -0.00969052 -0.392121 0.919817
7.5 99.5396 5.40265 0.874317 0.00913511 -0.0112646 -0.409381 0.912248
7.55 99.9652 4.91874 0.883617 0.00852331 -0.0135996 -0.42356 0.905726
7.6 100.38 4.4153 0.894625 0.00807776 -0.0160772 -0.43615 0.899694
7.65 100.824 3.84198 0.909382 0.00842852 -0.0189124 -0.447835 0.893877
7.7 101.218 3.30221 0.927176 0.00981615 -0.0200003 -0.456468 0.889461
7.75 101.608 2.74871 0.948435 0.0107216 -0.0193306 -0.463558 0.885791
7.8 102.034 2.127 0.974408 0.010456 -0.0175058 -0.469822 0.882526
7.85 102.42 1.55 0.998801 0.0108301 -0.0157751 -0.474249 0.880183
7.9 102.803 0.963381 1.01767 0.010164 -0.0153011 -0.477696 0.878333
7.95 103.185 0.365416 1.03418 0.00970836 -0.0157559 -0.480107 0.877015
8 103.604 -0.301994 1.05435 0.0104376 -0.016243 -0.481924 0.876
8.05 104.064 -1.0411 1.07293 0.0105809 -0.0174792 -0.483111 0.875321
8.1 104.374 -1.54135 1.08838 0.0112067 -0.017751 -0.483837 0.874907
8.15 104.8 -2.23582 1.11092 0.01089 -0.0174143 -0.484636 0.874475
8.2 105.19 -2.87494 1.13218 0.0106185 -0.0177712 -0.48526 0.874125
8.25 105.62 -3.58811 1.15658 0.0104459 -0.0178437 -0.485949 0.873743
8.3 106.02 -4.24658 1.17739 0.0103718 -0.0183978 -0.486594 0.873373
8.35 106.424 -4.91245 1.19879 0.010342 -0.0187728 -0.487282 0.872981
8.4 106.834 -5.5863 1.22127 0.01048 -0.0184932 -0.488039 0.872563
8.45 107.252 -6.27025 1.24369 0.0108184 -0.0178692 -0.488691 0.872207
8.5 107.67 -6.9542 1.26611 0.0111576 -0.0172457 -0.489342 0.87185
8.55 108.088 -7.63814 1.28853 0.0114978 -0.0166226 -0.489993 0.871492
8.6 108.59 -8.46526 1.31276 0.0122311 -0.0154338 -0.491032 0.870919
8.65 109.008 -9.15431 1.33186 0.0127553 -0.0148172 -0.49229 0.870212
8.7 109.425 -9.84266 1.35192 0.0125446 -0.0147962 -0.493504 0.869527
8.75 109.88 -10.5992 1.37388 0.0126586 -0.0147162 -0.494866 0.868753
8.8 110.288 -11.2837 1.39164 0.0126301 -0.0148656 -0.496069 0.868064
8.85 110.691 -11.9674 1.4097 0.0125999 -0.0149907 -0.497364 0.867321
8.9 111.089 -12.6485 1.42601 0.0121582 -0.0152792 -0.498941 0.866416
8.95 111.598 -13.5293 1.44625 0.0114292 -0.0153467 -0.501162 0.865142
9 111.91 -14.071 1.46175 0.0107607 -0.0151963 -0.50271 0.864254
9.05 112.336 -14.8138 1.48616 0.0101525 -0.0154047 -0.504831 0.863021
9.1 112.717 -15.4878 1.5084 0.00982352 -0.0158519 -0.506702 0.861919
9.15 113.094 -16.1587 1.53064 0.00997945 -0.0158611 -0.508586 0.860807
9.2 113.501 -16.8962 1.55586 0.0109852 -0.015228 -0.510767 0.859514
9.25 113.867 -17.5648 1.58046 0.0118632 -0.0139188 -0.512746 0.858345
9.3 114.228 -18.2325 1.60287 0.0117628 -0.0130427 -0.514802 0.857129
9.35 114.621 -18.9628 1.62355 0.0104637 -0.0132672 -0.517354 0.855605
9.4 114.97 -19.6249 1.6378 0.010053 -0.0142391 -0.51985 0.85408
9.45 115.314 -20.2874 1.65409 0.0102312 -0.01461 -0.522427 0.852498
9.5 115.686 -21.0158 1.67862 0.0107927 -0.0137991 -0.525469 0.850632
9.55 116.016 -21.6782 1.70206 0.0110421 -0.012888 -0.52807 0.849031
9.6 116.34 -22.3416 1.72022 0.0109971 -0.0125577 -0.530681 0.847407
9.65 116.691 -23.0743 1.73434 0.0111478 -0.0135953 -0.533498 0.845618
9.7 117.002 -23.745 1.74901 0.0113395 -0.0149265 -0.536296 0.843822
9.75 117.311 -24.4174 1.7652 0.0107246 -0.0155272 -0.539608 0.841705
9.8 117.647 -25.1593 1.78013 0.00978748 -0.0159158 -0.543945 0.838913
9.85 117.948 -25.8416 1.79709 0.00961842 -0.0160191 -0.548452 0.835973
9.9 118.239 -26.5273 1.81491 0.00970589 -0.0154999 -0.553373 0.832732
9.95 118.548 -27.2851 1.83383 0.00984097 -0.0152119 -0.55911 0.828896
10 118.823 -27.9802 1.84904 0.0101989 -0.0152652 -0.56476 0.825051
10.05 119.091 -28.6796 1.86398 0.00958519 -0.0149242 -0.570783 0.820909
10.1 119.378 -29.4561 1.88166 0.00909809 -0.0148497 -0.577812 0.815984
10.15 119.626 -30.1671 1.89673 0.00827681 -0.0150625 -0.584357 0.811314
10.2 119.863 -30.8843 1.9105 0.00767935 -0.015692 -0.591069 0.806432
10.25 120.109 -31.6789 1.92214 0.00656579 -0.0170235 -0.598432 0.800966
10.3 120.321 -32.4083 1.9359 0.00545477 -0.0181815 -0.605015 0.795988
10.35 120.527 -33.1441 1.95327 0.00412264 -0.0191977 -0.611611 0.790915
10.4 120.744 -33.9609 1.97403 0.00352634 -0.0201728 -0.618582 0.785454
10.45 120.929 -34.7095 1.99736 0.00432698 -0.0197018 -0.624458 0.780798
10.5 121.136 -35.6139 2.02789 0.00585703 -0.018281 -0.630538 0.775921
10.55 121.233 -36.068 2.04294 0.00690676 -0.0178576 -0.633107 0.773827
10.6 121.43 -37.0571 2.07581 0.00865607 -0.0187839 -0.637696 0.770011
10.65 121.575 -37.8196 2.09796 0.00814057 -0.0197106 -0.640764 0.767442
10.7 121.729 -38.661 2.12249 0.00733173 -0.0208821 -0.643903 0.764787
10.75 121.862 -39.4282 2.14551 0.00632244 -0.0221198 -0.6463 0.762737
10.8 121.989 -40.1963 2.16903 0.00633955 -0.0231655 -0.648308 0.761
10.85 122.124 -41.0478 2.20126 0.00675429 -0.0233493 -0.649773 0.75974
10.9 122.245 -41.824 2.23262 0.0072943 -0.0225163 -0.650508 0.759131
10.95 122.367 -42.6032 2.26746 0.00775052 -0.0213009 -0.651069 0.75868
11 122.496 -43.4559 2.29588 0.00793488 -0.0209464 -0.651369 0.758431
11.05 122.612 -44.2307 2.31977 0.00795694 -0.0213977 -0.651327 0.758454
11.1 122.728 -45.0061 2.34236 0.00752593 -0.0219261 -0.651008 0.758717
11.15 122.857 -45.8591 2.36795 0.00733318 -0.0223128 -0.650584 0.759071
11.2 122.964 -46.5574 2.39142 0.00713963 -0.0223791 -0.650219 0.759384
11.25 123.095 -47.4109 2.42166 0.00723159 -0.0226688 -0.649756 0.759771
11.3 123.202 -48.1081 2.44593 0.007621 -0.0228725 -0.649182 0.760251
11.35 123.347 -49.0347 2.47793 0.00749551 -0.0227596 -0.648328 0.760984
11.4 123.468 -49.8041 2.50588 0.00800708 -0.0230323 -0.647716 0.761492
11.45 123.602 -50.6477 2.53652 0.00879189 -0.0231832 -0.64686 0.762205
11.5 123.725 -51.4119 2.56452 0.00978468 -0.0232282 -0.646181 0.762768
11.55 123.849 -52.1736 2.59272 0.0109347 -0.022961 -0.645431 0.763395
11.6 123.974 -52.9319 2.61953 0.0116726 -0.0230641 -0.64466 0.764032
11.65 124.112 -53.7613 2.64704 0.0114229 -0.0240752 -0.643924 0.764625
11.7 124.239 -54.5112 2.6702 0.0107727 -0.0258229 -0.643351 0.76506
11.75 124.366 -55.2581 2.69256 0.00987885 -0.0276668 -0.64292 0.76537
11.8 124.507 -56.0757 2.72106 0.00886027 -0.0284088 -0.642615 0.765611
11.85 124.637 -56.8155 2.75242 0.00841581 -0.0273872 -0.642756 0.765535
11.9 124.765 -57.554 2.78601 0.00938597 -0.0264954 -0.643174 0.765204
11.95 124.891 -58.2899 2.81868 0.0103373 -0.025466 -0.644003 0.764529
12 125.022 -59.0691 2.84747 0.0102061 -0.0240216 -0.645997 0.762894
12.05 125.153 -59.8483 2.87625 0.0100824 -0.0225764 -0.647984 0.761253
12.1 125.284 -60.6275 2.90503 0.00996613 -0.0211304 -0.649963 0.759607
12.15 125.398 -61.3554 2.92965 0.0115368 -0.0200754 -0.653243 0.756794
12.2 125.504 -62.1135 2.95321 0.0114093 -0.02051 -0.656932 0.753585
12.25 125.61 -62.8715 2.97677 0.0112778 -0.0209431 -0.660605 0.750357
12.3 125.701 -63.5876 2.98863 0.00875902 -0.0239847 -0.663904 0.747382
12.35 125.79 -64.3703 3.00534 0.0071887 -0.0276207 -0.667061 0.744456
12.4 125.865 -65.0799 3.03206 0.00767162 -0.028701 -0.670059 0.741713
12.45 125.935 -65.7859 3.06447 0.00828256 -0.0282218 -0.672818 0.739224
12.5 126.006 -66.5574 3.09982 0.00879973 -0.0274739 -0.675618 0.736687
12.55 126.066 -67.2538 3.12923 0.0086138 -0.0266925 -0.678095 0.734439
12.6 126.121 -67.9447 3.1567 0.00782427 -0.0262126 -0.680347 0.73238
12.65 126.171 -68.6303 3.18366 0.00744974 -0.0262078 -0.682079 0.730771
12.7 126.22 -69.3783 3.21317 0.00729136 -0.026505 -0.683347 0.729576
12.75 126.275 -70.052 3.23557 0.00648297 -0.026534 -0.684119 0.728858
12.8 126.33 -70.7299 3.26148 0.00587499 -0.025934 -0.684749 0.728294
12.85 126.393 -71.4705 3.28912 0.00562621 -0.0250716 -0.685202 0.727899
12.9 126.455 -72.1348 3.31293 0.00530351 -0.0242809 -0.685674 0.727484
12.95 126.514 -72.7948 3.3378 0.00530821 -0.0233652 -0.686201 0.727017
13 126.584 -73.5294 3.3679 0.00480647 -0.022465 -0.686626 0.726648
13.05 126.652 -74.1925 3.39423 0.00447804 -0.0220889 -0.687054 0.726256
13.1 126.724 -74.8545 3.42107 0.00437108 -0.0213786 -0.687367 0.725983
13.15 126.785 -75.5663 3.44925 0.00440709 -0.0217956 -0.687564 0.725784
13.2 126.846 -76.2114 3.47486 0.00409316 -0.0220578 -0.687378 0.725953
13.25 126.899 -76.8458 3.49975 0.00398084 -0.0222512 -0.686937 0.726365
13.3 126.959 -77.5364 3.52546 0.00306478 -0.0217549 -0.68621 0.727072
13.35 127.006 -78.1517 3.54997 0.00303674 -0.0212228 -0.685563 0.727697
13.4 127.052 -78.7635 3.57544 0.00329204 -0.0205705 -0.684831 0.728404
13.45 127.1 -79.4263 3.6012 0.00333646 -0.0200033 -0.683921 0.729274
13.5 127.131 -80.016 3.61854 0.00293034 -0.0192113 -0.68299 0.730169
13.55 127.151 -80.595 3.62957 0.00287773 -0.018748 -0.682041 0.731068
13.6 127.185 -81.2353 3.64513 0.00240108 -0.0184259 -0.680872 0.732166
13.65 127.214 -81.8109 3.65795 0.00195998 -0.0181458 -0.679895 0.733082
13.7 127.262 -82.4513 3.68021 0.00160595 -0.0173376 -0.678904 0.734021
13.75 127.308 -83.0338 3.70146 0.00117801 -0.0168396 -0.677883 0.734976
13.8 127.357 -83.6097 3.71827 0.000800988 -0.0166381 -0.676851 0.735932
13.85 127.408 -84.1844 3.73688 0.000990741 -0.0167257 -0.676008 0.736703
13.9 127.46 -84.8143 3.75689 0.000852853 -0.016957 -0.675098 0.737533
13.95 127.503 -85.3834 3.77887 0.000494113 -0.0173764 -0.674411 0.738151
14 127.547 -85.9495 3.80047 -0.000216509 -0.0176822 -0.673932 0.738582
14.05 127.6 -86.5618 3.82319 -0.000954665 -0.0179566 -0.673431 0.739031
14.1 127.644 -87.1166 3.84519 -0.00127953 -0.0183655 -0.672864 0.739537
14.15 127.692 -87.665 3.86799 -0.00102536 -0.0188615 -0.67232 0.74002
14.2 127.744 -88.262 3.89425 -0.000831201 -0.0189184 -0.671754 0.740533
14.25 127.796 -88.7981 3.91899 -0.000680681 -0.0189293 -0.671198 0.741037
14.3 127.85 -89.3332 3.94707 -0.00087594 -0.0184722 -0.670635 0.741557
14.35 127.909 -89.9205 3.97866 -0.000864336 -0.0179676 -0.670199 0.741963
14.4 127.961 -90.446 4.0041 -0.00160193 -0.0176467 -0.669702 0.742418
14.45 128.015 -90.9757 4.03255 -0.00288729 -0.0174382 -0.669423 0.742671
14.5 128.076 -91.5419 4.06137 -0.00373062 -0.0169527 -0.669252 0.742833
14.55 128.131 -92.0457 4.0858 -0.00373081 -0.01649 -0.669461 0.742655
14.6 128.185 -92.5356 4.10988 -0.00361202 -0.0156501 -0.669838 0.742334
14.65 128.234 -93.0118 4.13458 -0.00407011 -0.0145108 -0.670569 0.741694
14.7 128.285 -93.5194 4.16448 -0.00446521 -0.0128901 -0.67193 0.740489
14.75 128.327 -93.9597 4.19019 -0.00412948 -0.0115699 -0.673426 0.739152
14.8 128.363 -94.3856 4.21354 -0.00332106 -0.0107762 -0.675177 0.73757
14.85 128.401 -94.8275 4.23398 -0.00265091 -0.0100655 -0.677538 0.735414
14.9 128.433 -95.2447 4.24877 -0.00254039 -0.00950587 -0.680407 0.732769
14.95 128.459 -95.6007 4.26178 -0.00291932 -0.00878713 -0.683358 0.730025
15 128.481 -95.9349 4.27348 -0.00324561 -0.00839519 -0.686483 0.72709
15.05 128.499 -96.2746 4.28661 -0.00314724 -0.00825065 -0.689968 0.723786
15.1 128.51 -96.5646 4.29626 -0.0032968 -0.00865594 -0.693226 0.720661
15.15 128.521 -96.8446 4.30387 -0.00420548 -0.00982879 -0.696746 0.717238
15.2 128.529 -97.1202 4.3112 -0.00559538 -0.0106862 -0.700368 0.71368
15.25 128.535 -97.4205 4.31986 -0.00656015 -0.0109731 -0.704787 0.709304
15.3 128.537 -97.6892 4.3288 -0.00654217 -0.011043 -0.709149 0.704941
15.35 128.535 -97.9548 4.33802 -0.00642596 -0.0111156 -0.713717 0.700317
15.4 128.53 -98.2411 4.3488 -0.00636008 -0.0113172 -0.718986 0.694903
15.45 128.521 -98.4978 4.35921 -0.00642748 -0.011503 -0.724092 0.689577
15.5 128.511 -98.7519 4.36927 -0.00688712 -0.0113245 -0.72952 0.683831
15.55 128.497 -99.0084 4.37788 -0.0079942 -0.0112807 -0.735192 0.677718
15.6 128.476 -99.2982 4.39001 -0.00951511 -0.0111747 -0.741942 0.670303
15.65 128.452 -99.5701 4.40017 -0.0102948 -0.0115859 -0.748514 0.662937
15.7 128.421 -99.8516 4.41008 -0.0111018 -0.0117151 -0.755482 0.65497
15.75 128.376 -100.175 4.42006 -0.0122012 -0.0114302 -0.763683 0.645375
15.8 128.327 -100.481 4.43156 -0.0128247 -0.0110667 -0.771839 0.635593
15.85 128.266 -100.8 4.44179 -0.0129033 -0.010254 -0.780577 0.624842
15.9 128.187 -101.165 4.45211 -0.013149 -0.00896689 -0.790832 0.611827
15.95 128.102 -101.507 4.46169 -0.0138274 -0.00819177 -0.80085 0.59865
16 127.992 -101.893 4.47087 -0.0151974 -0.0082954 -0.81208 0.58329
16.05 127.872 -102.252 4.48174 -0.0158722 -0.00853399 -0.822475 0.568516
16.1 127.734 -102.616 4.49161 -0.015723 -0.00928552 -0.83292 0.553093
16.15 127.564 -103.026 4.49905 -0.0158078 -0.00898964 -0.844481 0.535277
16.2 127.391 -103.404 4.50904 -0.0156001 -0.00882413 -0.855143 0.518082
16.25 127.197 -103.783 4.52254 -0.0154751 -0.0101812 -0.865549 0.500482
16.3 126.957 -104.199 4.54174 0.0146362 0.0111709 0.876596 -0.480875
16.35 126.72 -104.58 4.55822 0.0136146 0.010631 0.886699 -0.462025
16.4 126.463 -104.961 4.56973 0.0138665 0.00819854 0.896565 -0.44262
16.45 126.155 -105.375 4.57553 0.0133132 0.00786299 0.906831 -0.421211
16.5 125.816 -105.778 4.58674 0.0120634 0.00915726 0.916391 -0.399999
16.55 125.523 -106.105 4.59665 0.0111709 0.0107081 0.923774 -0.382626
16.6 125.141 -106.499 4.61281 0.00905247 0.0129813 0.932194 -0.361614
16.65 124.768 -106.847 4.6252 0.00778718 0.0133657 0.938829 -0.344036
16.7 124.375 -107.188 4.63194 0.00758238 0.0123217 0.944509 -0.328167
16.75 123.921 -107.551 4.63873 0.00831552 0.011501 0.950129 -0.311535
16.8 123.491 -107.874 4.64262 0.00837098 0.0109229 0.955305 -0.295301
16.85 123.043 -108.188 4.65173 0.00890748 0.00979815 0.96047 -0.278068
16.9 122.579 -108.489 4.66482 0.0093744 0.0101793 0.965433 -0.260285
16.95 122.047 -108.801 4.67548 0.0098525 0.0109952 0.970606 -0.24022
17 121.544 -109.071 4.68586 0.00944903 0.010967 0.975097 -0.221305
17.05 121.024 -109.324 4.69736 0.00920487 0.0097557 0.979251 -0.202208
17.1 120.429 -109.583 4.71076 0.00925702 0.00933241 0.983364 -0.181171
17.15 119.864 -109.797 4.72202 0.00856387 0.00965064 0.986688 -0.162113
17.2 119.284 -109.993 4.73627 0.00691313 0.00999264 0.989545 -0.143712
17.25 118.629 -110.186 4.7488 0.00543659 0.0104434 0.992092 -0.124956
17.3 118.011 -110.341 4.75794 0.00472584 0.0110861 0.993916 -0.109483
17.35 117.378 -110.476 4.76691 0.00426301 0.0132743 0.995307 -0.095761
17.4 116.665 -110.605 4.77465 0.00512742 0.0157222 0.996363 -0.0835952
17.45 116.009 -110.713 4.7782 0.00698193 0.0172197 0.99699 -0.0752721
17.5 115.34 -110.811 4.77308 0.0085891 0.0185282 0.997408 -0.0689894
17.55 114.586 -110.911 4.77567 0.00989131 0.0199875 0.997672 -0.0644516
17.6 113.892 -111.004 4.78402 0.0103576 0.0209129 0.997826 -0.0616343
17.65 113.18 -111.092 4.80084 0.00961424 0.0215395 0.997947 -0.0595473
17.7 112.455 -111.177 4.81416 0.00904456 0.0215607 0.998021 -0.0583812
17.75 111.64 -111.271 4.82328 0.00903922 0.0219569 0.998046 -0.0577996
17.8 110.885 -111.358 4.83455 0.00887142 0.0224703 0.998039 -0.0577406
17.85 110.116 -111.445 4.84315 0.00847421 0.022987 0.998003 -0.0582186
17.9 109.246 -111.54 4.84973 0.00722706 0.0232314 0.997975 -0.058778
17.95 108.44 -111.63 4.85521 0.00592876 0.0226026 0.99797 -0.0592395
18 107.622 -111.727 4.86511 0.00480901 0.0224823 0.997966 -0.0594627
18.05 106.709 -111.84 4.87561 0.00433277 0.0222152 0.997955 -0.059775
18.1 105.86 -111.941 4.88416 0.00509545 0.0230376 0.997927 -0.0598709
18.15 104.995 -112.04 4.89405 0.00541761 0.0257387 0.997864 -0.059788
18.2 104.119 -112.14 4.9015 0.00620845 0.025712 0.997844 -0.0600576
18.25 103.14 -112.257 4.91369 0.00769757 0.0256807 0.997828 -0.0601686
18.3 102.238 -112.364 4.9176 0.00934582 0.0262433 0.997763 -0.0607696
18.35 101.324 -112.479 4.92446 0.0102134 0.0259216 0.997763 -0.0607701
18.4 100.307 -112.61 4.94787 0.00893769 0.0234349 0.997881 -0.0600442
18.45 99.3715 -112.725 4.97041 0.00695981 0.0215306 0.997983 -0.0593148
18.5 98.4273 -112.836 4.98441 0.00555192 0.0200609 0.998072 -0.0584642
18.55 97.3928 -112.957 5.00579 0.00447349 0.0200013 0.998135 -0.0575
18.6 96.4496 -113.065 5.02387 0.00424802 0.0202835 0.998168 -0.0568418
18.65 95.4168 -113.193 5.04835 0.00480678 0.0210974 0.998177 -0.0563504
18.7 94.4651 -113.3 5.06648 0.00510728 0.0213207 0.998189 -0.0560268
18.75 93.5075 -113.404 5.07335 0.00537432 0.0219415 0.998189 -0.0557444
18.8 92.5425 -113.507 5.08 0.0054923 0.0221134 0.998184 -0.055757
18.85 91.4693 -113.609 5.09143 0.00464018 0.0241269 0.998137 -0.0558447
18.9 90.4972 -113.706 5.10608 0.00321383 0.0247507 0.998103 -0.0562814
18.95 89.527 -113.808 5.12338 0.00271876 0.0255674 0.998062 -0.0566624
19 88.4587 -113.921 5.13806 0.00485183 0.026769 0.997983 -0.0573624
19.05 87.4845 -114.026 5.15332 0.0064806 0.0269561 0.997935 -0.0579467
19.1 86.5064 -114.135 5.18103 0.00656401 0.0267013 0.997904 -0.0585868
19.15 85.5296 -114.248 5.21232 0.00572685 0.0267021 0.997868 -0.0592684
19.2 84.4512 -114.373 5.24185 0.00544551 0.0260561 0.997832 -0.0601896
19.25 83.467 -114.489 5.25999 0.00638413 0.0260543 0.997767 -0.0611636
19.3 82.4775 -114.606 5.27515 0.00721101 0.0257035 0.997714 -0.0620872
19.35 81.3853 -114.739 5.29183 0.00733999 0.0260654 0.997648 -0.0629668
19.4 80.3879 -114.864 5.30814 0.00665338 0.0259187 0.997604 -0.063791
19.45 79.3835 -114.988 5.3249 0.00533264 0.0258534 0.997563 -0.0645927
19.5 78.2725 -115.124 5.34212 0.0039919 0.0265048 0.997483 -0.0656394
19.55 77.2535 -115.244 5.35029 0.00333936 0.0266312 0.99743 -0.066438
19.6 76.2331 -115.372 5.35759 0.00334373 0.0270994 0.997377 -0.0670323
19.65 75.1043 -115.514 5.35916 0.00396245 0.0276798 0.997323 -0.0675629
19.7 74.0734 -115.647 5.36039 0.004239 0.0280774 0.997291 -0.0678589
19.75 73.0396 -115.782 5.36805 0.00448465 0.0290508 0.997236 -0.0682362
19.8 71.8954 -115.93 5.377 0.00574449 0.0297501 0.99717 -0.0688064
19.85 70.8497 -116.07 5.38576 0.00745477 0.0302548 0.997115 -0.0692094
19.9 69.7988 -116.215 5.39425 0.00807059 0.0298986 0.997128 -0.0691142
19.95 68.6343 -116.375 5.414 0.0072392 0.0290598 0.997177 -0.0688602
20 67.57 -116.521 5.43206 0.00565162 0.0282021 0.997241 -0.0684368
20.05 66.5027 -116.669 5.45396 0.00511349 0.0286018 0.997272 -0.0678625
20.1 65.3239 -116.826 5.47846 0.00466952 0.0290978 0.9973 -0.0672643
20.15 64.2446 -116.969 5.49885 0.00495945 0.0296255 0.997318 -0.0667419
20.2 63.0466 -117.124 5.51491 0.00583996 0.0308672 0.997319 -0.0660933
20.25 61.9527 -117.266 5.52707 0.00698956 0.0306184 0.997348 -0.0656592
20.3 60.8506 -117.408 5.54388 0.00664206 0.0307151 0.997377 -0.0651969
20.35 59.7333 -117.548 5.55271 0.00510988 0.0300777 0.997441 -0.0646574
20.4 58.616 -117.686 5.56548 0.0027299 0.0304416 0.997473 -0.0641298
20.45 57.377 -117.833 5.5711 0.00107044 0.031492 0.997465 -0.0637971
20.5 56.2498 -117.968 5.57299 0.00215823 0.031716 0.997473 -0.0635384
20.55 55.118 -118.102 5.57112 0.005977 0.0333751 0.997416 -0.0633434
20.6 53.8665 -118.251 5.57923 0.00740696 0.0319899 0.997494 -0.0626773
20.65 52.7324 -118.4 5.5935 0.00536813 0.0289961 0.997633 -0.0621173
20.7 51.5893 -118.546 5.59666 0.00249301 0.0270404 0.997719 -0.0618006
20.75 50.3325 -118.7 5.60087 0.000315954 0.0251939 0.997792 -0.0614543
20.8 49.1942 -118.838 5.60811 0.000876887 0.0249024 0.997812 -0.0612352
20.85 47.9417 -118.992 5.62029 0.00383057 0.0257504 0.997774 -0.061392
20.9 46.819 -119.144 5.61586 0.00553202 0.0269827 0.997698 -0.0619756
20.95 45.6875 -119.293 5.61758 0.00630376 0.028625 0.997596 -0.0627952
21 44.551 -119.442 5.62431 0.00642638 0.0295138 0.997524 -0.0635038
21.05 43.2951 -119.611 5.64849 0.00591294 0.0289817 0.997488 -0.0643627
21.1 42.1453 -119.766 5.68035 0.00461242 0.0282992 0.997467 -0.0651002
21.15 40.995 -119.928 5.70868 0.00477647 0.0258484 0.997508 -0.0654769
21.2 39.7161 -120.098 5.73603 0.00546894 0.0241291 0.997528 -0.0657689
21.25 38.5438 -120.244 5.75912 0.00564125 0.0234113 0.997528 -0.0660097
21.3 37.3694 -120.391 5.77844 0.00485679 0.0236719 0.997515 -0.066183
21.35 36.0701 -120.551 5.80038 0.00402104 0.0246519 0.997484 -0.0663441
21.4 34.884 -120.695 5.82089 0.00403065 0.0252965 0.997457 -0.0665065
21.45 33.6949 -120.839 5.84113 0.00417485 0.0257198 0.997441 -0.0665783
21.5 32.3792 -120.997 5.86941 0.00416011 0.0252543 0.997447 -0.0666676
21.55 31.1826 -121.142 5.89392 0.00404875 0.0248534 0.997461 -0.0666148
21.6 29.9832 -121.285 5.91938 0.00450926 0.0248955 0.997467 -0.066478
21.65 28.784 -121.432 5.94207 0.00581036 0.0251161 0.997454 -0.0664931
21.7 27.4581 -121.596 5.96305 0.00628771 0.0254642 0.997447 -0.0664265
21.75 26.0035 -121.771 6.00541 0.00522514 0.0252701 0.99748 -0.0660908
21.8 25.0327 -121.887 6.0418 0.0043602 0.024846 0.997515 -0.065782
21.85 23.6853 -122.044 6.09471 0.00371318 0.0245447 0.99757 -0.0651017
21.9 22.4612 -122.188 6.12753 0.00331119 0.0249988 0.997602 -0.0644596
21.95 21.2316 -122.328 6.16784 0.00344767 0.0250495 0.997634 -0.0639332
22 19.8798 -122.485 6.20267 0.00388886 0.0256545 0.997653 -0.0633598
22.05 18.6423 -122.626 6.2474 0.00455486 0.0260214 0.997676 -0.0628052
22.1 17.4071 -122.771 6.29358 0.00488285 0.0265428 0.997704 -0.06212
22.15 16.0427 -122.928 6.34873 0.00402116 0.0275448 0.997721 -0.0614682
22.2 14.7986 -123.07 6.38985 0.00228307 0.0292477 0.997718 -0.0608116
22.25 13.5549 -123.212 6.42444 0.0012932 0.02968 0.99774 -0.0602635
22.3 12.1841 -123.37 6.45363 0.00384536 0.0312037 0.997715 -0.0598056
22.35 10.9322 -123.514 6.48127 0.00622507 0.0312774 0.997716 -0.0595478
22.4 9.67721 -123.663 6.5147 0.0063375 0.0298674 0.997776 -0.059248
22.45 8.29187 -123.824 6.54925 0.00551587 0.0289183 0.997806 -0.0592916
22.5 7.02925 -123.971 6.57727 0.00464253 0.0297243 0.997774 -0.0595135
22.55 5.76199 -124.116 6.60136 0.00404201 0.0304305 0.99774 -0.0597753
22.6 4.36282 -124.277 6.62556 0.00315179 0.0314145 0.997681 -0.0602945
22.65 3.08829 -124.424 6.64574 0.0030895 0.0317909 0.997629 -0.0609672
22.7 1.81029 -124.574 6.66429 0.00360917 0.0319658 0.997581 -0.0616229
22.75 0.527788 -124.727 6.68662 0.003195 0.031763 0.997549 -0.0622632
22.8 -0.885153 -124.898 6.71 0.00341186 0.0313579 0.997525 -0.0628409
22.85 -2.17074 -125.057 6.72172 0.0047128 0.031283 0.997478 -0.0635395
22.9 -3.4655 -125.216 6.73866 0.00423022 0.0313793 0.997438 -0.0641508
22.95 -4.89475 -125.396 6.75657 0.00308523 0.0303167 0.99744 -0.064695
23 -6.1949 -125.561 6.76726 0.00438503 0.0297166 0.997431 -0.0650261
23.05 -7.49903 -125.728 6.78345 0.00465757 0.0289775 0.997448 -0.0650903
23.1 -8.93737 -125.913 6.80517 0.00415832 0.0277358 0.997469 -0.0653362
23.15 -10.251 -126.081 6.82914 0.00381806 0.0280354 0.997452 -0.0654877
23.2 -11.5662 -126.25 6.84844 0.00388726 0.0282452 0.997439 -0.0655925
23.25 -13.0173 -126.436 6.87297 0.0044507 0.0286771 0.997422 -0.0656241
23.3 -14.3394 -126.605 6.89667 0.00470962 0.0290756 0.997407 -0.065656
23.35 -15.6688 -126.773 6.92297 0.00401773 0.0296788 0.997414 -0.065332
23.4 -17.1347 -126.962 6.94139 0.00242394 0.029737 0.997445 -0.0649066
23.45 -18.4717 -127.133 6.95365 0.00223374 0.029943 0.99747 -0.0644335
23.5 -19.8118 -127.303 6.95995 0.00382095 0.0303992 0.997488 -0.0638638
23.55 -21.2876 -127.492 6.96769 0.0044624 0.0298379 0.997546 -0.0631825
23.6 -22.6316 -127.662 6.98354 0.00354723 0.0291939 0.997605 -0.0625998
23.65 -23.9736 -127.833 6.99727 0.00266989 0.0291087 0.997642 -0.0621007
23.7 -25.3178 -128.001 7.00823 0.00220666 0.0290336 0.997674 -0.061635
23.75 -26.7955 -128.185 7.01557 0.00173223 0.0289158 0.997717 -0.0610098
23.8 -28.1384 -128.349 7.02627 0.00155148 0.0286868 0.997758 -0.0604437
23.85 -29.4802 -128.511 7.04189 0.00168341 0.0286612 0.997796 -0.0598195
23.9 -30.9513 -128.693 7.06408 0.00204996 0.0280715 0.99784 -0.0593576
23.95 -32.2902 -128.856 7.08642 0.00183478 0.0279222 0.997873 -0.0588745
24 -33.6254 -129.022 7.11101 0.00196084 0.0274277 0.997902 -0.0586076
24.05 -35.0987 -129.196 7.13845 0.00171314 0.0283132 0.997877 -0.0586291
24.1 -36.4354 -129.355 7.1634 0.000378019 0.0290923 0.997839 -0.0589117
24.15 -37.7755 -129.507 7.18317 -0.00110977 0.0325811 0.99771 -0.0592578
24.2 -39.2464 -129.676 7.20008 -0.00140359 0.0331994 0.997641 -0.0600657
24.25 -40.5822 -129.831 7.21041 0.000825268 0.0343135 0.997567 -0.0606715
24.3 -41.9165 -129.992 7.22454 0.00264444 0.0330498 0.997599 -0.0608002
24.35 -43.3835 -130.171 7.25065 0.00264948 0.0315817 0.997645 -0.0608346
24.4 -44.7186 -130.331 7.27928 0.000851543 0.0317065 0.997623 -0.0611671
24.45 -46.0512 -130.488 7.29776 0.00180566 0.0336184 0.99754 -0.0614833
24.5 -47.3877 -130.641 7.31137 0.00274993 0.0361198 0.997429 -0.0618333
24.55 -48.8569 -130.813 7.32853 0.00190499 0.0350742 0.997441 -0.0622703
24.6 -50.3281 -130.99 7.34909 0.00229182 0.0333291 0.99749 -0.0624389
24.65 -51.5313 -131.139 7.36534 0.00192475 0.0305536 0.997566 -0.0626524
24.7 -53.0052 -131.323 7.37703 0.00107663 0.0287796 0.997592 -0.0630875
24.75 -54.3467 -131.491 7.38436 0.000948276 0.0273012 0.9976 -0.0636219
24.8 -55.6815 -131.664 7.3923 0.000936658 0.0272752 0.997565 -0.0641825
24.85 -57.1592 -131.853 7.41067 3.16468e-06 0.0274507 0.997523 -0.0647632
24.9 -58.4998 -132.027 7.42632 -0.000866408 0.0281901 0.997466 -0.065319
24.95 -59.845 -132.203 7.43783 -0.000864008 0.0287357 0.997416 -0.0658411
25 -61.3274 -132.397 7.44429 -0.000542413 0.029301 0.997368 -0.0663169
25.05 -62.6815 -132.572 7.45253 -0.000919518 0.0289699 0.997363 -0.0665287
25.1 -64.035 -132.75 7.46377 -0.00113768 0.0287633 0.997364 -0.0666103
25.15 -65.5267 -132.946 7.47594 -0.00069288 0.0286738 0.99737 -0.0665644
25.2 -66.884 -133.133 7.47809 -0.00114286 0.0283631 0.997384 -0.0664815
25.25 -68.2419 -133.32 7.47522 -0.00103522 0.0285804 0.997383 -0.0664025
25.3 -69.7389 -133.523 7.47546 -3.71953e-05 0.0276443 0.997416 -0.0663085
25.35 -71.1094 -133.699 7.46505 -0.000151964 0.0277323 0.997434 -0.0660079
25.4 -72.475 -133.88 7.46315 -0.00107522 0.02663 0.997492 -0.0655706
25.45 -73.8439 -134.055 7.45738 -0.00163406 0.0263488 0.997534 -0.0650325
25.5 -75.3514 -134.243 7.43636 -0.00218436 0.0262844 0.997575 -0.0644081
25.55 -76.725 -134.411 7.42694 -0.00236283 0.0259743 0.997625 -0.0637577
25.6 -78.0865 -134.586 7.40507 -0.00259302 0.0264069 0.997646 -0.0632296
25.65 -79.5859 -134.777 7.3948 -0.00376391 0.0274111 0.997624 -0.0630947
25.7 -81.0841 -134.963 7.39184 -0.00534587 0.0300727 0.99753 -0.0632476
25.75 -82.4476 -135.129 7.3921 -0.00639659 0.032682 0.997421 -0.0635738
25.8 -83.8107 -135.29 7.40393 -0.00739694 0.0344515 0.997312 -0.0642499
25.85 -85.1762 -135.451 7.41088 -0.00777889 0.0346861 0.997258 -0.0649045
25.9 -86.5348 -135.62 7.41768 -0.00753011 0.0333385 0.997281 -0.06529
25.95 -88.0221 -135.812 7.42541 -0.00804493 0.0316927 0.997326 -0.0653559
26 -89.372 -135.992 7.4199 -0.00807657 0.0298408 0.997376 -0.0654591
26.05 -90.7233 -136.163 7.40745 -0.00570575 0.0293277 0.997414 -0.0653669
26.1 -92.2125 -136.351 7.39914 -0.00311312 0.0276394 0.997501 -0.0649547
26.15 -93.5682 -136.519 7.40427 -0.00451193 0.0261517 0.997577 -0.064309
26.2 -94.9277 -136.686 7.40253 -0.00692023 0.0240583 0.997646 -0.0638358
26.25 -96.4226 -136.866 7.38852 -0.00585273 0.0243715 0.997678 -0.0633211
26.3 -97.7755 -137.032 7.37511 -0.00517168 0.0234504 0.997726 -0.0629741
26.35 -99.129 -137.198 7.36861 -0.00386236 0.022449 0.997778 -0.0626134
26.4 -100.619 -137.378 7.36391 -0.00184189 0.022283 0.997816 -0.0621527
26.45 -101.972 -137.543 7.36292 -0.00203707 0.0222294 0.997828 -0.061978
26.5 -103.322 -137.711 7.35945 -0.00415426 0.022552 0.9978 -0.062199
26.55 -104.675 -137.875 7.35451 -0.00492803 0.0232645 0.997763 -0.0624789
26.6 -106.168 -138.05 7.34738 -0.0051857 0.0232975 0.997753 -0.0626103
26.65 -107.525 -138.213 7.33844 -0.00696265 0.0215241 0.997778 -0.0626627
26.7 -108.88 -138.377 7.32806 -0.00726983 0.0224638 0.997758 -0.0626257
26.75 -110.366 -138.556 7.30677 -0.00155412 0.0226835 0.997763 -0.0628582
26.8 -111.718 -138.718 7.29437 0.00265512 0.0238321 0.997723 -0.0630363
26.85 -113.072 -138.883 7.30261 0.000841966 0.0232304 0.997725 -0.0632835
26.9 -114.564 -139.068 7.31325 -0.00254928 0.0217104 0.997756 -0.0632804
26.95 -115.92 -139.235 7.31477 -0.00500483 0.0201616 0.997793 -0.0630658
27 -117.276 -139.404 7.30757 -0.00606709 0.0191439 0.997828 -0.062732
27.05 -118.769 -139.588 7.2956 -0.00568892 0.0179085 0.997852 -0.0627546
27.1 -120.127 -139.754 7.28645 -0.00553581 0.0178516 0.997861 -0.0626427
27.15 -121.488 -139.92 7.28256 -0.0073561 0.0182719 0.997847 -0.0625511
27.2 -122.986 -140.1 7.27156 -0.00917833 0.0189417 0.997818 -0.0625744
27.25 -124.35 -140.264 7.25554 -0.00965194 0.0207171 0.997769 -0.0627198
27.3 -125.711 -140.43 7.24376 -0.00917687 0.0207732 0.997767 -0.0628067
27.35 -127.211 -140.615 7.22992 -0.00925036 0.0210319 0.99777 -0.0626635
27.4 -128.578 -140.783 7.22221 -0.0108743 0.0200681 0.997779 -0.0625773
27.45 -129.946 -140.949 7.20854 -0.012519 0.0211746 0.99773 -0.0626846
27.5 -131.449 -141.134 7.19478 -0.0138137 0.0217708 0.997677 -0.0630586
27.55 -132.813 -141.303 7.17645 -0.0137899 0.0226735 0.997643 -0.0632817
27.6 -134.177 -141.473 7.15537 -0.0131132 0.022223 0.997644 -0.0635718
27.65 -135.541 -141.643 7.13615 -0.0152851 0.0231094 0.997578 -0.0638068
27.7 -137.041 -141.828 7.11397 -0.0164307 0.0238567 0.997511 -0.0642842
27.75 -138.4 -141.997 7.0823 -0.012408 0.0273405 0.997448 -0.0647748
27.8 -139.762 -142.163 7.05996 -0.0112765 0.0295041 0.997372 -0.0651983
27.85 -141.261 -142.349 7.04477 -0.0130321 0.0302126 0.9973 -0.0656484
27.9 -142.624 -142.521 7.02667 -0.0152513 0.0312208 0.997225 -0.065845
27.95 -143.988 -142.694 7.00614 -0.016853 0.0312227 0.997191 -0.0659577
28 -145.491 -142.886 6.98113 -0.0170499 0.0313579 0.997197 -0.0657625
28.05 -146.858 -143.06 6.95351 -0.0163221 0.030989 0.997221 -0.0657511
28.1 -148.23 -143.233 6.92162 -0.0152153 0.031025 0.997246 -0.065623
28.15 -149.744 -143.425 6.88226 -0.0157499 0.030245 0.997272 -0.0654647
28.2 -151.125 -143.602 6.84651 -0.0167634 0.0287118 0.99732 -0.0651666
28.25 -152.51 -143.779 6.81159 -0.016249 0.0282467 0.99736 -0.064895
28.3 -153.898 -143.955 6.77754 -0.0153735 0.0284846 0.99738 -0.0646961
28.35 -155.425 -144.145 6.74214 -0.0141691 0.0301138 0.997364 -0.0644796
28.4 -156.818 -144.316 6.71007 -0.0114662 0.03171 0.997357 -0.0643518
28.45 -158.214 -144.486 6.68346 -0.00855158 0.033441 0.997347 -0.0640969
28.5 -159.758 -144.676 6.66646 -0.00824165 0.0325796 0.997394 -0.0638489
28.55 -161.167 -144.852 6.65452 -0.0111753 0.030853 0.997434 -0.0636329
28.6 -162.582 -145.03 6.63596 -0.0156222 0.0279169 0.997483 -0.0632823
28.65 -164.143 -145.217 6.64844 -0.0170302 0.0257686 0.99755 -0.0627679
28.7 -165.578 -145.364 6.67107 -0.0157848 0.0255662 0.997602 -0.0623556
28.75 -167.022 -145.505 6.68891 -0.0147303 0.0260062 0.997624 -0.0620706
28.8 -168.612 -145.652 6.70171 -0.0152047 0.0278754 0.997591 -0.0616833
28.85 -170.05 -145.797 6.66221 -0.0159128 0.0294618 0.997551 -0.0614109
28.9 -171.491 -145.938 6.61693 -0.0157292 0.0317828 0.997496 -0.0611966
28.95 -173.084 -146.104 6.57177 -0.0161063 0.0325514 0.997489 -0.0608082
29 -174.537 -146.253 6.52767 -0.017356 0.0324832 0.997494 -0.0604157
29.05 -176.285 -146.438 6.47827 -0.0182253 0.0315545 0.997542 -0.059852
29.1 -177.454 -146.565 6.44269 -0.0173229 0.0306147 0.997611 -0.0594535
29.15 -179.064 -146.736 6.39415 -0.0159804 0.0291455 0.997718 -0.0587748
29.2 -180.533 -146.894 6.35822 -0.0163032 0.0281851 0.997784 -0.0580321
29.25 -182.152 -147.062 6.32032 -0.0176115 0.0277374 0.997829 -0.057082
29.3 -183.626 -147.214 6.28369 -0.0184252 0.0277013 0.997855 -0.0563867
29.35 -185.103 -147.361 6.24441 -0.019499 0.0278389 0.997876 -0.0555687
29.4 -186.582 -147.509 6.2032 -0.0203242 0.0272724 0.997921 -0.0547493
29.45 -188.209 -147.667 6.15309 -0.0205235 0.0277162 0.997953 -0.0538588
29.5 -189.686 -147.81 6.10641 -0.0199103 0.02715 0.998008 -0.0533477
29.55 -191.163 -147.952 6.06439 -0.0198011 0.0276991 0.998025 -0.0527967
29.6 -192.787 -148.107 6.02359 -0.0213323 0.027442 0.998032 -0.0521971
29.65 -194.262 -148.249 5.98376 -0.0216418 0.027246 0.998063 -0.0515736
29.7 -195.731 -148.392 5.94063 -0.0219885 0.0269213 0.998091 -0.0510411
29.75 -197.347 -148.549 5.89823 -0.0222983 0.0258547 0.998144 -0.0504176
29.8 -198.815 -148.691 5.86344 -0.02112 0.0249557 0.998212 -0.0500317
29.85 -200.285 -148.828 5.82952 -0.0189195 0.0251808 0.998272 -0.0496091
29.9 -201.755 -148.964 5.80032 -0.0179047 0.0253694 0.998301 -0.049312
29.95 -203.372 -149.112 5.77594 -0.0196566 0.0251627 0.99827 -0.04938
30 -204.839 -149.246 5.74252 -0.0208358 0.0251725 0.998237 -0.0495418
30.05 -206.299 -149.385 5.70316 -0.0214623 0.025356 0.998218 -0.0495804
30.1 -207.904 -149.536 5.65898 -0.022764 0.0250999 0.998195 -0.0495811
30.15 -209.361 -149.674 5.61658 -0.0231334 0.0253306 0.998174 -0.0497089
30.2 -210.818 -149.811 5.56924 -0.0231795 0.0249967 0.998184 -0.0496592
30.25 -212.42 -149.961 5.51353 -0.0238011 0.0240104 0.998204 -0.0494621
30.3 -213.877 -150.098 5.464 -0.0243655 0.0233947 0.998225 -0.0490442
30.35 -215.333 -150.235 5.41606 -0.0241783 0.0224224 0.998284 -0.048394
30.4 -216.936 -150.386 5.36901 -0.0249439 0.0219724 0.998317 -0.0475261
30.45 -218.391 -150.519 5.32643 -0.0263427 0.0218826 0.998314 -0.0468739
30.5 -219.844 -150.653 5.28585 -0.0276566 0.0228341 0.99829 -0.046155
30.55 -221.439 -150.793 5.23129 -0.027849 0.0242612 0.99829 -0.0453006
30.6 -222.885 -150.92 5.18519 -0.0269262 0.0252583 0.99833 -0.0444376
30.65 -224.325 -151.042 5.13482 -0.0253797 0.025146 0.998402 -0.0437898
30.7 -225.762 -151.163 5.08713 -0.0249373 0.0256015 0.998444 -0.0428106
30.75 -227.334 -151.292 5.04068 -0.0256587 0.0252793 0.998476 -0.0418072
30.8 -228.755 -151.403 4.99292 -0.0251615 0.025882 0.998506 -0.041023
30.85 -230.165 -151.511 4.94728 -0.0250726 0.0269196 0.998512 -0.0402571
30.9 -231.705 -151.625 4.89677 -0.0259367 0.0272439 0.998506 -0.0396299
30.95 -233.094 -151.726 4.84757 -0.0265681 0.0276144 0.998503 -0.0390419
31 -234.471 -151.824 4.79672 -0.0269576 0.0270913 0.998536 -0.0382699
31.05 -235.974 -151.928 4.74183 -0.0278081 0.0265461 0.998562 -0.0373681
31.1 -237.328 -152.019 4.68995 -0.0278471 0.0272398 0.998565 -0.0367442
31.15 -238.674 -152.106 4.63664 -0.0272115 0.0286264 0.998559 -0.036339
31.2 -240.146 -152.2 4.5742 -0.0252766 0.0284448 0.998617 -0.0362755
31.25 -241.479 -152.284 4.51852 -0.023629 0.0292919 0.998636 -0.0361856
31.3 -242.809 -152.373 4.47071 -0.0242008 0.027323 0.998695 -0.0357245
31.35 -244.136 -152.461 4.41772 -0.0248374 0.0262313 0.998727 -0.0352109
31.4 -245.592 -152.555 4.35727 -0.0262731 0.0253388 0.998725 -0.0348656
31.45 -246.912 -152.639 4.30453 -0.0272422 0.0249331 0.998715 -0.0347036
31.5 -248.229 -152.722 4.25115 -0.0273293 0.0259149 0.9987 -0.0343587
31.55 -249.672 -152.813 4.18882 -0.0272818 0.0254122 0.998727 -0.0339649
31.6 -250.979 -152.896 4.13279 -0.0265222 0.0249196 0.99877 -0.0336705
31.65 -252.28 -152.978 4.07794 -0.025673 0.0240161 0.998828 -0.0332647
31.7 -253.702 -153.067 4.02094 -0.0260386 0.0231536 0.998863 -0.0325333
31.75 -254.985 -153.148 3.97252 -0.0264099 0.0223415 0.998893 -0.0318657
31.8 -256.258 -153.222 3.92243 -0.0260886 0.0226599 0.998916 -0.0311861
31.85 -257.646 -153.302 3.869 -0.0264851 0.0233163 0.998916 -0.0303641
31.9 -258.895 -153.372 3.8222 -0.0270427 0.0232518 0.998926 -0.0295933
31.95 -260.134 -153.439 3.77292 -0.0268735 0.0235178 0.998951 -0.0286506
32 -261.478 -153.513 3.71817 -0.0271673 0.0229808 0.998992 -0.0273504
32.05 -262.689 -153.575 3.66757 -0.0274416 0.0223527 0.999041 -0.0257619
32.1 -263.89 -153.639 3.61439 -0.0266609 0.0215431 0.999125 -0.0239498
32.15 -265.088 -153.696 3.56134 -0.0254888 0.0211232 0.999209 -0.0220265
32.2 -266.404 -153.754 3.50277 -0.0239122 0.0205861 0.999303 -0.0199688
32.25 -267.604 -153.798 3.45155 -0.0232003 0.0208293 0.999353 -0.0179367
32.3 -268.804 -153.837 3.40421 -0.0234684 0.0207572 0.999382 -0.0159209
32.35 -270.124 -153.876 3.35605 -0.0245843 0.0209677 0.999386 -0.0135734
32.4 -271.323 -153.904 3.31158 -0.0261442 0.0214972 0.999364 -0.0111893
32.45 -272.521 -153.927 3.26051 -0.0272225 0.0218426 0.999355 -0.0084988
32.5 -273.834 -153.944 3.19954 -0.0269282 0.0229032 0.99936 -0.00542053
32.55 -275.026 -153.951 3.14001 -0.0265831 0.0241205 0.999352 -0.00267352
32.6 -276.214 -153.953 3.08177 -0.025905 0.0246076 0.999361 -1.95151e-05
32.65 -277.517 -153.952 3.01619 -0.025777 0.0255086 0.999337 0.00314957
32.7 -278.699 -153.945 2.96391 -0.0268521 0.0252564 0.999302 0.0060719
32.75 -279.876 -153.93 2.90943 -0.0260958 0.0251547 0.999303 0.00893038
32.8 -281.166 -153.908 2.84868 -0.024869 0.0241618 0.999326 0.0120341
32.85 -282.339 -153.879 2.7949 -0.0238936 0.0231398 0.999331 0.0152322
32.9 -283.512 -153.844 2.74467 -0.0247903 0.0224065 0.999264 0.0188481
32.95 -284.8 -153.792 2.69174 -0.0267318 0.0227744 0.999109 0.0234214
33 -285.968 -153.732 2.63338 -0.0269509 0.0237674 0.998965 0.0278845
33.05 -287.133 -153.663 2.57707 -0.0267379 0.0249829 0.998793 0.0327538
33.1 -288.411 -153.574 2.51561 -0.026259 0.0251685 0.998602 0.0383664
33.15 -289.569 -153.484 2.46452 -0.0249867 0.0242969 0.998438 0.043679
33.2 -290.723 -153.386 2.41458 -0.0226795 0.0219256 0.998308 0.0488449
33.25 -291.873 -153.276 2.36984 -0.0212663 0.0206554 0.998098 0.0540474
33.3 -293.135 -153.139 2.32762 -0.0223676 0.0190202 0.997798 0.0594661
33.35 -294.273 -153.001 2.28685 -0.0228287 0.0195932 0.997531 0.0634501
33.4 -295.403 -152.852 2.24377 -0.022025 0.0208542 0.997371 0.0658159
33.45 -296.638 -152.682 2.20073 -0.0219663 0.0228341 0.99726 0.0668422
33.5 -297.752 -152.525 2.16589 -0.0222906 0.0239381 0.997246 0.0665674
33.55 -298.858 -152.371 2.13158 -0.0224457 0.0254511 0.997287 0.0653193
33.6 -300.067 -152.209 2.09193 -0.0225294 0.026386 0.997444 0.0624669
33.65 -301.161 -152.065 2.05543 -0.0227619 0.0274508 0.997642 0.0586387
33.7 -302.249 -151.93 2.02127 -0.0233275 0.0286209 0.997849 0.0541625
33.75 -303.439 -151.795 1.98049 -0.0243886 0.0283679 0.998111 0.0487255
33.8 -304.51 -151.685 1.94116 -0.0244666 0.0283173 0.998336 0.0438817
33.85 -305.573 -151.59 1.90012 -0.0239084 0.0270072 0.998589 0.0389786
33.9 -306.628 -151.504 1.86305 -0.0238057 0.026409 0.998779 0.0343031
33.95 -307.777 -151.421 1.82516 -0.0248471 0.0257006 0.998928 0.0294233
34 -308.813 -151.355 1.78697 -0.0257224 0.0250634 0.999032 0.0254179
34.05 -309.843 -151.297 1.7489 -0.0257333 0.0252955 0.999104 0.022122
34.1 -310.975 -151.242 1.70315 -0.0247268 0.0247301 0.999209 0.0189149
34.15 -312.003 -151.197 1.65713 -0.0235204 0.0249097 0.999273 0.0167026
34.2 -313.031 -151.159 1.61669 -0.0232611 0.024934 0.999307 0.0149384
34.25 -314.163 -151.123 1.57591 -0.0231506 0.0244688 0.999342 0.0134311
34.3 -315.191 -151.094 1.53878 -0.0236749 0.0238797 0.999357 0.0124475
34.35 -316.217 -151.066 1.49923 -0.0238095 0.0239272 0.99936 0.0118086
34.4 -317.346 -151.037 1.45319 -0.0241981 0.0237406 0.99936 0.0113903
34.45 -318.369 -151.01 1.41017 -0.0242579 0.0241399 0.999354 0.0110115
34.5 -319.39 -150.982 1.36588 -0.0243005 0.0243338 0.999351 0.0107089
34.55 -320.512 -150.956 1.32341 -0.0247396 0.0247105 0.999333 0.0105647
34.6 -321.53 -150.932 1.28337 -0.0250355 0.0244216 0.999332 0.010632
34.65 -322.546 -150.906 1.24189 -0.0248578 0.0243898 0.999334 0.0109257
34.7 -323.656 -150.876 1.19298 -0.0246944 0.0245821 0.999331 0.0111292
34.75 -324.661 -150.85 1.14755 -0.0254432 0.0247253 0.999305 0.0114154
34.8 -325.657 -150.825 1.10675 -0.0265194 0.0249782 0.999269 0.0116058
34.85 -326.641 -150.802 1.06431 -0.0270039 0.0247536 0.999259 0.0118458
34.9 -327.711 -150.774 1.01761 -0.0265071 0.0253925 0.999251 0.0122868
34.95 -328.667 -150.747 0.974267 -0.0263129 0.0251364 0.999259 0.0125476
35 -329.611 -150.722 0.937515 -0.0267051 0.0252511 0.999242 0.012835
35.05 -330.632 -150.693 0.896916 -0.0267126 0.0250431 0.999244 0.0130849
35.1 -331.547 -150.667 0.862476 -0.0270257 0.0258327 0.999212 0.0133636
35.15 -332.449 -150.64 0.826865 -0.0274297 0.0259142 0.999196 0.0135202
35.2 -333.421 -150.609 0.788311 -0.0275523 0.0257698 0.999193 0.0137963
35.25 -334.288 -150.583 0.752886 -0.0273709 0.0256677 0.999199 0.0139148
35.3 -335.134 -150.558 0.716972 -0.0271862 0.0260372 0.999195 0.0138717
35.35 -336.043 -150.531 0.681832 -0.0274555 0.0258628 0.999195 0.0136435
35.4 -336.847 -150.506 0.654899 -0.0276174 0.0260017 0.999191 0.0133954
35.45 -337.632 -150.478 0.625126 -0.0276499 0.0256199 0.999207 0.0127992
35.5 -338.472 -150.447 0.592772 -0.0280751 0.0254951 0.999205 0.0123181
35.55 -339.213 -150.422 0.563412 -0.0279102 0.0256655 0.999211 0.0118163
35.6 -339.93 -150.402 0.537636 -0.0281926 0.0252114 0.999219 0.0114258
35.65 -340.693 -150.38 0.512689 -0.0286888 0.0250199 0.999214 0.0110965
35.7 -341.365 -150.362 0.490456 -0.0286864 0.0251683 0.999214 0.0106795
35.75 -342.015 -150.349 0.471024 -0.028127 0.0250666 0.999238 0.010205
35.8 -342.712 -150.337 0.449287 -0.0275861 0.0248155 0.999262 0.00989165
35.85 -343.331 -150.325 0.431038 -0.0270357 0.024805 0.999281 0.00955393
35.9 -343.938 -150.311 0.408929 -0.0266932 0.0250867 0.999286 0.00927539
35.95 -344.593 -150.294 0.384275 -0.0261322 0.0254582 0.999291 0.00926671
36 -345.179 -150.281 0.362479 -0.025906 0.0253605 0.9993 0.00923838
36.05 -345.756 -150.268 0.337118 -0.0255013 0.0251212 0.999315 0.00943979
36.1 -346.386 -150.251 0.307974 -0.0247425 0.0253188 0.999325 0.00984724
36.15 -346.953 -150.238 0.285962 -0.0243964 0.0252916 0.99933 0.0102479
36.2 -347.514 -150.228 0.272006 -0.0243354 0.0254323 0.999322 0.0107558
36.25 -348.129 -150.215 0.254019 -0.0244268 0.0252936 0.999318 0.011294
36.3 -348.683 -150.204 0.234947 -0.0244058 0.0254874 0.999308 0.0117847
36.35 -349.232 -150.19 0.220991 -0.024369 0.0254145 0.999305 0.0122662
36.4 -349.824 -150.179 0.204617 -0.0246382 0.0250319 0.999295 0.0132841
36.45 -350.356 -150.168 0.186365 -0.0246567 0.0251994 0.999276 0.0142906
36.5 -350.879 -150.15 0.167815 -0.0249728 0.025089 0.999258 0.0151708
36.55 -351.444 -150.128 0.144392 -0.0257916 0.0252979 0.999215 0.0162515
36.6 -351.94 -150.112 0.121507 -0.0261049 0.0255084 0.999186 0.0172024
36.65 -352.418 -150.092 0.0974527 -0.0259833 0.0255704 0.999172 0.0180687
36.7 -352.927 -150.072 0.0738823 -0.0256762 0.0256897 0.999163 0.0188315
36.75 -353.373 -150.055 0.0571459 -0.0258318 0.0255944 0.999144 0.0196987
36.8 -353.802 -150.037 0.039981 -0.0257444 0.0257511 0.999127 0.0204791
36.85 -354.215 -150.019 0.0236145 -0.0256181 0.026069 0.999111 0.0209882
36.9 -354.647 -149.998 0.011199 -0.0257887 0.0261849 0.999094 0.0214369
36.95 -355.023 -149.983 -0.0010331 -0.0258379 0.0260523 0.999087 0.0218624
37 -355.38 -149.966 -0.0124567 -0.0260556 0.0257168 0.999086 0.0220885
37.05 -355.757 -149.949 -0.0216891 -0.0263942 0.02592 0.999066 0.022352
37.1 -356.079 -149.934 -0.0285176 -0.0264934 0.0258214 0.99906 0.0225741
37.15 -356.383 -149.92 -0.0384698 -0.0263653 0.0258963 0.999058 0.0227652
37.2 -356.695 -149.904 -0.0513467 -0.0261819 0.0261193 0.999051 0.0229878
37.25 -356.964 -149.891 -0.061833 -0.0257561 0.0260945 0.999057 0.0232659
37.3 -357.22 -149.88 -0.0725314 -0.0255086 0.0256687 0.999072 0.0233487
37.35 -357.486 -149.867 -0.0871392 -0.0256335 0.0254557 0.999073 0.0234124
37.4 -357.716 -149.854 -0.101922 -0.0257388 0.0256863 0.999063 0.0234748
37.45 -357.932 -149.842 -0.117304 -0.0255846 0.0256597 0.999069 0.0234295
37.5 -358.156 -149.831 -0.130077 -0.0257225 0.0255562 0.999072 0.0232628
37.55 -358.346 -149.822 -0.140867 -0.0257155 0.0254909 0.999077 0.0231276
37.6 -358.528 -149.812 -0.154854 -0.0256414 0.0252637 0.999085 0.0231112
37.65 -358.713 -149.803 -0.166257 -0.0257583 0.0248785 0.999098 0.0228249
37.7 -358.872 -149.796 -0.175778 -0.0257771 0.0248049 0.999105 0.0225664
37.75 -359.021 -149.79 -0.181507 -0.0253277 0.0249042 0.999118 0.0224062
37.8 -359.16 -149.785 -0.18501 -0.0245943 0.025099 0.999136 0.0222059
37.85 -359.323 -149.777 -0.200358 -0.0237612 0.0251986 0.999159 0.0219317
37.9 -359.473 -149.768 -0.218354 -0.0233786 0.0251465 0.999174 0.0217373
37.95 -359.621 -149.761 -0.232565 -0.02336 0.0249865 0.999184 0.0214989
38 -359.781 -149.755 -0.241638 -0.0234024 0.0250465 0.999188 0.0211826
38.05 -359.934 -149.749 -0.24905 -0.0234034 0.025274 0.999188 0.0208956
38.1 -360.09 -149.742 -0.259409 -0.0234278 0.0254334 0.999189 0.0206454
38.15 -360.264 -149.734 -0.268906 -0.0233206 0.0254855 0.999196 0.0203248
38.2 -360.424 -149.728 -0.278477 -0.0232628 0.0252392 0.99921 0.0200343
38.25 -360.583 -149.723 -0.287494 -0.0233983 0.0251605 0.999212 0.0198689
38.3 -360.76 -149.717 -0.297892 -0.0234273 0.0251805 0.999215 0.0196409
38.35 -360.926 -149.709 -0.31577 -0.0232852 0.0252127 0.999225 0.0192993
38.4 -361.092 -149.702 -0.333764 -0.0232459 0.025082 0.999231 0.0191798
38.45 -361.275 -149.695 -0.35428 -0.0233703 0.0246868 0.999243 0.0189043
38.5 -361.441 -149.69 -0.369512 -0.0233282 0.024704 0.999249 0.0186073
38.55 -361.606 -149.683 -0.388278 -0.0233335 0.0248321 0.99925 0.0183885
38.6 -361.789 -149.667 -0.422292 -0.0236032 0.0248626 0.999247 0.0181595
38.65 -361.956 -149.655 -0.444491 -0.0236658 0.0250159 0.999247 0.0178631
38.7 -362.123 -149.641 -0.466513 -0.0236187 0.0248912 0.999257 0.0175686
38.75 -362.308 -149.633 -0.482565 -0.0237065 0.0247598 0.999262 0.0173208
38.8 -362.479 -149.618 -0.505376 -0.0237554 0.0247505 0.999266 0.0170619
38.85 -362.65 -149.602 -0.528702 -0.0236631 0.0247323 0.999272 0.0168278
38.9 -362.838 -149.586 -0.545748 -0.0235373 0.0247228 0.999279 0.0166095
38.95 -363.011 -149.575 -0.558997 -0.0237681 0.0248098 0.999275 0.0163898
39 -363.183 -149.563 -0.568507 -0.0241098 0.0252195 0.99926 0.016166
39.05 -363.368 -149.541 -0.581691 -0.0242609 0.0258405 0.999244 0.015943
39.1 -363.531 -149.522 -0.597105 -0.0243068 0.0259013 0.999244 0.0158207
39.15 -363.681 -149.501 -0.608431 -0.0243343 0.0255013 0.999255 0.0156998
39.2 -363.824 -149.491 -0.615245 -0.024319 0.0251339 0.999268 0.0155276
39.25 -363.969 -149.478 -0.619044 -0.024376 0.0251529 0.999267 0.0154369
39.3 -364.092 -149.468 -0.622588 -0.0245117 0.0252855 0.999262 0.0153562
39.35 -364.217 -149.457 -0.624201 -0.0247951 0.025194 0.999259 0.0152489
39.4 -364.322 -149.448 -0.626582 -0.0249159 0.0251294 0.999259 0.0151225
39.45 -364.421 -149.441 -0.628844 -0.0247075 0.0251452 0.999265 0.0150356
39.5 -364.507 -149.433 -0.624748 -0.0246874 0.0254497 0.999259 0.0149749
39.55 -364.596 -149.424 -0.620768 -0.0248202 0.0256363 0.999252 0.014905
39.6 -364.665 -149.414 -0.614052 -0.0247432 0.025493 0.999257 0.0149108
39.65 -364.72 -149.413 -0.604399 -0.0246502 0.0251516 0.999268 0.0149145
39.7 -364.771 -149.411 -0.601013 -0.0246348 0.025001 0.999274 0.0148476
39.75 -364.812 -149.407 -0.604339 -0.0244211 0.0251215 0.999276 0.0148461
39.8 -364.85 -149.402 -0.612342 -0.0239937 0.025188 0.999285 0.0148432
39.85 -364.892 -149.397 -0.613281 -0.0232809 0.0250848 0.999305 0.0148043
39.9 -364.94 -149.389 -0.625723 -0.0226799 0.0248955 0.999323 0.0147881
39.95 -364.996 -149.378 -0.642208 -0.0223156 0.0248908 0.999331 0.0148144
40 -365.063 -149.37 -0.649087 -0.0223156 0.0250431 0.999328 0.0147639
40.05 -365.129 -149.357 -0.656412 -0.0224503 0.025194 0.999322 0.0147362
40.1 -365.2 -149.35 -0.665189 -0.0224238 0.025307 0.99932 0.0146959
