0.500000000 -0.388726 0.059428 3.397181 -0.003573 -0.063030 -0.004101 0.997997
0.550000000 -0.427956 0.079176 3.719072 -0.002912 -0.069373 -0.003078 0.997582
0.600000000 -0.386196 0.076729 4.010025 -0.005637 -0.077071 -0.001514 0.997009
0.650000000 -0.326506 0.087680 4.299375 -0.007116 -0.085089 -0.001463 0.996347
0.700000000 -0.266646 0.126280 4.592502 -0.005676 -0.093595 -0.000955 0.995594
0.750000000 -0.218805 0.161829 4.894227 -0.004574 -0.101934 -0.000990 0.994780
0.800000000 -0.211351 0.233950 5.099897 -0.004350 -0.107797 -0.003111 0.994159
0.850000000 -0.464344 0.134472 5.469663 -0.005246 -0.111057 -0.003313 0.993795
0.900000000 -0.524154 0.107940 5.737131 -0.002061 -0.116873 -0.003184 0.993140
0.950000000 -0.598667 0.095983 5.977520 0.001236 -0.122345 -0.001484 0.992486
1.000000000 -0.772028 0.109502 6.319425 0.003931 -0.126423 0.001060 0.991968
1.050000000 -0.854795 0.123916 6.643435 0.003244 -0.132482 0.001784 0.991179
1.100000000 -0.799074 0.152218 6.910169 0.000917 -0.140737 0.000482 0.990046
1.150000000 -0.815920 0.186195 7.161850 -0.000581 -0.148223 -0.000160 0.988954
1.200000000 -1.153636 0.134513 7.420540 -0.001839 -0.149347 0.000004 0.988783
1.250000000 -1.263046 0.136734 7.630465 -0.002005 -0.153945 -0.000822 0.988077
1.300000000 -1.357493 0.144966 7.920754 -0.005862 -0.160331 -0.003400 0.987040
1.350000000 -1.483165 0.144789 8.175931 -0.009488 -0.165659 -0.004112 0.986129
1.400000000 -1.637501 0.144401 8.454014 -0.010618 -0.170160 -0.001954 0.985357
1.450000000 -1.683544 0.159223 8.788349 -0.010121 -0.177788 0.001076 0.984016
1.500000000 -1.837087 0.182590 9.116927 -0.009449 -0.183305 0.002702 0.983007
1.550000000 -1.888703 0.222902 9.433558 -0.007508 -0.190956 -0.000745 0.981570
1.600000000 -1.962324 0.251934 9.739939 -0.006274 -0.199004 -0.002362 0.979976
1.650000000 -2.038475 0.275127 10.019263 -0.006432 -0.206345 -0.000528 0.978458
1.700000000 -2.075385 0.309579 10.297272 -0.007609 -0.213661 0.002721 0.976874
1.750000000 -2.100422 0.358527 10.606491 -0.008757 -0.221442 0.003112 0.975129
1.800000000 -2.131473 0.401285 10.862489 -0.009123 -0.230381 0.000791 0.973057
1.850000000 -2.153714 0.443175 11.078647 -0.007308 -0.238831 -0.000006 0.971034
1.900000000 -2.177869 0.471333 11.411137 -0.006153 -0.249241 0.001243 0.968421
1.950000000 -2.153164 0.533323 11.881100 -0.004107 -0.263107 0.002148 0.964756
2.000000000 -2.130776 0.588661 12.218562 -0.004381 -0.275189 0.006769 0.961356
2.050000000 -3.669624 0.296146 13.047367 -0.007755 -0.266413 0.003654 0.963821
2.100000000 -3.963381 0.303120 13.437641 -0.006150 -0.273876 0.005240 0.961731
2.150000000 -4.225419 0.295587 13.762273 -0.004565 -0.281992 0.003200 0.959401
2.200000000 -4.513566 0.282262 14.099209 -0.004793 -0.290521 0.001462 0.956856
2.250000000 -4.786283 0.294208 14.453929 -0.005285 -0.299662 0.001823 0.954029
2.300000000 -5.079974 0.288290 14.826328 -0.006451 -0.308720 0.002361 0.951128
2.350000000 -5.377569 0.286294 15.173702 -0.007297 -0.317186 0.002789 0.948331
2.400000000 -5.682193 0.289126 15.528272 -0.007929 -0.326034 0.002287 0.945322
2.450000000 -6.006232 0.285284 15.891122 -0.008912 -0.334425 0.001475 0.942379
2.500000000 -6.325543 0.294354 16.222011 -0.009245 -0.342943 0.000634 0.939310
2.550000000 -6.607170 0.312266 16.578099 -0.009267 -0.351729 -0.000062 0.936056
2.600000000 -6.929147 0.319976 16.902831 -0.009212 -0.359561 -0.000522 0.933076
2.650000000 -7.276293 0.352388 17.230825 -0.008403 -0.366576 -0.001219 0.930349
2.700000000 -7.587921 0.353197 17.534538 -0.008832 -0.373563 -0.001996 0.927561
2.750000000 -7.911255 0.353051 17.849442 -0.009263 -0.380221 -0.002677 0.924845
2.800000000 -8.256755 0.372211 18.149771 -0.009054 -0.386247 -0.002797 0.922347
2.850000000 -8.577426 0.371503 18.456053 -0.009503 -0.392138 -0.003290 0.919851
2.900000000 -8.889093 0.374543 18.750544 -0.010193 -0.397313 -0.003800 0.917619
2.950000000 -9.220722 0.381170 19.031975 -0.010529 -0.401526 -0.004208 0.915777
3.000000000 -9.544868 0.381468 19.317257 -0.010488 -0.405299 -0.004503 0.914113
3.050000000 -9.885026 0.385929 19.597282 -0.010505 -0.407956 -0.004791 0.912929
3.100000000 -10.246651 0.411601 19.862418 -0.010600 -0.409433 -0.004653 0.912267
3.150000000 -10.474052 0.451125 20.199141 -0.010248 -0.412836 -0.004151 0.910738
3.200000000 -10.835658 0.429290 20.421928 -0.010537 -0.411847 -0.004675 0.911180
3.250000000 -11.155110 0.453149 20.697340 -0.009772 -0.411470 -0.004470 0.911360
3.300000000 -11.477616 0.462654 20.977018 -0.009017 -0.410274 -0.003945 0.911909
3.350000000 -11.804958 0.483894 21.267144 -0.007436 -0.408237 -0.003018 0.912841
3.400000000 -12.115244 0.506710 21.535513 -0.005910 -0.404926 -0.002074 0.914328
3.450000000 -12.420521 0.520591 21.829125 -0.005420 -0.401386 -0.002013 0.915891
3.500000000 -12.740560 0.522254 22.167173 -0.006280 -0.397470 -0.002790 0.917589
3.550000000 -13.062490 0.535026 22.477129 -0.006859 -0.392054 -0.004179 0.919907
3.600000000 -13.381589 0.546941 22.788127 -0.007255 -0.385588 -0.005378 0.922627
3.650000000 -13.688544 0.559706 23.083427 -0.007517 -0.378142 -0.005521 0.925700
3.700000000 -13.961542 0.541717 23.406257 -0.007686 -0.370829 -0.006306 0.928648
3.750000000 -14.308457 0.638236 23.880993 -0.005010 -0.363752 -0.004294 0.931473
3.800000000 -14.514898 0.559322 24.055811 -0.005744 -0.352735 -0.006714 0.935682
3.850000000 -14.787221 0.575215 24.386303 -0.004327 -0.342848 -0.007659 0.939350
3.900000000 -15.041509 0.564677 24.712596 -0.003613 -0.332767 -0.009156 0.942958
3.950000000 -15.287148 0.569585 25.054019 -0.003049 -0.322524 -0.008192 0.946521
4.000000000 -15.508743 0.573459 25.399359 -0.002554 -0.311912 -0.007666 0.950077
4.050000000 -15.737132 0.581842 25.752119 -0.001682 -0.300770 -0.007625 0.953665
4.100000000 -15.953616 0.574338 26.108724 -0.001187 -0.289231 -0.007734 0.957227
4.150000000 -16.176270 0.588148 26.488791 -0.001221 -0.277321 -0.006367 0.960755
4.200000000 -16.358673 0.580608 26.860198 -0.002006 -0.265276 -0.005177 0.964157
4.250000000 -16.542488 0.588522 27.241338 -0.002519 -0.253099 -0.004293 0.967428
4.300000000 -16.720961 0.586456 27.642693 -0.002641 -0.240881 -0.004726 0.970539
4.350000000 -16.884640 0.602065 28.032846 -0.002061 -0.228541 -0.005550 0.973516
4.400000000 -17.040442 0.600381 28.439222 -0.002077 -0.216397 -0.006494 0.976282
4.450000000 -17.210234 0.604293 28.844914 -0.002293 -0.203651 -0.005697 0.979024
4.500000000 -17.352218 0.615670 29.266399 -0.002395 -0.191753 -0.004381 0.981431
4.550000000 -17.500230 0.616133 29.691114 -0.002395 -0.179388 -0.004946 0.983763
4.600000000 -17.641221 0.609645 30.122119 -0.002390 -0.167159 -0.006850 0.985903
4.650000000 -17.761215 0.612527 30.559130 -0.002866 -0.155281 -0.007477 0.987838
4.700000000 -17.869991 0.612521 30.995813 -0.003690 -0.143314 -0.008474 0.989634
4.750000000 -17.973006 0.620145 31.443046 -0.003665 -0.131357 -0.010250 0.991275
4.800000000 -18.075818 0.623999 31.910880 -0.003241 -0.119209 -0.012563 0.992784
4.850000000 -18.164442 0.627658 32.375898 -0.002671 -0.106688 -0.014282 0.994186
4.900000000 -18.236842 0.634347 32.854569 -0.002689 -0.094170 -0.014541 0.995446
4.950000000 -18.301006 0.647658 33.343548 -0.002604 -0.081537 -0.014970 0.996554
5.000000000 -18.357093 0.653626 33.841484 -0.003336 -0.068577 -0.015515 0.997520
5.050000000 -18.404819 0.664938 34.365488 -0.004013 -0.056062 -0.016448 0.998284
5.100000000 -18.442523 0.664046 34.881948 -0.005011 -0.043882 -0.017649 0.998868
5.150000000 -18.464538 0.668543 35.413672 -0.005373 -0.031949 -0.018485 0.999304
5.200000000 -18.465223 0.672021 35.930175 -0.005048 -0.020226 -0.019482 0.999593
5.250000000 -18.460815 0.677395 36.469533 -0.004556 -0.007966 -0.019730 0.999763
5.300000000 -18.458464 0.674432 37.035057 -0.004697 0.004569 -0.021128 0.999755
5.350000000 -18.453325 0.700061 37.621029 -0.003944 0.016808 -0.021073 0.999629
5.400000000 -18.097994 0.616862 37.050721 -0.005231 0.024354 -0.022437 0.999438
5.450000000 -18.341082 0.702758 38.758422 -0.004067 0.038584 -0.022001 0.999005
5.500000000 -18.273212 0.709029 39.343046 -0.004751 0.049657 -0.022517 0.998501
5.550000000 -18.194536 0.717795 39.935373 -0.005303 0.060523 -0.022477 0.997900
5.600000000 -18.092712 0.719350 40.526230 -0.005876 0.071112 -0.022445 0.997198
5.650000000 -17.993393 0.727124 41.125906 -0.006132 0.081493 -0.022181 0.996408
5.700000000 -17.882830 0.723142 41.712420 -0.006093 0.091002 -0.021930 0.995591
5.750000000 -17.753179 0.729756 42.290688 -0.005705 0.100010 -0.021557 0.994737
5.800000000 -17.620414 0.724549 42.886719 -0.005313 0.109078 -0.021763 0.993781
5.850000000 -17.397560 0.727480 43.437829 -0.004531 0.116917 -0.022093 0.992886
5.900000000 -17.310019 0.724026 44.064974 -0.004143 0.127275 -0.022075 0.991613
5.950000000 -17.138103 0.720985 44.649081 -0.003954 0.136261 -0.021627 0.990429
6.000000000 -16.951983 0.718979 45.230908 -0.003974 0.145320 -0.021530 0.989142
6.050000000 -16.768011 0.720582 45.805986 -0.003981 0.154481 -0.021927 0.987744
6.100000000 -16.563310 0.715644 46.377177 -0.004267 0.163486 -0.021856 0.986294
6.150000000 -16.347623 0.712341 46.954237 -0.004255 0.172499 -0.020976 0.984777
6.200000000 -16.113988 0.711828 47.522599 -0.004080 0.181506 -0.019025 0.983197
6.250000000 -15.874373 0.720628 48.094126 -0.003780 0.190567 -0.016548 0.981527
6.300000000 -15.608775 0.710773 48.661899 -0.003944 0.198675 -0.013677 0.979962
6.350000000 -15.336029 0.718814 49.223893 -0.003498 0.206198 -0.010816 0.978444
6.400000000 -15.059371 0.720686 49.788194 -0.003053 0.211830 -0.007632 0.977272
6.450000000 -14.783463 0.721187 50.335547 -0.001986 0.215616 -0.004166 0.976467
6.500000000 -14.517691 0.716689 50.912886 -0.000967 0.218497 -0.001227 0.975836
6.550000000 -14.225792 0.723427 51.457502 0.000354 0.219532 0.001292 0.975604
6.600000000 -13.953911 0.723152 52.028212 0.001403 0.219481 0.003721 0.975609
6.650000000 -13.665019 0.736713 52.592458 0.002099 0.218039 0.005101 0.975925
6.700000000 -13.417663 0.738762 53.172801 0.000807 0.215470 0.006022 0.976492
6.750000000 -13.173917 0.749411 53.761179 -0.001099 0.211569 0.006790 0.977339
6.800000000 -12.888166 0.756460 54.350079 -0.002979 0.206082 0.007776 0.978499
6.850000000 -12.658156 0.765794 54.936003 -0.004319 0.200292 0.010212 0.979674
6.900000000 -12.534975 0.776651 55.513719 -0.005141 0.194808 0.010045 0.980776
6.950000000 -12.201175 0.784439 56.158435 -0.005331 0.186267 0.008633 0.982447
7.000000000 -11.982109 0.799235 56.754300 -0.004862 0.178775 0.007222 0.983851
7.050000000 -11.753783 0.812587 57.380696 -0.003956 0.170958 0.008445 0.985234
7.100000000 -11.554305 0.806674 58.010980 -0.003568 0.163942 0.008281 0.986429
7.150000000 -11.354621 0.823936 58.638508 -0.003358 0.156654 0.006964 0.987623
7.200000000 -11.177381 0.824971 59.287371 -0.003525 0.149420 0.005614 0.988752
7.250000000 -10.994229 0.829473 59.943345 -0.004314 0.142643 0.005137 0.989751
7.300000000 -10.828618 0.840106 60.599260 -0.005393 0.136289 0.004824 0.990643
7.350000000 -10.668742 0.847651 61.263501 -0.007032 0.129789 0.004407 0.991507
7.400000000 -10.510068 0.850862 61.929782 -0.008338 0.123826 0.003719 0.992262
7.450000000 -10.355754 0.863602 62.633062 -0.008240 0.118214 0.003385 0.992948
7.500000000 -10.199470 0.875977 63.323149 -0.007086 0.112757 0.003194 0.993592
7.550000000 -10.055600 0.888815 64.019101 -0.005363 0.107953 0.002197 0.994139
7.600000000 -9.927561 0.900316 64.709505 -0.003693 0.103924 0.002081 0.994576
