11 1 Car 1 1 -4.95293 361.56 244.409 489.228 349.07 4.86 2.04 1.89  -5.03 3.10 19.15  0.00223449 0
11 0 Pedestrian 1 1 -2.03181 770.196 243.848 1002.08 334.457 1.76 1.63 0.64  2.96 1.21 7.94  -3.13952 0
12 1 Car 1 1 -4.95451 368.124 242.046 496.035 348.264 4.86 2.04 1.89  -4.81 3.02 18.96  -0.000554464 0
12 0 Pedestrian 1 1 -8.32046 780.459 242.133 1024.17 337.933 1.76 1.63 0.64  3.00 1.16 7.62  3.13994 0
13 1 Car 1 1 -4.95919 370.42 237.109 494.371 341.025 4.86 2.04 1.89  -4.85 2.90 19.19  -0.00300352 0
13 0 Pedestrian 1 1 -8.32592 775.317 237.867 1014.04 331.143 1.76 1.63 0.64  2.96 1.12 7.72  3.13725 0
14 1 Car 1 1 -4.96296 373.74 236.36 494.003 338.311 4.86 2.04 1.89  -4.86 2.89 19.37  -7.59282e-05 0
14 0 Pedestrian 1 1 -8.33042 773.964 236.814 1008.48 327.415 1.76 1.63 0.64  2.96 1.12 7.83  3.14028 0
15 1 Car 1 1 -4.96447 377.452 236.281 494.438 336.952 4.86 2.04 1.89  -4.83 2.89 19.51  0.00171388 0
15 0 Pedestrian 1 1 -2.04661 776.262 237.721 1008.89 327.134 1.76 1.63 0.64  2.99 1.13 7.88  -3.14092 0
16 3 Cyclist 1 1 -5.33649 1010.2 202.688 1138.63 236.981 1.83 1.14 0.49  8.21 0.82 12.88  1.11079e-15 0
16 1 Car 1 1 -4.96762 380.094 233.049 493.777 331.536 4.86 2.04 1.89  -4.86 2.81 19.72  -0.000165505 0
16 0 Pedestrian 1 1 -8.33296 777.658 235.16 1004.63 321.013 1.76 1.63 0.64  3.04 1.11 8.04  3.1411 0
17 3 Cyclist 1 1 -5.30794 1037.9 208.156 1175.66 244.994 1.83 1.14 0.49  8.46 0.90 12.41  -0.00105701 0
17 1 Car 1 1 -4.9613 383.917 235.273 497.222 334.866 4.86 2.04 1.89  -4.76 2.89 19.72  -0.00190004 0
17 0 Pedestrian 1 1 -8.30484 797.856 244.872 1025.98 333.119 1.76 1.63 0.64  3.30 1.24 8.11  3.13929 0
18 3 Cyclist 1 1 -5.24725 1066.35 222.247 1214.4 262.505 1.83 1.14 0.49  8.67 1.12 11.91  0.00153288 0
18 1 Car 1 1 -4.95718 387.458 240.643 498.345 339.747 4.86 2.04 1.89  -4.72 3.05 19.86  0.00367544 0
18 0 Pedestrian 1 1 -2.00241 804.57 254.937 1028.52 342.544 1.76 1.63 0.64  3.42 1.38 8.27  -3.13785 0
19 3 Cyclist 1 1 -5.22648 1081.5 229.762 1235.08 271.309 1.83 1.14 0.49  8.77 1.23 11.67  0.0071801 0
19 1 Car 1 1 -4.95439 391.497 246.691 500.334 345.286 4.86 2.04 1.89  -4.68 3.24 20.02  0.011097 0
19 0 Pedestrian 1 1 -1.99623 806.445 261.639 1030.33 349.777 1.76 1.63 0.64  3.44 1.46 8.28  -3.13045 0
20 3 Cyclist 1 1 -5.2282 1107.17 233.312 1270.99 276.068 1.83 1.14 0.49  8.95 1.25 11.27  0.0139619 0
20 1 Car 1 1 -4.95393 394.566 251.933 502.611 350.723 4.86 2.04 1.89  -4.61 3.39 20.05  0.0183472 0
20 0 Pedestrian 1 1 -1.99672 814.15 265.685 1041.37 354.948 1.76 1.63 0.64  3.52 1.50 8.22  -3.12359 0
21 3 Cyclist 1 1 -5.24505 1134.8 231.391 1310.3 275.805 1.83 1.14 0.49  9.09 1.18 10.84  0.0147997 0
21 1 Car 1 1 -4.95381 398.386 251.269 504.541 349.515 4.86 2.04 1.89  -4.55 3.38 20.15  0.0179101 0
21 0 Pedestrian 1 1 -1.99582 817.936 265.388 1044.57 354.4 1.76 1.63 0.64  3.57 1.50 8.24  -3.12437 0
22 3 Cyclist 1 1 -5.26235 1156.53 227.575 1341.81 273.959 1.83 1.14 0.49  9.15 1.10 10.46  0.010596 0
22 1 Car 1 1 -4.9544 402.547 246.402 505.186 342.907 4.86 2.04 1.89  -4.53 3.26 20.38  0.0125781 0
22 0 Pedestrian 1 1 -1.99644 812.402 261.241 1033.68 348.074 1.76 1.63 0.64  3.52 1.46 8.35  -3.12964 0
23 3 Cyclist 1 1 -5.28144 1182.56 224.022 1379.48 272.185 1.83 1.14 0.49  9.26 1.02 10.09  0.00821966 0
23 1 Car 1 1 -4.95567 407.937 242.811 507.787 337.702 4.86 2.04 1.89  -4.46 3.18 20.60  0.00934041 0
23 0 Pedestrian 1 1 -2.00016 810.508 256.773 1027.05 341.121 1.76 1.63 0.64  3.53 1.42 8.48  -3.1329 0
24 3 Cyclist 1 1 -5.28019 1220.45 225.694 1433.49 276.52 1.83 1.14 0.49  9.54 1.02 9.74  0.00749728 0
24 1 Car 1 1 -4.95255 412.329 243.071 512.453 338.225 4.86 2.04 1.89  -4.35 3.20 20.66  0.00731104 0
24 0 Cyclist 1 1 -1.98924 825.945 259.933 1043.15 344.813 1.76 1.63 0.64  3.74 1.47 8.55  -3.13516 0
25 3 Cyclist 1 1 -5.28175 1248.71 226.369 1475.22 279.516 1.83 1.14 0.49  9.68 1.01 9.43  0.00583791 0
25 1 Car 1 1 -4.95167 416.449 242.321 514.647 336.325 4.86 2.04 1.89  -4.29 3.19 20.86  0.00620514 0
25 0 Cyclist 1 1 -1.9844 828.755 260.661 1042.19 343.943 1.76 1.63 0.64  3.82 1.50 8.68  -3.13602 0
26 3 Cyclist 1 1 -5.29288 1284.71 223.151 1530.22 280.109 1.83 1.14 0.49  9.80 0.95 9.02  -0.00207775 0
26 1 Car 1 1 -4.95275 421.469 235.539 517.427 328.331 4.86 2.04 1.89  -4.21 3.01 21.02  -0.00304178 0
26 0 Cyclist 1 1 -8.2651 832.851 256.775 1044.32 339.124 1.76 1.63 0.64  3.88 1.46 8.75  3.1382 0
27 3 Cyclist 1 1 -5.31263 1321.74 218.756 1588.1 278.792 1.83 1.14 0.49  9.95 0.87 8.65  -0.00646416 0
27 1 Car 1 1 -4.95436 426.546 230.145 520.866 321.918 4.86 2.04 1.89  -4.12 2.87 21.20  -0.0100914 0
27 0 Cyclist 1 1 -8.265 837.936 252.363 1047.63 333.673 1.76 1.63 0.64  3.97 1.42 8.83  3.13089 0
28 3 Cyclist 1 1 -5.3394 1363.83 215.179 1655.15 277.468 1.83 1.14 0.49  10.09 0.80 8.25  -0.0035822 0
28 1 Car 1 1 -4.95446 430.945 229.689 524.337 321.061 4.86 2.04 1.89  -4.03 2.86 21.32  -0.010047 0
28 0 Cyclist 1 1 -8.2657 844.479 250.95 1053.18 331.904 1.76 1.63 0.64  4.07 1.41 8.89  3.13009 0
29 3 Cyclist 1 1 -5.36991 1411.42 212.146 1735.38 277.159 1.83 1.14 0.49  10.16 0.73 7.77  0.00217753 0
29 1 Car 1 1 -4.95421 436.334 231.437 527.967 322.375 4.86 2.04 1.89  -3.91 2.93 21.45  -0.00638855 0
29 0 Cyclist 1 1 -8.2679 846.415 251.053 1054.59 331.964 1.76 1.63 0.64  4.10 1.41 8.91  3.13286 0
30 7 Cyclist 1 1 -2.15562 896.35 207.206 1023.04 249.401 1.89 1.16 0.59  6.01 0.93 12.48  -3.14159 0
30 6 Cyclist 1 1 -5.10874 651.876 265.681 855.182 356.072 1.76 1.62 0.63  1.68 1.58 8.64  -1.84596e-16 0
30 3 Cyclist 1 1 -5.39314 1467.8 210.076 1832.5 278.672 1.83 1.14 0.49  10.29 0.68 7.31  0.00558253 0
30 1 Car 1 1 -4.95426 441.228 232.676 531.781 323.272 4.86 2.04 1.89  -3.80 2.97 21.52  -0.00375848 0
30 0 Cyclist 1 1 -8.26903 852.978 251.575 1061.97 332.439 1.76 1.63 0.64  4.18 1.42 8.90  3.13507 0
31 7 Cyclist 1 1 -8.42049 912.469 210.468 1045.24 255.157 1.89 1.16 0.59  6.13 0.97 12.07  3.13582 0
31 6 Cyclist 1 1 -5.10677 657.927 269.359 870.677 364.349 1.76 1.62 0.63  1.74 1.58 8.30  -0.00208555 0
31 3 Cyclist 1 1 -5.37274 1523.74 215.995 1935.24 292.389 1.83 1.14 0.49  10.33 0.72 6.84  0.000980044 0
31 1 Car 1 1 -4.9545 446.308 232.584 534.076 321.825 4.86 2.04 1.89  -3.71 2.97 21.66  -0.00354115 0
31 0 Cyclist 1 1 -8.26418 855.007 254.909 1062.53 334.64 1.76 1.63 0.64  4.21 1.46 8.93  3.13669 0
32 7 Cyclist 1 1 -8.39572 931.014 216.163 1070.59 263.803 1.89 1.16 0.59  6.26 1.05 11.65  3.13326 0
32 6 Cyclist 1 1 -5.10678 666.976 272.987 890.058 373.291 1.76 1.62 0.63  1.81 1.58 7.95  -0.00257836 0
32 3 Cyclist 1 1 -5.36851 1589.6 219.366 2060.56 303.863 1.83 1.14 0.49  10.40 0.72 6.37  -0.000897277 0
32 1 Car 1 1 -4.95465 453.067 232.689 538.522 320.788 4.86 2.04 1.89  -3.56 2.98 21.81  -0.00282749 0
32 0 Cyclist 1 1 -8.2599 858.08 257.239 1062.97 335.587 1.76 1.63 0.64  4.27 1.49 9.01  3.13811 0
33 7 Cyclist 1 1 -8.41019 954.673 215.442 1101.99 264.721 1.89 1.16 0.59  6.44 1.01 11.21  3.13661 0
33 6 Cyclist 1 1 -5.11242 677.056 274.727 910.31 380.468 1.76 1.62 0.63  1.89 1.55 7.64  -0.000356358 0
33 3 Cyclist 1 1 -5.40013 1658.28 214.743 2197.27 304.458 1.83 1.14 0.49  10.47 0.65 5.94  0.00215137 0
33 1 Car 1 1 -4.95528 459.867 232.623 543.708 319.882 4.86 2.04 1.89  -3.40 2.99 21.98  -0.00150345 0
33 0 Cyclist 1 1 -8.26185 862.208 256.148 1065.77 333.779 1.76 1.63 0.64  4.34 1.48 9.06  3.13884 0
34 7 Cyclist 1 1 -2.17054 974.69 209.211 1129.39 258.887 1.89 1.16 0.59  6.56 0.89 10.83  -3.14111 0
34 6 Cyclist 1 1 -5.12285 684.13 273.782 927.421 384.701 1.76 1.62 0.63  1.94 1.50 7.34  0.00222221 0
34 3 Cyclist 1 1 -5.45885 1727.83 203.543 2346.81 296.197 1.83 1.14 0.49  10.49 0.52 5.52  0.00672878 0
34 1 Car 1 1 -4.95708 465.989 231.458 548.246 317.859 4.86 2.04 1.89  -3.27 2.97 22.17  -0.000838683 0
34 0 Cyclist 1 1 -8.26923 863.933 251.715 1065.37 328.369 1.76 1.63 0.64  4.38 1.43 9.13  3.1383 0
35 7 Cyclist 1 1 -2.20709 995.15 203.518 1158.85 254.575 1.89 1.16 0.59  6.65 0.78 10.41  -3.14117 0
35 6 Cyclist 1 1 -5.13142 688.455 272.128 943.691 388.854 1.76 1.62 0.63  1.94 1.44 7.02  0.000921677 0
35 3 Cyclist 1 1 -5.49969 1809.31 195.258 2536.02 294.762 1.83 1.14 0.49  10.47 0.44 5.08  0.00620668 0
35 1 Car 1 1 -4.95994 471.693 228.633 551.852 313.865 4.86 2.04 1.89  -3.15 2.90 22.35  -0.0026722 0
35 0 Pedestrian 1 1 -8.27558 864.598 247.666 1063.91 323.123 1.76 1.63 0.64  4.40 1.38 9.18  3.13622 0
36 7 Cyclist 1 1 -8.49907 1020.23 201.876 1194.35 255.677 1.89 1.16 0.59  6.79 0.74 10.00  3.1372 0
36 6 Cyclist 1 1 -5.13466 695.344 271.794 962.67 394.052 1.76 1.62 0.63  1.98 1.40 6.75  -0.00284557 0
36 3 Cyclist 1 1 -5.50502 1902.01 193.98 2765.48 305.991 1.83 1.14 0.49  10.49 0.42 4.65  0.00161412 0
36 1 Car 1 1 -4.96249 479.999 225.655 557.684 309.226 4.86 2.04 1.89  -2.96 2.81 22.58  -0.00540025 0
36 0 Pedestrian 1 1 -8.2765 868.56 246.091 1065.02 319.731 1.76 1.63 0.64  4.47 1.37 9.27  3.13424 0
37 7 Cyclist 1 1 -8.49121 1047.04 204.382 1231.99 260.943 1.89 1.16 0.59  6.95 0.76 9.62  3.13666 0
37 6 Cyclist 1 1 -5.13841 702.158 274.205 980.901 401.581 1.76 1.62 0.63  2.01 1.39 6.50  -0.00125739 0
37 3 Cyclist 1 1 -5.51436 1996.27 193.371 3018.23 317.217 1.83 1.14 0.49  10.50 0.40 4.27  0.00184785 0
37 1 Car 1 1 -4.96294 488.235 226.367 563.661 308.363 4.86 2.04 1.89  -2.76 2.84 22.83  -0.00282253 0
37 0 Pedestrian 1 1 -8.27564 871.673 247.13 1064.17 318.635 1.76 1.63 0.64  4.55 1.39 9.41  3.13731 0
38 7 Cyclist 1 1 -8.49202 1081.32 206.653 1282.44 266.913 1.89 1.16 0.59  7.08 0.76 9.10  3.13962 0
38 6 Cyclist 1 1 -5.14331 708.065 278.511 1004.31 415.625 1.76 1.62 0.63  2.01 1.38 6.15  0.00201824 0
38 3 Cyclist 1 1 -5.54419 2142.81 188.493 3471.99 331.023 1.83 1.14 0.49  10.46 0.35 3.75  0.00502727 0
38 1 Car 1 1 -4.96261 497.818 227.776 571.267 308.966 4.86 2.04 1.89  -2.50 2.90 22.99  0.000231973 0
38 0 Pedestrian 1 1 -8.2747 876.058 248.451 1066.62 319.148 1.76 1.63 0.64  4.63 1.41 9.46  3.14011 0
39 7 Cyclist 1 1 -2.21534 1121.43 208.591 1348.23 274.198 1.89 1.16 0.59  7.14 0.75 8.43  -3.14067 0
39 6 Cyclist 1 1 -5.15314 706.639 282.835 1027.9 433.722 1.76 1.62 0.63  1.93 1.34 5.69  0.00618645 0
39 3 Cyclist 1 1 -5.58578 2375.35 179.311 4400.19 359.613 1.83 1.14 0.49  10.32 0.28 3.06  0.0084971 0
39 1 Car 1 1 -4.96361 508 229.519 580.004 309.963 4.86 2.04 1.89  -2.19 2.95 23.06  0.00460178 0
39 0 Pedestrian 1 1 -1.99466 882.254 250.474 1075.26 321.702 1.76 1.63 0.64  4.64 1.42 9.31  -3.13876 0
40 7 Cyclist 1 1 -2.25554 1160.28 204.287 1413.53 272.717 1.89 1.16 0.59  7.23 0.67 7.89  -3.13231 0
40 6 Cyclist 1 1 -5.16903 707.669 281.86 1050.58 443.575 1.76 1.62 0.63  1.89 1.29 5.37  0.0114326 0
40 3 Cyclist 1 1 -5.69266 2613.59 107.712 5702.83 347.51 1.83 1.14 0.49  10.21 0.12 2.54  0.0159904 0
40 1 Car 1 1 -4.96511 517.672 229.751 589.572 309.497 4.86 2.04 1.89  -1.87 2.98 23.25  0.00748017 0
40 0 Pedestrian 1 1 -2.00453 887.193 246.84 1080.23 318.111 1.76 1.63 0.64  4.69 1.37 9.28  -3.13745 0
41 7 Cyclist 1 1 -2.15167 1342.39 236.269 1731.92 336.924 1.89 1.16 0.59  8.04 0.95 6.47  -3.14033 0
41 6 Cyclist 1 1 -5.11532 869.959 350.177 1402.95 656.623 1.76 1.62 0.63  2.68 1.55 3.91  0.00241279 0
41 3 Cyclist 1 1 -5.50707 4020.42 229.079 46187.2 2855.19 1.83 1.14 0.49  11.07 0.42 1.24  0.00731605 0
41 1 Car 1 1 -4.94988 525.96 235.189 603.121 322.127 4.86 2.04 1.89  -1.50 3.10 22.15  -0.000998327 0
41 0 Pedestrian 1 1 -8.23774 974.095 276.066 1217.17 364.732 1.76 1.63 0.64  5.41 1.64 8.26  3.13793 0
42 7 Cyclist 1 1 -2.15073 1438.24 244.776 1923.05 362.365 1.89 1.16 0.59  8.25 0.97 5.79  -3.13638 0
42 6 Cyclist 1 1 -5.11877 926.029 372.959 1580.45 771.32 1.76 1.62 0.63  2.79 1.56 3.38  0.00678153 0
42 3 Cyclist 1 1 -5.53293 -16627.5 -770.793 29676.6 1628.39 1.83 1.14 0.49  11.15 0.38 0.59  0.0115603 0
42 1 Car 1 1 -4.94929 535.559 238.11 612.649 325.408 4.86 2.04 1.89  -1.21 3.18 22.09  0.0030723 0
42 0 Pedestrian 1 1 -1.95447 993.083 280.715 1246.61 372.164 1.76 1.63 0.64  5.54 1.66 8.07  -3.14153 0
43 7 Cyclist 1 1 -2.12704 1545.44 260.372 2154.05 403.958 1.89 1.16 0.59  8.45 1.04 5.17  -3.1392 0
43 6 Cyclist 1 1 -5.11413 989.085 402.418 1801.66 934.885 1.76 1.62 0.63  2.88 1.59 2.91  0.00660663 0
43 3 Cyclist 1 1 -5.50786 -28025.4 -1362.29 25889.2 1872.28 1.83 1.14 0.49  11.21 0.43 -0.01  0.00962406 0
43 1 Car 1 1 -4.94819 546.105 239.69 622.375 326.618 4.86 2.04 1.89  -0.90 3.23 22.10  0.00439056 0
43 0 Pedestrian 1 1 -1.95108 1002.94 284.959 1258.5 377.65 1.76 1.63 0.64  5.64 1.70 8.04  -3.13935 0
44 7 Cyclist 1 1 -8.39339 1683.24 276.64 2485.94 458.864 1.89 1.16 0.59  8.65 1.09 4.51  3.14048 0
44 6 Cyclist 1 1 -5.10832 1075.71 439.151 2155.95 1226.91 1.76 1.62 0.63  2.98 1.61 2.42  0.0040205 0
44 1 Car 1 1 -4.94809 558.159 238.738 633.927 325.266 4.86 2.04 1.89  -0.54 3.19 22.11  0.0026267 0
44 0 Pedestrian 1 1 -1.94821 1011.61 285.787 1268.58 380.361 1.76 1.63 0.64  5.72 1.72 8.01  -3.14054 0
45 8 Cyclist 1 1 -2.0881 887.017 297.29 1213.55 445.799 1.65 1.00 0.51  2.95 1.28 5.00  -3.13651 0
45 7 Cyclist 1 1 -8.39543 1858.58 289.86 2986.05 527.703 1.89 1.16 0.59  8.81 1.08 3.83  3.14069 0
45 6 Cyclist 1 1 -5.10975 1189.82 480.959 2891.93 1855.29 1.76 1.62 0.63  3.05 1.60 1.92  0.00359498 0
45 1 Car 1 1 -4.94942 570.751 237.583 646.271 323.827 4.86 2.04 1.89  -0.16 3.16 22.11  0.00189995 0
45 0 Pedestrian 1 1 -1.94998 1028.46 285.629 1293.11 382.527 1.76 1.63 0.64  5.85 1.70 7.89  -3.14142 0
46 8 Cyclist 1 1 -2.13761 975.78 317.238 1548.82 603.119 1.65 1.00 0.51  2.71 1.09 3.21  -3.1374 0
46 7 Cyclist 1 1 -8.39503 2097.68 309.53 3851.03 651.151 1.89 1.16 0.59  8.96 1.08 3.12  3.14069 0
46 6 Cyclist 1 1 -5.10812 1365.57 547.552 6977.23 4812.26 1.76 1.62 0.63  3.11 1.60 1.39  0.00228057 0
46 1 Car 1 1 -4.94876 583.333 236.888 658.854 323.393 4.86 2.04 1.89  0.23 3.13 22.07  1.19755e-05 0
46 0 Pedestrian 1 1 -8.23339 1039.94 285.628 1311.15 385.132 1.76 1.63 0.64  5.90 1.68 7.76  3.1396 0
47 8 Cyclist 1 1 -2.19512 1201.69 366.654 4205.78 1916.66 1.65 1.00 0.51  2.42 0.90 1.44  -3.13805 0
47 7 Cyclist 1 1 -8.39391 2419.24 336.714 5534.27 892.931 1.89 1.16 0.59  9.10 1.09 2.44  3.1407 0
47 6 Cyclist 1 1 -5.10695 -8869.33 -6595.31 11091.9 4961.34 1.76 1.62 0.63  3.16 1.60 0.88  0.00131783 0
47 1 Car 1 1 -4.94821 595.448 236.431 671.15 323.1 4.86 2.04 1.89  0.60 3.12 22.04  -0.00137496 0
47 0 Pedestrian 1 1 -8.23316 1051.42 285.99 1328.59 387.868 1.76 1.63 0.64  5.97 1.67 7.65  3.13801 0
48 8 Cyclist 1 1 -2.26077 -1896 -663.835 5522.83 4014.91 1.65 1.00 0.51  2.07 0.72 -0.32  -3.13978 0
48 7 Cyclist 1 1 -8.38756 2908.02 381.942 10871.8 1679.44 1.89 1.16 0.59  9.22 1.10 1.73  3.13914 0
48 6 Cyclist 1 1 -5.10463 -11448 -5305.31 2486.88 1603.49 1.76 1.62 0.63  3.20 1.60 0.36  -0.00041586 0
48 1 Car 1 1 -4.94611 609.084 236.851 685.104 323.999 4.86 2.04 1.89  1.02 3.13 21.96  -0.00299091 0
48 0 Pedestrian 1 1 -8.23241 1064.11 286.825 1348.28 391.902 1.76 1.63 0.64  6.03 1.67 7.53  3.13653 0
49 8 Cyclist 1 1 -8.61498 -502.561 -336.208 238.66 102.296 1.65 1.00 0.51  1.66 0.55 -2.09  3.14074 0
49 7 Cyclist 1 1 -8.37754 -129831 -19247.5 10154.2 1485.53 1.89 1.16 0.59  9.32 1.13 1.02  3.13671 0
49 6 Cyclist 1 1 -5.09997 -3169.32 -1556.47 4185.85 3286.06 1.76 1.62 0.63  3.22 1.62 -0.18  -0.00307313 0
49 1 Car 1 1 -4.94377 622.383 236.957 698.825 324.723 4.86 2.04 1.89  1.42 3.13 21.86  -0.005455 0
49 0 Pedestrian 1 1 -8.23025 1079.54 288.446 1373.34 397.85 1.76 1.63 0.64  6.10 1.66 7.38  3.13429 0
50 8 Cyclist 1 1 -8.70581 277.26 16.7699 522.232 154.397 1.65 1.00 0.51  1.20 0.37 -3.82  3.13894 0
50 7 Cyclist 1 1 -8.36944 -8635.07 -1217.38 111294 15150.6 1.89 1.16 0.59  9.42 1.16 0.32  3.13475 0
50 6 Cyclist 1 1 -5.09784 -31950.7 -27847.4 8332.58 4074.9 1.76 1.62 0.63  3.25 1.62 -0.70  -0.00469137 0
50 1 Car 1 1 -4.94433 637.387 236.236 714.655 324.09 4.86 2.04 1.89  1.87 3.09 21.78  -0.00668454 0
50 0 Pedestrian 1 1 -8.22967 1095.34 289.691 1398.28 402.911 1.76 1.63 0.64  6.19 1.66 7.25  3.13335 0
51 8 Cyclist 1 1 -8.82145 439.617 104.771 632.166 184.511 1.65 1.00 0.51  0.64 0.18 -5.53  3.1378 0
51 7 Cyclist 1 1 -8.36383 -51058.6 -8829.78 10207.3 1692.91 1.89 1.16 0.59  9.45 1.18 -0.39  3.1333 0
51 6 Cyclist 1 1 -5.0976 -15901.1 -8248.1 -231.148 -243.314 1.76 1.62 0.63  3.21 1.62 -1.21  -0.00561593 0
51 1 Car 1 1 -4.94522 651.535 235.79 729.364 323.947 4.86 2.04 1.89  2.30 3.07 21.68  -0.00720817 0
51 0 Pedestrian 1 1 -8.23003 1107.47 290.724 1418.13 407.508 1.76 1.63 0.64  6.23 1.66 7.13  3.13309 0
52 8 Cyclist 1 1 -8.95314 529.795 143.819 686.332 201.995 1.65 1.00 0.51  0.08 0.00 -7.22  3.13713 0
52 7 Cyclist 1 1 -8.35721 -7122.33 -1184.29 942212 111394 1.89 1.16 0.59  9.51 1.20 -1.07  3.13238 0
52 1 Car 1 1 -4.94492 666.222 236.278 745.363 325.3 4.86 2.04 1.89  2.74 3.07 21.54  -0.00741606 0
52 0 Pedestrian 1 1 -8.22984 1121.77 292.187 1440.89 412.381 1.76 1.63 0.64  6.31 1.66 7.02  3.13307 0
53 8 Cyclist 1 1 -9.13882 589.352 169.399 720.884 215.174 1.65 1.00 0.51  -0.51 -0.21 -8.91  3.13725 0
53 7 Cyclist 1 1 -8.35494 -9269.59 -1403.87 -1862.2 -58.9569 1.89 1.16 0.59  9.57 1.21 -1.77  3.13171 0
53 1 Car 1 1 -4.94564 680.216 236.98 760.893 327.011 4.86 2.04 1.89  3.15 3.08 21.37  -0.00629633 0
53 0 Pedestrian 1 1 -8.23239 1137.79 293.147 1467.36 416.754 1.76 1.63 0.64  6.39 1.65 6.90  3.13451 0
54 8 Cyclist 1 1 -9.29388 634.687 180.21 748.87 220.354 1.65 1.00 0.51  -1.16 -0.37 -10.55  3.13548 0
54 7 Cyclist 1 1 -8.33623 -4405.58 -657.959 -1396.84 -29.4566 1.89 1.16 0.59  9.64 1.28 -2.45  3.12983 0
54 1 Car 1 1 -4.94273 695.619 238.261 778.444 330.093 4.86 2.04 1.89  3.60 3.11 21.17  -0.00756905 0
54 0 Pedestrian 1 1 -8.23065 1150.76 294.336 1487.1 420.884 1.76 1.63 0.64  6.47 1.66 6.83  3.1335 0
55 8 Cyclist 1 1 -9.45157 670.608 188.026 771.524 223.77 1.65 1.00 0.51  -1.84 -0.53 -12.19  3.13386 0
55 7 Cyclist 1 1 -8.31844 -2744.69 -404.21 -1074.61 -9.15922 1.89 1.16 0.59  9.70 1.35 -3.14  3.12812 0
55 1 Car 1 1 -4.93973 710.756 239.737 795.961 333.541 4.86 2.04 1.89  4.02 3.14 20.94  -0.00877564 0
55 0 Pedestrian 1 1 -8.22893 1164 295.794 1508.38 425.689 1.76 1.63 0.64  6.54 1.66 6.75  3.13253 0
56 8 Cyclist 1 1 -9.64472 698.518 196.008 788.899 228.356 1.65 1.00 0.51  -2.53 -0.73 -13.81  3.13395 0
56 1 Car 1 1 -4.93761 725.943 241.818 813.998 337.529 4.86 2.04 1.89  4.45 3.18 20.70  -0.00843577 0
56 0 Pedestrian 1 1 -8.23071 1179.81 296.128 1533.68 428.568 1.76 1.63 0.64  6.64 1.65 6.67  3.13294 0
57 8 Cyclist 1 1 -9.78585 723.628 200.604 805.776 230.064 1.65 1.00 0.51  -3.28 -0.89 -15.41  3.13257 0
57 1 Car 1 1 -4.93462 740.334 243.467 831.065 341.239 4.86 2.04 1.89  4.84 3.22 20.48  -0.00955281 0
57 0 Pedestrian 1 1 -8.22934 1192.49 297.348 1554.47 432.923 1.76 1.63 0.64  6.70 1.65 6.59  3.13199 0
58 8 Cyclist 1 1 -9.90675 744.85 204.11 820.283 231.209 1.65 1.00 0.51  -4.04 -1.04 -16.98  3.13082 0
58 1 Car 1 1 -4.93189 753.732 244.642 847.211 344.357 4.86 2.04 1.89  5.20 3.24 20.27  -0.0111368 0
58 0 Pedestrian 1 1 -8.22904 1201.87 296.837 1568.22 433.899 1.76 1.63 0.64  6.77 1.65 6.56  3.13056 0
59 8 Cyclist 1 1 -10.0227 761.558 207.546 831.232 232.642 1.65 1.00 0.51  -4.77 -1.20 -18.56  3.12973 0
59 0 Pedestrian 1 1 -8.22906 1212.58 296.556 1583.6 434.75 1.76 1.63 0.64  6.86 1.64 6.54  3.12986 0
60 8 Cyclist 1 1 -10.1274 776.41 210.778 841.21 234.136 1.65 1.00 0.51  -5.53 -1.37 -20.12  3.12937 0
60 0 Pedestrian 1 1 -8.22828 1224.86 297.661 1602.43 437.733 1.76 1.63 0.64  6.95 1.65 6.50  3.12993 0
61 8 Cyclist 1 1 -10.2167 787.706 213.59 848.184 235.429 1.65 1.00 0.51  -6.24 -1.54 -21.70  3.12895 0
61 0 Pedestrian 1 1 -8.22916 1235.1 297.039 1616.46 437.347 1.76 1.63 0.64  7.05 1.64 6.49  3.12988 0
62 8 Cyclist 1 1 -10.3002 795.38 216.592 851.949 237.131 1.65 1.00 0.51  -6.88 -1.73 -23.29  3.12898 0
62 0 Pedestrian 1 1 -8.23411 1243.59 293.178 1625.78 431.219 1.76 1.63 0.64  7.16 1.61 6.52  3.12972 0
63 9 Car 1 1 -5.3564 922.124 142.212 1102.64 240.455 5.01 1.96 1.99  9.57 0.37 16.96  0.00507976 0
63 8 Cyclist 1 1 -10.3838 810.174 220.544 863.82 240.041 1.65 1.00 0.51  -7.79 -1.96 -24.79  3.13014 0
63 0 Pedestrian 1 1 -8.24169 1236.6 287.886 1609.81 421.942 1.76 1.63 0.64  7.14 1.56 6.59  3.13051 0
64 9 Car 1 1 -5.34864 931.732 142.526 1115.16 243.524 5.01 1.96 1.99  9.60 0.39 16.56  0.00500671 0
64 8 Cyclist 1 1 -10.4215 811.534 221.139 861.982 239.497 1.65 1.00 0.51  -8.29 -2.09 -26.39  3.12903 0
64 0 Pedestrian 1 1 -8.23691 1245.66 289.63 1619.72 423.478 1.76 1.63 0.64  7.28 1.59 6.64  3.12986 0
65 9 Car 1 1 -5.33897 954.22 144.021 1134.84 244.715 5.01 1.96 1.99  10.11 0.42 16.61  0.00619086 0
65 8 Cyclist 1 1 -10.4839 815.327 224.483 863.039 241.916 1.65 1.00 0.51  -8.88 -2.33 -27.97  3.13045 0
65 0 Pedestrian 1 1 -8.23861 1249.95 289.161 1623.39 421.575 1.76 1.63 0.64  7.36 1.59 6.67  3.13141 0
66 9 Car 1 1 -5.31154 975.897 149.42 1146.82 245.338 5.01 1.96 1.99  10.94 0.51 17.32  0.00706291 0
66 8 Cyclist 1 1 -10.5342 817.293 227.259 862.483 243.818 1.65 1.00 0.51  -9.42 -2.56 -29.58  3.13229 0
66 0 Pedestrian 1 1 -8.23973 1255.31 289.616 1630.96 421.56 1.76 1.63 0.64  7.42 1.59 6.67  3.13297 0
67 9 Car 1 1 -5.29475 995.664 152.02 1163.68 247.996 5.01 1.96 1.99  11.38 0.57 17.32  0.00906103 0
67 8 Cyclist 1 1 -10.5897 817.489 231.399 860.34 247.17 1.65 1.00 0.51  -9.90 -2.86 -31.22  3.1359 0
67 0 Pedestrian 1 1 -8.24031 1259.93 291.37 1636.15 422.316 1.76 1.63 0.64  7.49 1.61 6.70  3.13624 0
68 9 Car 1 1 -5.27761 1012.26 154.996 1175.95 250.29 5.01 1.96 1.99  11.81 0.63 17.44  0.010946 0
68 8 Cyclist 1 1 -10.6361 815.244 235.326 855.939 250.383 1.65 1.00 0.51  -10.28 -3.18 -32.86  3.13946 0
68 0 Pedestrian 1 1 -8.24101 1260.7 292.45 1633.99 421.236 1.76 1.63 0.64  7.56 1.62 6.76  3.1394 0
69 9 Car 1 1 -5.27367 1027.34 155.834 1186.85 250.395 5.01 1.96 1.99  12.21 0.65 17.57  0.0117431 0
69 8 Cyclist 1 1 -10.6635 812.586 237.16 851.307 251.538 1.65 1.00 0.51  -10.63 -3.41 -34.53  3.14029 0
69 0 Pedestrian 1 1 -8.24107 1259.71 292.374 1630.31 419.501 1.76 1.63 0.64  7.60 1.63 6.81  3.14038 0
70 9 Car 1 1 -5.28094 1041.76 154.704 1197.63 248.874 5.01 1.96 1.99  12.57 0.62 17.64  0.0108157 0
70 8 Cyclist 1 1 -10.673 809.126 236.361 845.987 250.071 1.65 1.00 0.51  -10.94 -3.53 -36.27  3.13799 0
70 0 Pedestrian 1 1 -8.23911 1264.28 292.182 1637.54 419.488 1.76 1.63 0.64  7.66 1.63 6.81  3.13852 0
71 9 Car 1 1 -5.29016 1054.08 153.551 1204.72 246.495 5.01 1.96 1.99  12.96 0.59 17.85  0.0108784 0
71 8 Cyclist 1 1 -10.6832 802.462 235.975 837.568 249.083 1.65 1.00 0.51  -11.08 -3.66 -38.04  3.1353 0
71 0 Pedestrian 1 1 -8.23877 1250.09 289.723 1613.13 414.218 1.76 1.63 0.64  7.61 1.62 6.92  3.13711 0
72 9 Car 1 1 -5.29637 1063.59 152.775 1208.72 244.626 5.01 1.96 1.99  13.29 0.57 18.08  0.0110609 0
72 0 Pedestrian 1 1 -8.24005 1243.61 286.377 1598.79 407.285 1.76 1.63 0.64  7.66 1.61 7.04  3.13605 0
73 9 Car 1 1 -5.30442 1070.18 151.909 1209.05 242.164 5.01 1.96 1.99  13.60 0.54 18.38  0.0105719 0
73 0 Pedestrian 1 1 -8.24022 1231.14 283.985 1575.48 400.871 1.76 1.63 0.64  7.65 1.60 7.19  3.13542 0
74 9 Car 1 1 -5.30061 1074.31 152.695 1207.4 241.561 5.01 1.96 1.99  13.85 0.55 18.68  0.0107646 0
74 0 Pedestrian 1 1 -8.2349 1218.98 284.818 1552.93 399.128 1.76 1.63 0.64  7.65 1.64 7.34  3.13484 0
75 9 Car 1 1 -5.30493 1081.15 152.475 1208.86 240.281 5.01 1.96 1.99  14.07 0.55 18.83  0.0139621 0
75 0 Pedestrian 1 1 -8.24748 1204.76 281.827 1536.21 393.427 1.76 1.63 0.64  7.47 1.59 7.31  3.14054 0
76 9 Car 1 1 -5.28565 1073.61 155.629 1193.96 241.028 5.01 1.96 1.99  14.21 0.62 19.43  0.0143229 0
76 0 Pedestrian 1 1 -8.23232 1175.98 284.494 1482.85 391.256 1.76 1.63 0.64  7.44 1.68 7.68  3.13838 0
77 9 Car 1 1 -5.27304 1070.2 157.868 1184.37 241.572 5.01 1.96 1.99  14.33 0.68 19.84  0.0174791 0
77 0 Pedestrian 1 1 -8.22532 1153.55 286.973 1443.92 389.721 1.76 1.63 0.64  7.38 1.75 7.94  3.1408 0
78 9 Car 1 1 -5.25961 1064.96 160.172 1173.28 242.213 5.01 1.96 1.99  14.43 0.74 20.29  0.0197102 0
78 0 Pedestrian 1 1 -1.93382 1136.81 289.683 1415.09 389.626 1.76 1.63 0.64  7.35 1.82 8.17  -3.14156 0
79 9 Car 1 1 -5.25859 1058.83 160.677 1161.25 240.629 5.01 1.96 1.99  14.49 0.74 20.75  0.0198717 0
79 0 Pedestrian 1 1 -1.93459 1120.09 288.417 1389.53 384.805 1.76 1.63 0.64  7.26 1.82 8.33  -3.14033 0
80 9 Car 1 1 -5.25692 1050.44 161.255 1147.29 239.14 5.01 1.96 1.99  14.50 0.75 21.25  0.0202452 0
80 0 Pedestrian 1 1 -1.93655 1106.95 285.882 1367.93 378.294 1.76 1.63 0.64  7.23 1.82 8.51  -3.13934 0
81 9 Car 1 1 -5.25097 1040.86 162.47 1132.39 238.415 5.01 1.96 1.99  14.47 0.78 21.75  0.0216742 0
81 0 Pedestrian 1 1 -1.93683 1092.66 284.564 1344.84 373.362 1.76 1.63 0.64  7.19 1.83 8.71  -3.13778 0
82 9 Car 1 1 -5.24342 1028.35 163.768 1115.68 238.493 5.01 1.96 1.99  14.26 0.81 22.11  0.0224946 0
82 0 Pedestrian 1 1 -1.93436 1078.83 284.264 1322.5 369.879 1.76 1.63 0.64  7.15 1.85 8.93  -3.13702 0
83 9 Car 1 1 -5.25196 1015.22 162.67 1098.78 236.132 5.01 1.96 1.99  13.98 0.77 22.40  0.0213948 0
83 0 Pedestrian 1 1 -1.93689 1065.31 280.929 1300.67 362.363 1.76 1.63 0.64  7.12 1.83 9.15  -3.13671 0
84 9 Car 1 1 -5.26513 999.677 160.887 1081.57 233.45 5.01 1.96 1.99  13.57 0.71 22.60  0.0190279 0
84 0 Pedestrian 1 1 -1.93804 1049.47 277.324 1275.78 354.718 1.76 1.63 0.64  7.06 1.82 9.40  -3.13787 0
85 9 Car 1 1 -5.2796 983.866 159.062 1064.36 230.943 5.01 1.96 1.99  13.12 0.65 22.76  0.0174022 0
85 0 Pedestrian 1 1 -1.94071 1033.48 273.1 1250.7 346.413 1.76 1.63 0.64  7.00 1.79 9.67  -3.13858 0
86 9 Car 1 1 -5.28242 967.78 158.687 1047.42 230.438 5.01 1.96 1.99  12.61 0.64 22.83  0.0172823 0
86 0 Pedestrian 1 1 -1.93979 1017.42 271.05 1226.63 341.444 1.76 1.63 0.64  6.92 1.79 9.92  -3.13911 0
87 9 Car 1 1 -5.27944 951.713 159.106 1030.42 230.668 5.01 1.96 1.99  12.12 0.66 22.93  0.0186963 0
87 0 Pedestrian 1 1 -1.93949 1000.62 269.284 1201.99 337.044 1.76 1.63 0.64  6.82 1.80 10.19  -3.13851 0
88 9 Car 1 1 -5.2777 935.807 159.25 1014 230.965 5.01 1.96 1.99  11.59 0.66 22.94  0.0189888 0
88 0 Pedestrian 1 1 -1.93735 984.023 267.941 1178.35 333.871 1.76 1.63 0.64  6.71 1.81 10.44  -3.13917 0
89 9 Car 1 1 -5.28439 919.4 158.263 997.565 230.541 5.01 1.96 1.99  10.96 0.64 22.76  0.0180154 0
89 0 Pedestrian 1 1 -1.93883 968.197 264.857 1155.89 329.241 1.76 1.63 0.64  6.60 1.80 10.69  -3.13928 0
90 9 Car 1 1 -5.29401 904.181 156.93 982.451 229.833 5.01 1.96 1.99  10.36 0.60 22.53  0.017079 0
90 0 Pedestrian 1 1 -1.94216 952.608 261.446 1134.25 324.366 1.76 1.63 0.64  6.47 1.78 10.92  -3.13883 0
91 9 Car 1 1 -5.29527 888.399 156.493 967.255 230.509 5.01 1.96 1.99  9.74 0.59 22.26  0.0171989 0
91 0 Pedestrian 1 1 -1.94086 936.438 260.034 1112.46 321.594 1.76 1.63 0.64  6.32 1.78 11.16  -3.13926 0
92 10 Pedestrian 1 1 -5.20273 839.258 211.855 982.831 272.162 0.75 1.82 0.72  4.37 0.97 10.52  0.00211209 0
92 9 Car 1 1 -5.29116 872.728 156.612 952.603 232.156 5.01 1.96 1.99  9.12 0.61 21.95  0.0178342 0
92 0 Pedestrian 1 1 -1.93639 919.921 259.851 1090.77 320.159 1.76 1.63 0.64  6.16 1.81 11.38  -3.14055 0
93 10 Pedestrian 1 1 -5.20418 827.99 212.444 975.507 275.145 0.75 1.82 0.72  4.10 0.96 10.17  0.00156553 0
93 9 Car 1 1 -5.29832 856.521 155.2 937.803 232.604 5.01 1.96 1.99  8.46 0.58 21.50  0.0169624 0
93 0 Pedestrian 1 1 -8.21889 903.36 257.828 1069.26 316.915 1.76 1.63 0.64  5.98 1.80 11.61  3.14119 0
94 10 Pedestrian 1 1 -5.20569 816.439 212.884 968.253 278.288 0.75 1.82 0.72  3.83 0.95 9.81  0.000623128 0
94 9 Car 1 1 -5.30759 840.146 153.407 923.07 232.885 5.01 1.96 1.99  7.81 0.55 21.04  0.0154984 0
94 0 Pedestrian 1 1 -8.21822 886.544 255.408 1047.67 313.241 1.76 1.63 0.64  5.79 1.79 11.84  3.13882 0
95 10 Pedestrian 1 1 -5.20947 810.929 211.052 958.033 274.52 0.75 1.82 0.72  3.82 0.94 10.07  0.00178287 0
95 9 Car 1 1 -5.3074 824.149 152.782 908.969 234.613 5.01 1.96 1.99  7.19 0.55 20.58  0.0159129 0
95 0 Pedestrian 1 1 -8.21446 870.099 255.039 1026.91 311.754 1.76 1.63 0.64  5.59 1.81 12.06  3.13746 0
96 10 Pedestrian 1 1 -5.20803 804.696 211.342 948.304 273.819 0.75 1.82 0.72  3.78 0.96 10.26  0.0039921 0
96 9 Car 1 1 -5.30028 808.738 153.071 895.62 237.432 5.01 1.96 1.99  6.61 0.58 20.12  0.0171889 0
96 0 Pedestrian 1 1 -8.20676 854.475 256.812 1007.76 312.848 1.76 1.63 0.64  5.39 1.86 12.25  3.13638 0
97 10 Pedestrian 1 1 -5.20465 797.159 212.226 937.383 273.741 0.75 1.82 0.72  3.72 0.98 10.43  0.0059456 0
97 9 Car 1 1 -5.2947 791.7 153.145 881.274 240.461 5.01 1.96 1.99  5.99 0.60 19.58  0.0184689 0
97 0 Pedestrian 1 1 -8.20007 837.735 258.39 987.419 313.75 1.76 1.63 0.64  5.16 1.91 12.44  3.13589 0
98 10 Pedestrian 1 1 -5.20166 788.944 212.472 925.886 272.828 0.75 1.82 0.72  3.64 1.00 10.60  0.00572966 0
98 9 Car 1 1 -5.29996 774.235 151.607 866.953 242.005 5.01 1.96 1.99  5.39 0.58 19.01  0.0181353 0
98 0 Pedestrian 1 1 -8.19835 821.253 257.865 967.945 312.689 1.76 1.63 0.64  4.91 1.92 12.59  3.13536 0
99 10 Pedestrian 1 1 -5.19935 780.253 212.655 914.213 271.983 0.75 1.82 0.72  3.54 1.01 10.75  0.0058 0
99 9 Car 1 1 -5.30714 756.59 149.64 852.821 243.505 5.01 1.96 1.99  4.80 0.56 18.41  0.0180255 0
99 0 Pedestrian 1 1 -8.19797 804.854 257.278 949.64 311.877 1.76 1.63 0.64  4.64 1.92 12.67  3.13486 0
100 10 Pedestrian 1 1 -5.19894 771.205 211.835 902.49 270.287 0.75 1.82 0.72  3.43 1.00 10.89  0.00436812 0
100 9 Car 1 1 -5.3208 737.454 146.307 837.804 244.571 5.01 1.96 1.99  4.19 0.51 17.71  0.0162861 0
100 0 Pedestrian 1 1 -8.19933 788.5 254.686 930.593 308.525 1.76 1.63 0.64  4.39 1.89 12.82  3.13275 0
101 10 Pedestrian 1 1 -5.19961 762.765 210.88 892.271 268.71 0.75 1.82 0.72  3.32 0.99 11.00  0.00325163 0
101 9 Car 1 1 -5.33565 716.465 141.824 823.032 247.479 5.01 1.96 1.99  3.51 0.45 16.66  0.014707 0
101 0 Pedestrian 1 1 -8.20074 772.612 252.284 912.559 305.489 1.76 1.63 0.64  4.13 1.86 12.94  3.13042 0
102 10 Pedestrian 1 1 -5.1985 755.32 210.237 883.374 267.579 0.75 1.82 0.72  3.22 0.99 11.11  0.00163618 0
102 9 Car 1 1 -5.33966 699.812 139.687 810.97 249.828 5.01 1.96 1.99  3.06 0.44 16.11  0.0124927 0
102 0 Pedestrian 1 1 -8.20082 756.708 250.13 894.591 302.792 1.76 1.63 0.64  3.86 1.83 13.06  3.12726 0
103 10 Pedestrian 1 1 -5.19845 748.45 209.698 875.203 266.474 0.75 1.82 0.72  3.13 0.99 11.21  0.000973768 0
103 9 Car 1 1 -5.34472 683.808 137.435 799.488 251.88 5.01 1.96 1.99  2.65 0.42 15.62  0.0114478 0
103 0 Pedestrian 1 1 -8.20137 740.673 248.606 876.787 300.805 1.76 1.63 0.64  3.59 1.82 13.15  3.12555 0
104 10 Pedestrian 1 1 -5.19692 740.8 209.949 866.042 266.118 0.75 1.82 0.72  3.03 1.00 11.32  0.0016865 0
104 9 Car 1 1 -5.34732 667.091 135.402 787.428 254.679 5.01 1.96 1.99  2.25 0.41 15.10  0.0117605 0
104 0 Pedestrian 1 1 -8.20061 723.816 248.103 858.115 299.806 1.76 1.63 0.64  3.29 1.82 13.26  3.12489 0
105 10 Pedestrian 1 1 -5.19517 732.997 210.38 856.93 265.9 0.75 1.82 0.72  2.92 1.01 11.41  0.00227231 0
105 0 Pedestrian 1 1 -8.20109 706.342 247.612 839.126 298.957 1.76 1.63 0.64  2.98 1.82 13.33  3.12517 0
106 10 Pedestrian 1 1 -5.19616 723.106 210.8 849.823 267.825 0.75 1.82 0.72  2.72 1.00 11.15  0.0021807 0
106 0 Pedestrian 1 1 -8.19963 688.572 247.132 820.307 298.323 1.76 1.63 0.64  2.65 1.81 13.38  3.12321 0
107 10 Car 1 1 -5.20534 713.519 210.27 846.539 269.898 0.75 1.82 0.72  2.49 0.97 10.62  0.00308801 0
107 0 Pedestrian 1 1 -8.20273 671.695 246.251 802.732 297.21 1.76 1.63 0.64  2.34 1.79 13.40  3.12419 0
108 10 Car 1 1 -5.20291 674.309 208.47 799.508 265.316 0.75 1.82 0.72  1.96 0.97 11.14  0.000878533 0
108 0 Pedestrian 1 1 -8.19654 637.51 241.672 756.764 287.836 1.76 1.63 0.64  1.74 1.81 14.53  3.12036 0
109 10 Car 1 1 -5.22249 693.875 209.25 844.804 276.925 0.75 1.82 0.72  2.04 0.89 9.38  0.00231052 0
109 0 Pedestrian 1 1 -8.2043 636.169 244.698 765.923 295.516 1.76 1.63 0.64  1.67 1.77 13.42  3.12233 0
110 11 Car 1 1 -5.19453 845.431 179.045 930.445 253.822 4.38 1.55 1.88  8.12 1.14 20.82  0.000347883 0
110 10 Car 1 1 -5.23523 684.806 207.514 849.38 281.257 0.75 1.82 0.72  1.84 0.83 8.62  0.000685596 0
110 0 Pedestrian 1 1 -8.2069 617.667 242.887 747.14 293.699 1.76 1.63 0.64  1.33 1.73 13.41  3.12025 0
111 11 Car 1 1 -5.20153 834.841 177.811 919.875 254.363 4.38 1.55 1.88  7.66 1.10 20.40  -0.00108341 0
111 10 Car 1 1 -5.25002 677.105 205.532 860.606 287.484 0.75 1.82 0.72  1.67 0.76 7.76  -0.000914606 0
111 0 Pedestrian 1 1 -8.21065 599.056 241.088 728.464 291.961 1.76 1.63 0.64  0.98 1.70 13.38  3.11898 0
112 11 Car 1 1 -5.20969 824.654 176.415 910.102 255.157 4.38 1.55 1.88  7.20 1.06 19.89  -0.00254213 0
112 10 Car 1 1 -5.26696 668.015 204.035 886.463 301.389 0.75 1.82 0.72  1.47 0.70 6.58  -0.00254214 0
112 0 Pedestrian 1 1 -8.21366 579.551 239.631 709.041 290.669 1.76 1.63 0.64  0.62 1.66 13.34  3.1177 0
113 12 Pedestrian 1 1 -5.27323 753.139 195.595 865.588 234.27 0.68 1.75 0.62  3.44 0.72 12.52  0.000583131 0
113 11 Car 1 1 -5.21613 815.073 175.344 901.627 257.223 4.38 1.55 1.88  6.72 1.03 19.21  -0.00371569 0
113 10 Car 1 1 -5.28204 657.362 207.179 966.401 345.394 0.75 1.82 0.72  1.25 0.64 4.76  -0.00361777 0
113 0 Pedestrian 1 1 -8.21728 560.494 238.391 690.333 289.632 1.76 1.63 0.64  0.27 1.64 13.28  3.11722 0
114 12 Pedestrian 1 1 -5.27237 745.031 196.611 862.308 237.338 0.68 1.75 0.62  3.20 0.72 11.99  0.000231883 0
114 11 Car 1 1 -5.2169 807 175.177 894.517 260.27 4.38 1.55 1.88  6.31 1.02 18.58  -0.00433392 0
114 10 Car 1 1 -5.2944 634.178 229.343 1391.19 578.173 0.75 1.82 0.72  1.01 0.60 2.19  -0.00405906 0
114 0 Pedestrian 1 1 -8.21864 541.883 238.163 672.122 289.704 1.76 1.63 0.64  -0.06 1.63 13.22  3.11727 0
115 12 Pedestrian 1 1 -5.27335 737.03 197.487 859.646 240.469 0.68 1.75 0.62  2.97 0.72 11.45  0.000609093 0
115 11 Car 1 1 -5.21712 799.558 175.211 888.057 263.597 4.38 1.55 1.88  5.94 1.02 17.98  -0.00445282 0
115 10 Car 1 1 -5.37931 378.662 40.7312 709.592 180.043 0.75 1.82 0.72  0.35 0.35 -4.36  -0.00381735 0
115 0 Pedestrian 1 1 -8.22105 522.833 237.893 653.561 289.646 1.76 1.63 0.64  -0.40 1.62 13.16  3.11806 0
116 12 Pedestrian 1 1 -5.26971 729.698 199.607 858.426 245.144 0.68 1.75 0.62  2.76 0.73 10.89  0.000997597 0
116 11 Car 1 1 -5.2128 792.759 176.071 882.278 268.232 4.38 1.55 1.88  5.59 1.04 17.37  -0.00395797 0
116 10 Car 1 1 -5.48359 550.459 138.809 675.949 191.85 0.75 1.82 0.72  -0.06 0.11 -10.95  -0.0033853 0
116 0 Pedestrian 1 1 -8.22091 503.261 238.421 634.86 290.63 1.76 1.63 0.64  -0.75 1.62 13.07  3.11821 0
117 12 Pedestrian 1 1 -5.26308 718.153 201.267 845.535 246.637 0.68 1.75 0.62  2.60 0.76 10.96  0.00220632 0
117 11 Car 1 1 -5.20872 783.531 177.174 874.969 273.261 4.38 1.55 1.88  5.21 1.06 16.76  -0.00261372 0
117 10 Car 1 1 -5.63763 586.556 163.211 663.977 195.977 0.75 1.82 0.72  -0.38 -0.16 -17.54  -0.00209903 0
117 0 Pedestrian 1 1 -8.22157 480.1 238.84 612.386 291.289 1.76 1.63 0.64  -1.15 1.62 12.99  3.11888 0
118 0 Pedestrian 1 1 -8.22174 460.748 239.517 594.581 292.653 1.76 1.63 0.64  -1.47 1.62 12.87  3.11921 0
118 10 Car 1 1 -5.81924 588.208 173.467 644.026 197.137 0.75 1.82 0.72  -0.22 -0.41 -24.18  -0.00180403 0
118 11 Car 1 1 -5.20519 778.665 177.987 870.481 278.577 4.38 1.55 1.88  4.92 1.08 16.15  -0.00240459 0
118 12 Pedestrian 1 1 -5.25572 712.602 202.923 839.286 248.433 0.68 1.75 0.62  2.52 0.79 11.00  0.00252359 0
119 0 Pedestrian 1 1 -8.22342 438.352 239.643 573.537 293.345 1.76 1.63 0.64  -1.84 1.61 12.75  3.11976 0
119 10 Car 1 1 -5.82771 580.367 151.582 636.658 225.08 0.36 2.29 3.05  0.05 -0.66 -30.79  -0.00193852 0
119 11 Car 1 1 -5.00637 767.404 226.293 837.729 321.831 4.38 1.55 1.88  5.00 2.53 19.10  -0.00034918 0
119 12 Pedestrian 1 1 -5.3889 626.15 176.836 751.776 220.313 0.68 1.75 0.62  1.18 0.37 10.82  2.61153e-05 0
120 0 Pedestrian 1 1 -8.22536 414.53 239.451 551.331 293.754 1.76 1.63 0.64  -2.22 1.60 12.63  3.11957 0
120 10 Car 1 1 -6.03279 576.018 159.906 622.294 220.313 0.36 2.29 3.05  0.54 -0.89 -37.41  -0.00240149 0
120 11 Car 1 1 -5.0063 757.779 227.643 831.598 327.122 4.38 1.55 1.88  4.63 2.52 18.49  -0.00084873 0
120 12 Pedestrian 1 1 -5.38481 615.027 177.399 740.313 220.996 0.68 1.75 0.62  1.01 0.38 10.84  -0.00039452 0
121 0 Pedestrian 1 1 -8.22731 390.072 239.085 528.714 293.956 1.76 1.63 0.64  -2.60 1.58 12.50  3.1188 0
121 10 Car 1 1 -4.60744 550.842 185.673 598.478 261.3 1.04 1.64 3.85  1.95 -2.88 -41.12  -2.7938 0
121 11 Car 1 1 -4.99098 723.429 233.064 800.958 334.472 4.38 1.55 1.88  4.00 2.67 18.41  -0.00433029 0
121 12 Pedestrian 1 1 -5.50551 596.112 158.513 721.257 205.731 0.68 1.75 0.62  0.72 0.15 10.86  0.0175352 0
122 10 Car 1 1 -4.64231 545.432 186.885 586.327 252.052 1.04 1.64 3.85  2.85 -3.07 -47.70  -2.79395 0
122 11 Car 1 1 -4.99094 713.558 234.38 792.461 340.315 4.38 1.55 1.88  3.64 2.66 17.80  -0.00530231 0
122 12 Pedestrian 1 1 -5.50113 583.14 159.078 707.587 206.01 0.68 1.75 0.62  0.53 0.15 10.91  0.016563 0
123 10 Car 1 1 -4.67593 538.209 187.979 574.106 245.233 1.04 1.64 3.85  3.99 -3.28 -54.26  -2.79236 0
123 11 Car 1 1 -4.99083 703.818 235.846 784.364 346.729 4.38 1.55 1.88  3.31 2.64 17.18  -0.00640487 0
123 12 Pedestrian 1 1 -5.49722 569.408 159.715 693.402 206.278 0.68 1.75 0.62  0.32 0.16 10.93  0.0162139 0
124 14 Car 1 1 -5.20091 487.965 170.361 522.864 209.619 4.68 1.79 1.98  -5.79 0.90 40.50  -0.0203265 0
124 13 Car 1 1 -5.1695 529.3 176.025 589.539 215.746 4.33 1.57 1.83  -2.54 1.14 37.67  -0.0224692 0
124 10 Car 1 1 -4.70789 529.927 188.907 562.007 239.972 1.04 1.64 3.85  5.33 -3.50 -60.80  -2.78864 0
124 11 Car 1 1 -4.99101 693.611 236.914 776.169 353.109 4.38 1.55 1.88  2.99 2.62 16.56  -0.00805477 0
124 12 Pedestrian 1 1 -5.49504 553.831 160.303 677.106 206.181 0.68 1.75 0.62  0.08 0.16 10.97  0.0162698 0
125 14 Car 1 1 -5.20198 471.85 170.161 507.904 210.347 4.68 1.79 1.98  -6.54 0.89 39.77  -0.0203643 0
125 13 Car 1 1 -5.17076 514.259 175.651 575.558 215.958 4.33 1.57 1.83  -3.26 1.12 37.24  -0.0246704 0
125 10 Car 1 1 -4.7391 520.614 189.853 549.684 235.947 1.04 1.64 3.85  6.92 -3.73 -67.30  -2.78382 0
125 11 Car 1 1 -4.99189 683.547 237.48 768.356 359.671 4.38 1.55 1.88  2.69 2.59 15.93  -0.0098281 0
125 12 Car 1 1 -5.4982 538.207 160.194 661.115 205.416 0.68 1.75 0.62  -0.16 0.16 10.98  0.0166792 0
126 15 Car 1 1 -8.33871 270.117 176.582 369.382 257.05 4.65 1.60 1.93  -7.90 1.09 20.08  3.13939 0
126 14 Car 1 1 -5.20553 456.435 169.669 493.795 210.887 4.68 1.79 1.98  -7.21 0.87 39.03  -0.0212477 0
126 13 Car 1 1 -5.17403 499.972 174.92 562.465 215.942 4.33 1.57 1.83  -3.92 1.09 36.81  -0.0279509 0
126 10 Car 1 1 -4.75902 512.243 189.784 538.859 231.786 1.04 1.64 3.85  8.57 -3.88 -73.79  -2.77853 0
126 11 Car 1 1 -4.99152 673.853 238.144 762.951 367.224 4.38 1.55 1.88  2.41 2.56 15.29  -0.0126489 0
126 12 Pedestrian 1 1 -5.4976 521.431 160.563 644.109 205.086 0.68 1.75 0.62  -0.42 0.16 10.98  0.0163105 0
127 15 Car 1 1 -8.33275 242.534 177.591 349.442 262.223 4.65 1.60 1.93  -8.22 1.12 19.33  3.13991 0
127 14 Car 1 1 -5.20171 441.501 169.854 480.256 212.116 4.68 1.79 1.98  -7.82 0.89 38.29  -0.0208043 0
127 13 Car 1 1 -5.17507 487.003 174.526 551.231 216.619 4.33 1.57 1.83  -4.43 1.08 36.04  -0.0300496 0
127 10 Car 1 1 -4.7875 504.169 190.707 528.75 229.297 1.04 1.64 3.85  10.33 -4.13 -80.25  -2.77283 0
127 11 Car 1 1 -4.99214 664.803 239.141 759.081 375.723 4.38 1.55 1.88  2.17 2.53 14.64  -0.0142375 0
127 12 Pedestrian 1 1 -5.49777 504.747 161.001 627.006 204.753 0.68 1.75 0.62  -0.67 0.16 10.99  0.0172655 0
128 15 Car 1 1 -8.32096 218.201 179.677 333.143 269.143 4.65 1.60 1.93  -8.41 1.18 18.59  3.14055 0
128 14 Car 1 1 -5.1937 430.795 170.486 469.081 211.762 4.68 1.79 1.98  -8.65 0.93 39.38  -0.020264 0
128 13 Car 1 1 -5.17135 476.605 174.501 542.659 217.916 4.33 1.57 1.83  -4.80 1.09 35.27  -0.0323309 0
128 10 Car 1 1 -4.81367 498.487 191.497 521.343 227.175 1.04 1.64 3.85  11.96 -4.38 -86.72  -2.76651 0
128 11 Car 1 1 -4.99219 658.642 240.26 758.374 384.637 4.38 1.55 1.88  2.00 2.51 14.04  -0.0159523 0
128 12 Pedestrian 1 1 -5.49476 489.817 161.941 611.775 204.89 0.68 1.75 0.62  -0.90 0.17 11.00  0.0183708 0
129 15 Car 1 1 -1.83065 210.34 234.643 309.813 324.991 4.65 1.60 1.93  -10.11 2.99 21.22  -3.1395 0
129 14 Car 1 1 -4.98211 389.11 201.828 462.428 243.532 4.68 1.79 1.97  -10.09 2.69 40.03  -0.00203744 0
129 13 Car 1 1 -5.02694 478.254 198.539 541.251 241.054 4.33 1.57 1.83  -4.90 2.28 36.03  -0.00132191 0
129 10 Car 1 1 -10.8818 483.263 244.794 500.28 285.143 1.70 1.73 4.36  13.58 -10.58 -83.12  3.13041 0
129 11 Car 1 1 -4.98298 628.774 251.117 732.273 386.352 4.38 1.55 1.88  1.61 2.82 15.00  -0.00118135 0
129 12 Pedestrian 1 1 -5.42175 428.991 175.024 575.681 195.111 1.09 2.05 0.28  -1.63 0.19 10.81  0.0208375 0
130 15 Car 1 1 -1.82395 196.703 239.329 299.193 331.694 4.65 1.60 1.93  -10.38 3.13 21.06  -3.13745 0
130 14 Car 1 1 -4.97164 384.28 203.556 456.596 244.59 4.68 1.79 1.97  -10.59 2.83 40.80  -0.00308458 0
130 13 Car 1 1 -5.02043 472.975 200.258 537.898 244.205 4.33 1.57 1.83  -4.98 2.34 35.11  -0.00219021 0
130 10 Car 1 1 -10.88 482.193 242.679 498.24 280.068 1.70 1.73 4.36  14.83 -10.97 -89.62  3.12465 0
130 11 Car 1 1 -4.9817 626.5 254.699 734.184 398.352 4.38 1.55 1.88  1.55 2.82 14.34  -0.00192335 0
130 12 Pedestrian 1 1 -5.41057 420.017 177.825 566.786 197.956 1.09 2.05 0.28  -1.76 0.22 10.80  0.0231986 0
131 15 Car 1 1 -1.82079 180.839 244.33 289.519 341.131 4.65 1.60 1.93  -10.42 3.23 20.43  -3.13478 0
131 14 Car 1 1 -4.96211 382.148 205.385 453.546 245.901 4.68 1.79 1.97  -10.93 2.97 41.51  -0.00317138 0
131 13 Car 1 1 -5.01418 469.381 202.298 536.483 247.854 4.33 1.57 1.83  -4.96 2.41 34.14  -0.00211152 0
131 10 Car 1 1 -10.8796 483.715 241.556 498.882 276.384 1.70 1.73 4.36  15.76 -11.45 -96.14  3.11978 0
131 11 Car 1 1 -4.98135 624.808 258.596 737.479 411.467 4.38 1.55 1.88  1.51 2.83 13.68  -0.00172823 0
131 12 Pedestrian 1 1 -5.40104 412.072 179.668 558.386 200.496 1.09 2.05 0.28  -1.89 0.26 10.82  0.0261382 0
132 16 Car 1 1 -5.15525 581.262 196.696 693.293 308.438 4.23 1.53 1.76  0.39 1.40 14.21  0.0103397 0
132 15 Car 1 1 -8.06318 163.226 248.247 279.868 354.226 4.65 1.60 1.93  -10.52 3.37 19.93  3.11535 0
132 14 Car 1 1 -5.10663 378.573 205.025 452.587 246.795 4.68 1.79 1.97  -11.20 3.15 42.07  0.151725 0
132 13 Car 1 1 -5.14934 467.797 201.064 540.431 249.243 4.33 1.57 1.83  -4.77 2.48 33.35  0.139227 0
132 10 Car 1 1 -10.8775 481.69 260.306 495.597 293.361 1.81 0.14 4.24  16.54 -14.21 -98.73  3.09413 0
132 11 Car 1 1 -4.9707 645.577 261.396 750.826 427.15 4.38 1.55 1.88  1.52 2.87 13.16  -0.00960001 0
132 12 Pedestrian 1 1 -5.27077 396.907 173.51 537.406 207.779 1.16 1.99 0.36  -2.22 0.26 11.12  -0.114584 0
133 16 Car 1 1 -5.14359 576.449 200.738 695.491 318.547 4.23 1.53 1.76  0.34 1.47 13.73  0.0108819 0
133 15 Car 1 1 -8.06512 151.022 251.579 273.551 361.163 4.65 1.60 1.93  -10.51 3.42 19.47  3.11998 0
133 14 Car 1 1 -5.09293 381.503 206.835 451.944 246.334 4.68 1.79 1.97  -11.27 3.22 42.55  0.142194 0
133 13 Car 1 1 -5.13868 468.302 203.451 544.037 251.017 4.33 1.57 1.83  -4.56 2.51 32.50  0.131148 0
133 10 Car 1 1 -10.8674 485.612 260.103 499.429 291.197 1.83 0.18 4.22  17.00 -14.92 -104.84  3.0807 0
133 11 Car 1 1 -4.98299 651.534 266.752 760.622 439.62 4.38 1.55 1.88  1.52 2.86 12.51  0.00193381 0
133 12 Pedestrian 1 1 -5.28549 399.093 175.606 531.935 207.539 1.17 1.97 0.37  -2.37 0.29 11.75  -0.0896764 0
134 16 Car 1 1 -5.13363 577.444 201.967 700.902 325.744 4.23 1.53 1.76  0.38 1.50 13.30  0.00505028 0
134 15 Car 1 1 -8.06742 141.82 252.194 270.22 365.036 4.65 1.60 1.93  -10.39 3.38 18.97  3.12029 0
134 14 Car 1 1 -5.08473 384.524 205.008 456.339 244.164 4.68 1.79 1.97  -11.12 3.12 42.81  0.128258 0
134 13 Car 1 1 -5.13409 472.524 203.022 550.175 249.959 4.33 1.57 1.83  -4.21 2.42 31.68  0.119098 0
134 10 Car 1 1 -10.8529 490.525 257.417 504.306 286.746 1.85 0.23 4.19  17.24 -15.25 -110.96  3.06493 0
134 11 Car 1 1 -4.98069 656.352 268.72 776.478 454.448 4.38 1.55 1.88  1.57 2.82 11.88  -0.0031747 0
134 12 Pedestrian 1 1 -5.30674 397.228 174.29 528.986 208.441 1.18 1.95 0.40  -2.40 0.28 11.74  -0.0775037 0
135 16 Car 1 1 -5.13376 591.531 200.521 718.465 325.289 4.23 1.53 1.76  0.66 1.47 13.26  0.00107762 0
135 15 Car 1 1 -8.0682 134.248 251.053 269.263 368.229 4.65 1.60 1.93  -10.18 3.30 18.42  3.11642 0
135 14 Car 1 1 -5.09199 391.465 201.489 462.176 240.199 4.68 1.79 1.97  -10.88 2.93 43.35  0.124116 0
135 13 Car 1 1 -5.14354 477.641 200.535 557.456 248.742 4.33 1.57 1.83  -3.82 2.27 30.76  0.115001 0
135 11 Car 1 1 -4.98103 666.055 269.661 797.086 470.892 4.38 1.55 1.88  1.69 2.76 11.22  -0.00729536 0
135 12 Pedestrian 1 1 -5.32237 400.071 171.288 531.256 205.402 1.18 1.95 0.40  -2.37 0.23 11.76  -0.081135 0
136 16 Car 1 1 -5.14315 598.553 197.733 734.333 331.665 4.23 1.53 1.76  0.80 1.39 12.49  -0.00287706 0
136 15 Car 1 1 -8.06757 128.074 250.088 268.897 370.419 4.65 1.60 1.93  -10.05 3.24 18.07  3.11259 0
136 14 Car 1 1 -5.09931 400.41 198.188 469.833 236.313 4.68 1.79 1.97  -10.54 2.76 44.01  0.119698 0
136 13 Car 1 1 -5.15254 483.938 198.24 566.114 247.742 4.33 1.57 1.83  -3.39 2.14 29.85  0.110708 0
136 11 Car 1 1 -4.98096 676.191 271.375 819.477 491.777 4.38 1.55 1.88  1.80 2.71 10.53  -0.0113641 0
136 12 Pedestrian 1 1 -5.33731 402.841 168.537 533.368 202.696 1.18 1.95 0.40  -2.33 0.19 11.78  -0.0845413 0
137 16 Car 1 1 -5.15049 608.518 195.796 754.131 339.47 4.23 1.53 1.76  0.97 1.34 11.79  -0.00598998 0
137 15 Car 1 1 -8.06735 123.97 250.483 271.675 375.673 4.65 1.60 1.93  -9.77 3.21 17.56  3.11034 0
137 14 Car 1 1 -5.10356 411.128 195.625 478.949 232.679 4.68 1.79 1.97  -10.12 2.61 44.78  0.113312 0
137 13 Car 1 1 -5.15905 492.184 196.459 576.532 247.176 4.33 1.57 1.83  -2.91 2.04 28.96  0.105787 0
137 11 Car 1 1 -4.98109 693.425 272.887 844.026 515.505 4.38 1.55 1.88  1.94 2.65 9.87  -0.0155547 0
137 12 Pedestrian 1 1 -5.35502 407.822 166.335 537.355 200.136 1.19 1.95 0.40  -2.27 0.15 11.82  -0.0839872 0
138 16 Car 1 1 -5.15285 623.237 195.49 781.975 349.508 4.23 1.53 1.76  1.22 1.31 11.16  -0.00764351 0
138 15 Car 1 1 -8.06864 123.383 250.87 276.933 380.567 4.65 1.60 1.93  -9.42 3.16 17.07  3.10918 0
138 14 Car 1 1 -5.10714 422.551 193.664 488.794 229.924 4.68 1.79 1.97  -9.64 2.51 45.65  0.109078 0
138 13 Car 1 1 -5.16464 502.315 195.662 588.764 247.853 4.33 1.57 1.83  -2.38 1.98 28.10  0.104508 0
138 11 Car 1 1 -4.98635 713.324 276.81 883.367 542.652 4.38 1.55 1.88  2.16 2.62 9.26  -0.0122884 0
138 12 Pedestrian 1 1 -5.36841 419.061 165.121 547.067 197.828 1.19 1.95 0.40  -2.12 0.12 11.93  -0.0834614 0
139 16 Car 1 1 -5.15104 634.164 197.189 807.554 366.338 4.23 1.53 1.76  1.36 1.32 10.40  -0.00786827 0
139 15 Car 1 1 -8.06987 114.332 252.462 278.011 388.163 4.65 1.60 1.93  -9.14 3.14 16.44  3.10873 0
139 14 Car 1 1 -5.1104 434.839 192.843 500.164 228.899 4.68 1.79 1.97  -9.02 2.48 46.25  0.110119 0
139 13 Car 1 1 -5.16671 511.517 196.331 601.359 250.433 4.33 1.57 1.83  -1.88 1.97 27.10  0.105626 0
139 11 Car 1 1 -4.98626 728.817 284.674 922.803 590.878 4.38 1.55 1.88  2.23 2.63 8.48  -0.0118726 0
139 12 Pedestrian 1 1 -5.38251 403.205 161.997 550.399 199.538 1.19 1.95 0.40  -1.92 0.09 10.27  -0.084298 0
140 17 Car 1 1 -5.03761 594.645 220.525 707.833 309.156 4.08 1.46 1.76  1.20 2.26 18.77  0.00237904 0
140 16 Car 1 1 -5.03289 597.105 247.065 735.892 419.627 4.23 1.53 1.76  0.70 2.26 11.33  0.00153876 0
140 15 Car 1 1 -8.0984 99.6829 259.106 280.952 391.088 4.65 1.60 1.93  -9.01 3.17 16.03  3.13908 0
140 14 Car 1 1 -8.21001 468.261 180.714 550.716 220.832 4.68 1.79 1.96  -5.70 1.54 40.80  3.10876 0
140 13 Car 1 1 -5.16681 521.803 197.699 614.727 253.733 4.33 1.57 1.83  -1.38 1.99 26.18  0.107897 0
140 11 Car 1 1 -4.9875 748.124 292.978 974.877 645.617 4.38 1.55 1.88  2.35 2.64 7.77  -0.0101521 0
140 12 Pedestrian 1 1 -5.42479 361.023 158.794 499.129 204.789 1.34 1.76 0.51  -2.52 0.10 10.14  -0.0837546 0
141 17 Car 1 1 -4.94357 601.617 221.109 717.148 321.649 4.08 1.46 1.76  1.41 2.43 18.65  -0.075134 0
141 16 Car 1 1 -4.94566 586.237 252.631 728.142 456.458 4.23 1.53 1.76  0.52 2.46 10.96  -0.0669765 0
141 15 Car 1 1 -8.05418 100.898 260.554 280.775 407.893 4.65 1.60 1.93  -8.75 3.25 15.60  3.0996 0
141 14 Car 1 1 -8.13942 509.038 198.655 562.995 242.217 4.68 1.79 1.96  -4.00 2.47 38.58  3.13824 0
141 13 Car 1 1 -5.16425 532.853 199.385 628.996 257.292 4.33 1.57 1.83  -0.88 2.01 25.21  0.107987 0
141 11 Car 1 1 -4.98905 771.097 302.09 1045.25 718.922 4.38 1.55 1.88  2.47 2.63 7.02  -0.0093553 0
141 12 Pedestrian 1 1 -5.48955 382.484 157.811 489.543 217.391 1.40 1.37 0.69  -2.46 0.18 10.23  -0.0818695 0
142 17 Car 1 1 -5.01466 637.243 230.578 716.924 321.425 4.08 1.46 1.76  1.63 2.53 18.59  0.00418717 0
142 16 Car 1 1 -5.02025 580.164 266.917 718.452 460.996 4.23 1.53 1.76  0.39 2.51 10.57  0.0116623 0
142 15 Car 1 1 -8.07783 89.7341 266.434 288.287 414.203 4.65 1.60 1.93  -8.52 3.28 15.18  3.12532 0
142 14 Car 1 1 -1.86435 570.326 202.436 613.753 251.704 4.68 1.80 1.96  -0.89 2.45 33.74  -3.13807 0
142 13 Car 1 1 -5.16238 543.304 201.253 642.976 261.513 4.33 1.57 1.83  -0.43 2.03 24.25  0.108746 0
142 11 Car 1 1 -5.06891 787.436 291.157 1479.11 847.876 4.38 1.55 1.88  3.21 2.27 5.75  0.0390549 0
142 12 Pedestrian 1 1 -5.55813 403.056 140.633 498.009 241.457 1.32 1.28 1.37  -2.36 0.25 10.58  0.00056075 0
143 17 Car 1 1 -5.01497 648.206 233.872 733.567 331.24 4.08 1.46 1.76  1.86 2.53 17.56  0.00479468 0
143 16 Car 1 1 -5.02111 589.324 272.307 740.306 487.276 4.23 1.53 1.76  0.54 2.51 9.84  0.0122598 0
143 15 Car 1 1 -8.07968 78.6983 268.913 289.269 423.875 4.65 1.60 1.93  -8.27 3.26 14.61  3.12596 0
143 14 Car 1 1 -1.86383 580.828 202.165 623.412 250.206 4.68 1.80 1.96  -0.42 2.47 34.42  -3.13752 0
143 13 Car 1 1 -5.16428 553.866 202.449 657.514 265.508 4.33 1.57 1.83  -0.00 2.03 23.27  0.110519 0
143 11 Car 1 1 -5.06974 816.723 303.344 1720.86 1039.79 4.38 1.55 1.88  3.28 2.26 4.98  0.0392977 0
143 12 Pedestrian 1 1 -5.551 415.125 142.165 508.031 240.713 1.32 1.28 1.37  -2.24 0.26 10.80  0.000589333 0
144 17 Car 1 1 -5.01436 660.814 236.2 751.059 338.716 4.08 1.46 1.76  2.13 2.54 16.87  0.0047016 0
144 16 Car 1 1 -5.02041 600.436 278.66 767.356 519.078 4.23 1.53 1.76  0.70 2.51 9.14  0.012156 0
144 15 Car 1 1 -8.08068 67.7848 271.421 290.634 433.92 4.65 1.60 1.93  -8.03 3.24 14.07  3.1259 0
144 14 Car 1 1 -1.86376 592.762 202.261 635.969 250.744 4.68 1.80 1.96  0.16 2.47 34.20  -3.13766 0
144 13 Car 1 1 -5.16567 565.231 203.83 673.175 270.024 4.33 1.57 1.83  0.42 2.03 22.28  0.111741 0
144 11 Car 1 1 -5.06754 857.578 317.168 2057.49 1295.56 4.38 1.55 1.88  3.44 2.28 4.38  0.0388261 0
144 12 Pedestrian 1 1 -5.53991 426.45 143.604 518.938 241.616 1.32 1.28 1.37  -2.09 0.28 10.85  -9.78684e-05 0
145 17 Car 1 1 -5.01702 673.526 238.126 772.706 350.687 4.08 1.46 1.76  2.33 2.49 15.69  0.00291282 0
145 16 Car 1 1 -5.01973 611.028 284.641 797.407 557.286 4.23 1.53 1.76  0.84 2.50 8.44  0.0106419 0
145 15 Car 1 1 -8.08086 53.1992 273.528 290.465 444.872 4.65 1.60 1.93  -7.81 3.22 13.51  3.1244 0
145 14 Car 1 1 -1.86592 603.585 201.528 647.675 250.959 4.68 1.80 1.96  0.68 2.41 33.69  -3.13973 0
145 13 Car 1 1 -5.169 575.98 204.147 688.608 273.899 4.33 1.57 1.83  0.80 1.99 21.28  0.110974 0
145 11 Car 1 1 -5.06717 904.073 336.87 2868.76 2007.23 4.38 1.55 1.88  3.50 2.28 3.57  0.0381647 0
145 12 Pedestrian 1 1 -5.53322 436.68 144.488 528.6 242.067 1.32 1.28 1.37  -1.94 0.29 10.89  -0.00171562 0
146 17 Car 1 1 -5.02171 686.164 238.658 794.858 361.309 4.08 1.46 1.76  2.51 2.41 14.66  0.000802732 0
146 16 Car 1 1 -5.01912 622.501 290.807 834.297 604.037 4.23 1.53 1.76  0.97 2.49 7.74  0.00852817 0
146 15 Car 1 1 -8.08095 36.5279 275.34 289.789 456.775 4.65 1.60 1.93  -7.60 3.18 12.95  3.12231 0
146 14 Car 1 1 -8.15437 613.858 200.044 658.872 250.349 4.68 1.80 1.96  1.16 2.33 33.20  3.14132 0
146 13 Car 1 1 -5.17363 586.862 203.855 704.508 277.63 4.33 1.57 1.83  1.15 1.94 20.28  0.10957 0
146 11 Car 1 1 -5.06568 962.905 361.31 5567.98 5079.49 4.38 1.55 1.88  3.55 2.27 2.77  0.0359418 0
146 12 Pedestrian 1 1 -5.53617 446.918 144.003 538.364 241.151 1.32 1.28 1.37  -1.80 0.28 10.93  -0.00398708 0
147 17 Car 1 1 -5.02623 699.255 238.759 819.089 373.138 4.08 1.46 1.76  2.66 2.33 13.66  -0.00237532 0
147 16 Car 1 1 -5.01758 634.995 297.698 880.759 664.915 4.23 1.53 1.76  1.09 2.47 7.04  0.00534494 0
147 15 Car 1 1 -8.0807 17.2141 276.48 288.594 469.902 4.65 1.60 1.93  -7.41 3.13 12.39  3.11914 0
147 14 Car 1 1 -8.16181 624.443 197.998 670.823 249.656 4.68 1.80 1.96  1.64 2.21 32.47  3.13812 0
147 13 Car 1 1 -5.17926 598.388 203.074 721.591 281.421 4.33 1.57 1.83  1.48 1.88 19.26  0.107405 0
147 11 Car 1 1 -5.06254 -31980.3 -16401.2 1327.66 777.344 4.38 1.55 1.88  3.58 2.27 1.96  0.0326077 0
147 12 Pedestrian 1 1 -5.54314 457.744 142.888 548.812 239.678 1.32 1.28 1.37  -1.64 0.26 10.96  -0.0073858 0
148 17 Car 1 1 -5.02988 712.314 240.292 846.826 390.205 4.08 1.46 1.76  2.77 2.27 12.57  -0.00479341 0
148 16 Car 1 1 -5.01558 647.251 307.09 939.483 749.066 4.23 1.53 1.76  1.18 2.46 6.33  0.00291988 0
148 15 Car 1 1 -8.08042 -7.2446 278.536 285.341 486.024 4.65 1.60 1.93  -7.24 3.10 11.82  3.11675 0
148 14 Car 1 1 -8.16734 634.274 196.616 682.112 249.719 4.68 1.80 1.96  2.06 2.13 31.74  3.13567 0
148 13 Car 1 1 -5.18286 609.389 203.224 738.772 286.806 4.33 1.57 1.83  1.77 1.84 18.24  0.106131 0
148 11 Car 1 1 -5.05893 -2969.05 -2148.33 1506.99 926.447 4.38 1.55 1.88  3.59 2.28 1.15  0.0299633 0
148 12 Pedestrian 1 1 -5.54328 468.221 142.687 559.001 239.141 1.32 1.28 1.37  -1.49 0.25 10.99  -0.0101434 0
149 17 Car 1 1 -5.03308 726.625 243.91 879.089 412.2 4.08 1.46 1.76  2.87 2.24 11.52  -0.00452374 0
149 16 Car 1 1 -5.01553 661.47 320.356 1026.14 877.058 4.23 1.53 1.76  1.27 2.47 5.58  0.00318677 0
149 15 Car 1 1 -8.08093 -39.2906 283.228 280 508.44 4.65 1.60 1.93  -7.07 3.09 11.18  3.11703 0
149 14 Car 1 1 -8.16792 643.777 197.085 693.193 251.728 4.68 1.80 1.96  2.45 2.12 30.97  3.13592 0
149 13 Car 1 1 -5.18317 620.928 205.255 757.269 294.993 4.33 1.57 1.83  2.04 1.84 17.18  0.106711 0
149 11 Car 1 1 -5.05891 -1265.21 -1048.08 1816.46 1189.93 4.38 1.55 1.88  3.60 2.28 0.31  0.030132 0
149 12 Pedestrian 1 1 -5.53385 478.55 143.857 569.359 240.356 1.32 1.28 1.37  -1.34 0.27 10.98  -0.010037 0
150 17 Car 1 1 -5.01864 717.467 254.234 869.431 433.389 4.08 1.46 1.76  2.63 2.39 11.16  -0.00422333 0
150 16 Car 1 1 -5.01673 676.399 337.706 1154.18 1077 4.23 1.53 1.76  1.34 2.48 4.83  0.00550451 0
150 15 Car 1 1 -8.08193 -77.74 290.066 272.87 536.13 4.65 1.60 1.93  -6.93 3.11 10.55  3.11934 0
150 14 Car 1 1 -2.11984 647.681 192.967 710.266 267.953 4.68 1.79 1.96  2.80 2.51 30.21  -2.8777 0
150 11 Car 1 1 -5.07559 -496.811 -607.688 3384.83 1857.33 4.38 1.55 1.88  4.05 2.13 -0.69  0.031021 0
150 12 Pedestrian 1 1 -5.51218 488.162 146.868 579.394 243.005 1.31 1.29 1.36  -1.19 0.31 10.98  -0.00779508 0
151 17 Car 1 1 -5.02064 730.772 262.277 905.142 466.906 4.08 1.46 1.76  2.69 2.41 10.17  -0.000522276 0
151 16 Car 1 1 -5.01902 693.123 359.924 1379.44 1437.21 4.23 1.53 1.76  1.40 2.50 4.08  0.00920772 0
151 15 Car 1 1 -8.08386 -125.682 298.28 262.729 569.601 4.65 1.60 1.93  -6.82 3.14 9.91  3.12307 0
151 14 Car 1 1 -2.11508 656.244 196.23 720.909 272.879 4.68 1.79 1.96  3.12 2.62 29.46  -2.87405 0
151 11 Car 1 1 -5.07961 -242.723 -425.687 8309.96 4860.11 4.38 1.55 1.88  4.03 2.12 -1.53  0.0348487 0
151 12 Pedestrian 1 1 -5.48108 498.478 151.489 589.962 247.385 1.31 1.29 1.36  -1.03 0.38 11.00  -0.00448916 0
152 17 Car 1 1 -5.02243 746.037 271.206 949.078 507.159 4.08 1.46 1.76  2.75 2.42 9.22  0.00279886 0
152 16 Car 1 1 -5.02116 713.984 387.105 1869.77 2225.49 4.23 1.53 1.76  1.45 2.51 3.36  0.0125285 0
152 15 Car 1 1 -8.08476 -183.579 308.12 250.547 610.429 4.65 1.60 1.93  -6.71 3.18 9.26  3.12639 0
152 14 Car 1 1 -2.11081 664.666 199.567 731.83 278.084 4.68 1.79 1.96  3.41 2.73 28.67  -2.87072 0
152 11 Car 1 1 -5.08428 -66925.8 -23707.4 134.001 4.81502 4.38 1.55 1.88  4.02 2.11 -2.36  0.038128 0
152 12 Pedestrian 1 1 -5.45406 508.293 155.753 600.635 252.145 1.31 1.29 1.36  -0.87 0.45 10.94  -0.0011848 0
