0.500000000 -0.038001 0.059775 11.418148 -0.002685 -0.000698 -0.003498 0.999990
0.550000000 -0.051709 0.073688 12.562103 -0.003482 -0.000585 -0.003084 0.999989
0.600000000 -0.063597 0.104146 13.701263 -0.003263 -0.000801 -0.003123 0.999989
0.650000000 -0.061466 0.134961 14.844082 -0.003021 -0.001124 -0.001731 0.999993
0.700000000 -0.049568 0.127674 15.950843 -0.003759 -0.001472 -0.002498 0.999989
0.750000000 -0.050353 0.117329 17.068700 -0.004480 -0.001573 -0.002648 0.999985
0.800000000 -0.030054 0.126794 18.195128 -0.004730 -0.002160 -0.002376 0.999984
0.850000000 -0.042754 0.169816 19.327187 -0.004488 -0.002263 -0.000021 0.999987
0.900000000 -0.026271 0.166573 20.432988 -0.004227 -0.002625 -0.001211 0.999987
0.950000000 -0.026207 0.151812 21.561426 -0.003034 -0.002899 -0.002221 0.999989
1.000000000 -0.017503 0.157545 22.679821 -0.002059 -0.003403 -0.001710 0.999991
1.050000000 -0.055813 0.163794 23.806733 -0.003093 -0.003150 -0.003034 0.999986
1.100000000 -0.082141 0.170658 24.939859 -0.003871 -0.002923 -0.004255 0.999979
1.150000000 -0.009177 0.177026 26.093870 -0.004173 -0.004202 -0.005217 0.999969
1.200000000 -0.128741 0.193080 27.196088 -0.004295 -0.002697 -0.006228 0.999968
1.250000000 -0.137536 0.196769 28.294930 -0.003749 -0.003106 -0.006899 0.999964
1.300000000 -0.146247 0.190475 29.397600 -0.002739 -0.003636 -0.008201 0.999956
1.350000000 -0.170188 0.216890 30.511276 -0.002090 -0.003874 -0.009861 0.999942
1.400000000 -0.170913 0.232607 31.612406 -0.003114 -0.004214 -0.012196 0.999912
1.450000000 -0.180414 0.258475 32.727070 -0.003808 -0.004511 -0.013358 0.999893
1.500000000 -0.169671 0.264015 33.820007 -0.003886 -0.005202 -0.014719 0.999871
1.550000000 -0.182873 0.274460 34.936939 -0.003539 -0.005780 -0.014516 0.999872
1.600000000 -0.195660 0.276175 36.050323 -0.003770 -0.006461 -0.014438 0.999868
1.650000000 -0.211714 0.295230 37.188006 -0.004055 -0.007050 -0.014177 0.999866
1.700000000 -0.246121 0.333301 38.324986 -0.003728 -0.007318 -0.013996 0.999868
1.750000000 -0.248296 0.322479 39.444874 -0.004036 -0.007550 -0.014219 0.999862
1.800000000 -0.265262 0.343559 40.560176 -0.004326 -0.007111 -0.014801 0.999856
1.850000000 -0.276960 0.358005 41.684662 -0.005114 -0.006382 -0.014754 0.999858
1.900000000 -0.308687 0.361924 42.823630 -0.005297 -0.005279 -0.015061 0.999859
1.950000000 -0.316708 0.376771 43.980461 -0.004777 -0.004247 -0.015007 0.999867
2.000000000 -0.327725 0.399635 45.131186 -0.004305 -0.003107 -0.013742 0.999891
2.050000000 -0.344987 0.418926 46.298146 -0.004516 -0.001750 -0.013362 0.999899
2.100000000 -0.344502 0.430128 47.473068 -0.005049 -0.000781 -0.012754 0.999906
2.150000000 -0.321260 0.439006 48.628477 -0.005026 0.000030 -0.012363 0.999911
2.200000000 -0.318196 0.446689 49.789389 -0.004457 0.000950 -0.012670 0.999909
2.250000000 -0.294696 0.453421 50.966438 -0.004095 0.001479 -0.011458 0.999925
2.300000000 -0.298458 0.466865 52.152315 -0.004041 0.002203 -0.011990 0.999918
2.350000000 -0.292249 0.489325 53.333854 -0.004306 0.002959 -0.009810 0.999938
2.400000000 -0.283084 0.491558 54.522923 -0.003866 0.003262 -0.008743 0.999949
2.450000000 -0.270498 0.501497 55.693303 -0.001451 0.003253 -0.008380 0.999959
2.500000000 -0.256013 0.520194 56.847175 0.000357 0.003298 -0.008277 0.999960
2.550000000 -0.241174 0.522407 58.011387 -0.000332 0.003395 -0.009009 0.999954
2.600000000 -0.251037 0.526684 59.259044 -0.001853 0.003901 -0.009600 0.999945
2.650000000 -0.259461 0.528119 60.439290 -0.002223 0.003993 -0.009293 0.999946
2.700000000 -0.225313 0.535842 61.611869 -0.001902 0.003468 -0.008618 0.999955
2.750000000 -0.227747 0.540387 62.791503 -0.001724 0.003295 -0.007350 0.999966
2.800000000 -0.223655 0.542983 63.959213 -0.001987 0.002779 -0.006833 0.999971
2.850000000 -0.205217 0.550139 65.131040 -0.002281 0.001874 -0.006307 0.999976
2.900000000 -0.189175 0.561360 66.308914 -0.001868 0.000729 -0.007240 0.999972
2.950000000 -0.173461 0.569412 67.478240 -0.001607 -0.000304 -0.007669 0.999969
3.000000000 -0.184904 0.585671 68.662595 -0.002114 -0.001009 -0.009233 0.999955
3.050000000 -0.158931 0.570300 69.842423 -0.003337 -0.002259 -0.011041 0.999931
3.100000000 -0.171382 0.607768 71.041843 -0.002862 -0.003332 -0.012147 0.999917
3.150000000 -0.162920 0.620704 72.228355 -0.001839 -0.004763 -0.013410 0.999897
3.200000000 -0.184874 0.640691 73.427633 -0.000919 -0.005715 -0.014205 0.999882
3.250000000 -0.204274 0.648454 74.644544 -0.000573 -0.006817 -0.015038 0.999864
3.300000000 -0.222346 0.663280 75.863143 0.000104 -0.008095 -0.015910 0.999841
3.350000000 -0.256277 0.643406 77.071846 0.000243 -0.008886 -0.016134 0.999830
3.400000000 -0.263526 0.647260 78.252669 -0.000214 -0.010050 -0.016213 0.999818
3.450000000 -0.301337 0.657206 79.464523 -0.001070 -0.010689 -0.016379 0.999808
3.500000000 -0.331174 0.664178 80.678518 -0.001655 -0.011455 -0.016693 0.999794
3.550000000 -0.367500 0.676871 81.868967 -0.001716 -0.012163 -0.016993 0.999780
3.600000000 -0.406404 0.672843 83.069269 -0.001780 -0.012729 -0.017183 0.999770
3.650000000 -0.238938 0.809653 84.407682 0.000289 -0.017023 -0.015850 0.999729
3.700000000 -0.427641 0.701488 85.446177 -0.003188 -0.014899 -0.016795 0.999743
3.750000000 -0.467386 0.717592 86.651004 -0.003787 -0.015765 -0.015722 0.999745
3.800000000 -0.505382 0.732695 87.840326 -0.004123 -0.016871 -0.014930 0.999738
3.850000000 -0.544655 0.748074 89.039719 -0.003644 -0.018001 -0.014793 0.999722
3.900000000 -0.594658 0.753889 90.251360 -0.002954 -0.019140 -0.015202 0.999697
3.950000000 -0.644128 0.779574 91.452080 -0.002394 -0.020209 -0.014842 0.999683
4.000000000 -0.695407 0.786891 92.638690 -0.002639 -0.020995 -0.015671 0.999653
4.050000000 -0.759014 0.792507 93.840328 -0.002463 -0.021495 -0.016044 0.999637
4.100000000 -0.826185 0.801450 95.045565 -0.002328 -0.021620 -0.015737 0.999640
4.150000000 -0.892452 0.801464 96.253235 -0.003037 -0.021620 -0.015111 0.999647
4.200000000 -0.939204 0.810510 97.461322 -0.003439 -0.021783 -0.014006 0.999659
4.250000000 -0.997043 0.832611 98.663797 -0.003267 -0.021513 -0.012767 0.999682
4.300000000 -1.047699 0.843181 99.851694 -0.003352 -0.020993 -0.011491 0.999708
4.350000000 -1.084526 0.855067 101.042636 -0.003527 -0.020313 -0.010361 0.999734
4.400000000 -1.125609 0.842962 102.206812 -0.003390 -0.019366 -0.010603 0.999750
4.450000000 -1.170845 0.852204 103.379161 -0.002501 -0.018240 -0.009610 0.999784
4.500000000 -1.204920 0.860760 104.542527 -0.001312 -0.017331 -0.009021 0.999808
4.550000000 -1.257567 0.872181 105.744840 0.000502 -0.016121 -0.009420 0.999826
4.600000000 -1.283798 0.875740 106.920590 0.001171 -0.015192 -0.009538 0.999838
4.650000000 -1.295798 0.842437 108.123778 -0.000206 -0.014462 -0.009375 0.999851
4.700000000 -1.362957 0.833795 109.338889 -0.001759 -0.013197 -0.010218 0.999859
4.750000000 -1.394876 0.847528 110.501811 -0.001819 -0.012407 -0.010328 0.999868
4.800000000 -1.443085 0.862862 111.677091 -0.001364 -0.011887 -0.009749 0.999881
4.850000000 -1.468709 0.876954 112.852182 -0.000994 -0.011957 -0.008998 0.999888
4.900000000 -1.462847 0.874488 113.991727 -0.001173 -0.012635 -0.009421 0.999875
4.950000000 -1.498324 0.890271 115.141384 -0.001242 -0.012891 -0.009524 0.999871
5.000000000 -1.541545 0.906765 116.296621 -0.001048 -0.013184 -0.010864 0.999854
5.050000000 -1.586905 0.911027 117.475472 -0.000885 -0.013451 -0.011085 0.999848
5.100000000 -1.640543 0.911746 118.642009 -0.000788 -0.013753 -0.012843 0.999823
5.150000000 -1.668522 0.931658 119.827037 -0.000308 -0.014250 -0.013644 0.999805
5.200000000 -1.696633 0.940780 120.996386 -0.000165 -0.014826 -0.014351 0.999787
5.250000000 -1.757969 0.938497 122.192956 -0.000725 -0.014859 -0.015392 0.999771
5.300000000 -1.792945 0.948510 123.380805 -0.000814 -0.015178 -0.016769 0.999744
5.350000000 -1.815814 0.949188 124.575455 -0.000443 -0.015520 -0.018160 0.999715
5.400000000 -1.841074 0.976935 125.762952 0.000351 -0.015824 -0.019857 0.999678
5.450000000 -1.903045 0.993789 126.928883 0.001092 -0.015563 -0.020640 0.999665
5.500000000 -1.939167 0.966200 128.078106 0.001053 -0.015588 -0.021424 0.999648
5.550000000 -1.987409 0.967042 129.228925 0.000762 -0.015588 -0.021870 0.999639
5.600000000 -2.018273 0.952822 130.403356 -0.000139 -0.015754 -0.022783 0.999616
5.650000000 -2.058693 0.953316 131.547159 -0.000574 -0.015521 -0.023300 0.999608
5.700000000 -2.105747 0.957692 132.723049 -0.000019 -0.015552 -0.024077 0.999589
5.750000000 -2.141147 0.966802 133.892734 0.000527 -0.015524 -0.024861 0.999570
5.800000000 -2.183211 0.976543 135.067285 0.000343 -0.015329 -0.025165 0.999566
5.850000000 -2.211794 0.971844 136.219553 -0.000330 -0.015374 -0.025248 0.999563
5.900000000 -2.221806 0.987162 137.368254 -0.001065 -0.015663 -0.024260 0.999582
5.950000000 -2.247628 0.986020 138.508811 -0.002260 -0.015673 -0.023088 0.999608
6.000000000 -2.314080 1.000823 139.632884 -0.001937 -0.015132 -0.022451 0.999632
6.050000000 -2.321653 0.995594 140.703724 -0.001165 -0.015629 -0.021577 0.999644
6.100000000 -2.357673 1.006580 141.777376 -0.000916 -0.015452 -0.020752 0.999665
6.150000000 -2.413939 1.018614 142.896820 -0.001562 -0.014820 -0.019602 0.999697
6.200000000 -2.441123 0.986457 143.975907 -0.002985 -0.014885 -0.019720 0.999690
6.250000000 -2.461928 0.993213 145.046906 -0.002866 -0.015159 -0.019141 0.999698
6.300000000 -2.498096 1.003316 146.124132 -0.002318 -0.015396 -0.018850 0.999701
6.350000000 -2.524275 1.006314 147.181040 -0.002629 -0.015431 -0.018797 0.999701
6.400000000 -2.562217 1.009744 148.221723 -0.003086 -0.015339 -0.018393 0.999708
6.450000000 -2.592598 1.009245 149.286351 -0.003856 -0.015345 -0.018271 0.999708
6.500000000 -2.623186 1.027379 150.333257 -0.003475 -0.015121 -0.018205 0.999714
6.550000000 -2.651434 1.038211 151.399286 -0.003083 -0.015089 -0.017091 0.999735
6.600000000 -2.686644 1.058974 152.459540 -0.001273 -0.014800 -0.015144 0.999775
6.650000000 -2.716478 1.075628 153.499073 0.000747 -0.014495 -0.014461 0.999790
6.700000000 -2.735538 1.082721 154.547481 0.002637 -0.014547 -0.012719 0.999810
6.750000000 -2.768145 1.073956 155.605108 0.003774 -0.014538 -0.012676 0.999807
6.800000000 -2.803215 1.068424 156.656701 0.004159 -0.014199 -0.012436 0.999813
6.850000000 -2.839787 1.072206 157.691181 0.003418 -0.013893 -0.012957 0.999814
6.900000000 -2.864329 1.063068 158.707403 0.001931 -0.013419 -0.013634 0.999815
6.950000000 -2.903620 1.053621 159.738422 0.001245 -0.012845 -0.015339 0.999799
7.000000000 -2.954548 1.048914 160.748549 0.001991 -0.011762 -0.016265 0.999797
7.050000000 -2.993881 1.039395 161.773944 0.003050 -0.010971 -0.017110 0.999789
7.100000000 -3.018451 1.023670 162.769003 0.003876 -0.010065 -0.017319 0.999792
7.150000000 -3.051281 1.031317 163.759785 0.004425 -0.009040 -0.017536 0.999796
7.200000000 -3.070764 1.017725 164.731988 0.004008 -0.008347 -0.017986 0.999795
7.250000000 -3.089740 1.000696 165.699880 0.002862 -0.007430 -0.017537 0.999815
7.300000000 -3.114201 0.997115 166.643937 0.001799 -0.006372 -0.017159 0.999831
7.350000000 -3.116486 1.001598 167.556370 0.000926 -0.005496 -0.016623 0.999846
7.400000000 -3.124982 0.991975 168.463567 0.000666 -0.004516 -0.016386 0.999855
7.450000000 -3.141478 0.989259 169.353739 0.001257 -0.003453 -0.016608 0.999855
7.500000000 -3.135500 0.983581 170.193832 0.002024 -0.002887 -0.016419 0.999859
7.550000000 -3.133422 0.974635 171.058059 0.002844 -0.002176 -0.016775 0.999853
7.600000000 -3.136790 0.967694 171.928932 0.003276 -0.001508 -0.017380 0.999842
7.650000000 -3.151390 0.959412 172.779518 0.003380 -0.000632 -0.017281 0.999845
7.700000000 -3.157718 0.954850 173.589675 0.002771 0.000010 -0.016550 0.999859
7.750000000 -3.157894 0.935628 174.374535 0.002199 0.000405 -0.015587 0.999876
7.800000000 -3.159585 0.932165 175.150877 0.002215 0.000887 -0.015927 0.999870
7.850000000 -3.158552 0.933993 175.915017 0.003441 0.001295 -0.015948 0.999866
7.900000000 -3.161861 0.927412 176.649844 0.004230 0.001609 -0.016064 0.999861
7.950000000 -3.149135 0.919314 177.358630 0.005063 0.001974 -0.014975 0.999873
8.000000000 -3.143424 0.907860 178.060138 0.004629 0.002493 -0.014791 0.999877
8.050000000 -3.140850 0.914018 178.751461 0.004556 0.003120 -0.015334 0.999867
8.100000000 -3.146395 0.894901 179.373604 0.003917 0.004016 -0.015570 0.999863
8.150000000 -3.127784 0.901134 180.044865 0.004193 0.004563 -0.015564 0.999860
8.200000000 -3.128214 0.896158 180.665960 0.004838 0.005753 -0.015885 0.999846
8.250000000 -3.115344 0.884495 181.288149 0.005869 0.007071 -0.015763 0.999834
8.300000000 -3.091890 0.870599 181.898132 0.006651 0.008278 -0.015010 0.999831
8.350000000 -3.081037 0.866651 182.482824 0.006654 0.009800 -0.014412 0.999826
8.400000000 -3.024759 0.870357 183.066532 0.006502 0.010777 -0.013968 0.999823
8.450000000 -3.013774 0.861545 183.626092 0.006409 0.012374 -0.014948 0.999791
8.500000000 -2.981198 0.858037 184.159084 0.006368 0.013610 -0.015078 0.999773
8.550000000 -2.943011 0.836753 184.673182 0.005632 0.014710 -0.014886 0.999765
8.600000000 -2.927938 0.838022 185.179821 0.005620 0.016055 -0.014684 0.999747
8.650000000 -2.929432 0.844287 185.657461 0.005744 0.017785 -0.013821 0.999730
8.700000000 -2.916743 0.844458 186.132730 0.005226 0.018872 -0.013463 0.999718
8.750000000 -2.881325 0.840837 186.625327 0.005507 0.019236 -0.014477 0.999695
8.800000000 -2.851407 0.828369 187.099741 0.006206 0.019409 -0.015537 0.999672
8.850000000 -2.824873 0.820145 187.526013 0.006477 0.019123 -0.016202 0.999665
8.900000000 -2.817924 0.811746 187.948190 0.006139 0.018673 -0.016492 0.999671
8.950000000 -2.824225 0.799346 188.357911 0.005889 0.017739 -0.016487 0.999689
9.000000000 -2.822238 0.792263 188.732433 0.006086 0.016443 -0.017106 0.999700
9.050000000 -2.821127 0.786619 189.083350 0.006126 0.014733 -0.017935 0.999712
9.100000000 -2.830170 0.795446 189.427026 0.005358 0.012553 -0.019191 0.999723
9.150000000 -2.818654 0.778821 189.725369 0.004275 0.009452 -0.020474 0.999737
9.200000000 -2.824985 0.773793 190.010684 0.003870 0.006073 -0.021010 0.999753
9.250000000 -2.833075 0.771182 190.282340 0.003660 0.002075 -0.021747 0.999755
9.300000000 -2.840187 0.768126 190.533996 0.003599 -0.002410 -0.022171 0.999745
9.350000000 -2.872750 0.765277 190.748684 0.003600 -0.006861 -0.023044 0.999704
9.400000000 -2.898473 0.767136 190.958845 0.003541 -0.011643 -0.023749 0.999644
9.450000000 -2.912722 0.766346 191.150329 0.003397 -0.016568 -0.024453 0.999558
9.500000000 -2.942296 0.761430 191.313237 0.003105 -0.021003 -0.025046 0.999461
9.550000000 -2.962046 0.762054 191.470439 0.002781 -0.025728 -0.025791 0.999332
9.600000000 -2.982693 0.761608 191.619187 0.003134 -0.031096 -0.026401 0.999163
9.650000000 -3.016168 0.760829 191.756961 0.003942 -0.036600 -0.027024 0.998957
9.700000000 -3.042450 0.761991 191.899553 0.004327 -0.042529 -0.027350 0.998711
9.750000000 -3.069311 0.763745 192.045990 0.003941 -0.049182 -0.027575 0.998401
9.800000000 -3.109261 0.762633 192.185388 0.003172 -0.055548 -0.027825 0.998063
9.850000000 -3.140030 0.762790 192.319453 0.002629 -0.062144 -0.028395 0.997660
9.900000000 -3.204427 0.777346 192.497785 0.002477 -0.068638 -0.028932 0.997219
9.950000000 -3.232550 0.763352 192.591391 0.001659 -0.075980 -0.029217 0.996680
10.000000000 -3.273306 0.756741 192.704276 0.001303 -0.083246 -0.029123 0.996103
10.050000000 -3.319772 0.761347 192.850156 0.001660 -0.091487 -0.029111 0.995379
10.100000000 -3.382746 0.766687 192.996122 0.002399 -0.100349 -0.028896 0.994530
10.150000000 -3.439090 0.769800 193.162957 0.003166 -0.110446 -0.028521 0.993468
10.200000000 -3.504832 0.771426 193.339143 0.003506 -0.121609 -0.028335 0.992167
10.250000000 -3.582507 0.776848 193.537270 0.003201 -0.134140 -0.028127 0.990558
10.300000000 -3.675660 0.781995 193.746227 0.002690 -0.147788 -0.028400 0.988608
10.350000000 -3.779429 0.784441 193.973287 0.002112 -0.162994 -0.028804 0.986204
10.400000000 -3.904333 0.791340 194.210318 0.001362 -0.179148 -0.029075 0.983391
10.450000000 -4.032467 0.797630 194.448914 0.000432 -0.196423 -0.028859 0.980094
10.500000000 -4.177403 0.806392 194.711414 -0.000734 -0.214633 -0.028099 0.976290
10.550000000 -4.346471 0.822373 194.982538 -0.001694 -0.233746 -0.027433 0.971909
10.600000000 -4.536023 0.830923 195.256350 -0.002460 -0.253684 -0.027295 0.966899
10.650000000 -4.745695 0.850011 195.525337 -0.003385 -0.274113 -0.027277 0.961305
10.700000000 -4.968269 0.864768 195.813062 -0.004709 -0.295474 -0.027273 0.954950
10.750000000 -5.220815 0.882900 196.091987 -0.005687 -0.316982 -0.027668 0.948011
10.800000000 -5.491761 0.902957 196.366984 -0.006625 -0.338547 -0.028367 0.940498
10.850000000 -5.791427 0.933499 196.661805 -0.007127 -0.359970 -0.029318 0.932476
10.900000000 -6.100280 0.956977 196.925100 -0.007343 -0.380867 -0.029895 0.924117
10.950000000 -6.448586 0.980203 197.213722 -0.008163 -0.400924 -0.029839 0.915589
11.000000000 -6.816381 1.012065 197.507809 -0.009956 -0.420223 -0.029227 0.906896
11.050000000 -7.203464 1.045610 197.781230 -0.012267 -0.438599 -0.028630 0.898143
11.100000000 -7.612606 1.082804 198.057001 -0.014409 -0.456527 -0.028469 0.889137
11.150000000 -8.035040 1.110826 198.300009 -0.016445 -0.474258 -0.028233 0.879780
11.200000000 -8.486076 1.149549 198.554047 -0.018742 -0.492365 -0.026969 0.869769
11.250000000 -8.972091 1.188330 198.798682 -0.021691 -0.510857 -0.026710 0.858977
11.300000000 -9.472631 1.223926 199.011527 -0.024782 -0.529048 -0.025538 0.847845
11.350000000 -10.009078 1.263562 199.242558 -0.025901 -0.546821 -0.025050 0.836474
11.400000000 -10.577485 1.322105 199.429199 -0.024827 -0.563634 -0.025499 0.825257
11.450000000 -11.164065 1.377566 199.611648 -0.024576 -0.579172 -0.024534 0.814466
11.500000000 -11.737179 1.427730 199.767934 -0.024432 -0.592712 -0.022793 0.804721
11.550000000 -12.328659 1.476905 199.934777 -0.023655 -0.604985 -0.020660 0.795617
11.600000000 -12.973850 1.524263 200.070969 -0.023131 -0.616207 -0.019995 0.786991
11.650000000 -13.640203 1.578920 200.203254 -0.022180 -0.626797 -0.020443 0.778599
11.700000000 -14.318582 1.633425 200.320235 -0.022134 -0.637239 -0.019891 0.770092
11.750000000 -15.066619 1.680089 200.427259 -0.023008 -0.647676 -0.020112 0.761303
11.800000000 -15.787447 1.738349 200.517062 -0.024135 -0.657527 -0.020129 0.752775
11.850000000 -16.555038 1.790105 200.575123 -0.024010 -0.666343 -0.021822 0.744939
11.900000000 -17.317533 1.847270 200.622238 -0.023458 -0.673991 -0.023761 0.737985
11.950000000 -18.096659 1.908326 200.677409 -0.023337 -0.680792 -0.024890 0.731681
12.000000000 -18.892180 1.969497 200.704783 -0.022840 -0.686303 -0.025293 0.726517
12.050000000 -19.636855 2.015802 200.724478 -0.022824 -0.690858 -0.025298 0.722187
12.100000000 -20.438990 2.079580 200.744022 -0.022465 -0.694215 -0.025278 0.718972
12.150000000 -21.247706 2.141409 200.758178 -0.022373 -0.696862 -0.025721 0.716395
12.200000000 -22.087286 2.202615 200.768747 -0.023114 -0.698788 -0.025919 0.714485
12.250000000 -22.961861 2.280010 200.767370 -0.023455 -0.700246 -0.026070 0.713039
12.300000000 -23.785386 2.338201 200.784072 -0.024585 -0.701767 -0.026721 0.711480
12.350000000 -24.651051 2.407777 200.791081 -0.026107 -0.703108 -0.026998 0.710090
12.400000000 -25.531768 2.471023 200.801628 -0.027033 -0.704465 -0.027068 0.708707
12.450000000 -26.379689 2.535242 200.805748 -0.026595 -0.705569 -0.026284 0.707654
12.500000000 -27.285744 2.615685 200.800462 -0.024740 -0.706241 -0.024980 0.707098
12.550000000 -28.189588 2.682976 200.790507 -0.022969 -0.706416 -0.023539 0.707033
12.600000000 -29.081725 2.734443 200.795702 -0.021986 -0.706478 -0.022326 0.707041
12.650000000 -30.008867 2.797205 200.797631 -0.020804 -0.706254 -0.022873 0.707283
12.700000000 -30.937607 2.855103 200.797409 -0.020579 -0.705635 -0.023348 0.707891
12.750000000 -31.834935 2.937680 200.804747 -0.021328 -0.705057 -0.024702 0.708399
12.800000000 -32.819477 3.023983 200.798669 -0.022444 -0.704193 -0.026660 0.709153
12.850000000 -33.779870 3.101854 200.795192 -0.022818 -0.703342 -0.027950 0.709935
12.900000000 -34.715288 3.171404 200.800679 -0.022918 -0.702775 -0.027663 0.710505
12.950000000 -35.668855 3.238818 200.809318 -0.022822 -0.702102 -0.026940 0.711200
13.000000000 -36.630011 3.310035 200.825364 -0.023410 -0.701354 -0.025766 0.711962
13.050000000 -37.567135 3.371624 200.865373 -0.023650 -0.701008 -0.026117 0.712283
13.100000000 -38.552159 3.441403 200.884908 -0.024034 -0.700290 -0.026318 0.712968
13.150000000 -39.532520 3.519875 200.908040 -0.023971 -0.699681 -0.026250 0.713571
13.200000000 -40.517353 3.590135 200.927113 -0.023870 -0.699108 -0.025481 0.714163
13.250000000 -41.506109 3.652542 200.961623 -0.023120 -0.698507 -0.025445 0.714777
13.300000000 -42.527471 3.724955 200.991128 -0.023338 -0.697972 -0.025297 0.715298
13.350000000 -43.557955 3.797885 201.018904 -0.023723 -0.697331 -0.026156 0.715879
13.400000000 -44.603808 3.862956 201.066906 -0.023969 -0.696782 -0.027219 0.716366
13.450000000 -45.648612 3.953758 201.099436 -0.023424 -0.696298 -0.027868 0.716829
13.500000000 -46.691055 4.036512 201.127996 -0.022834 -0.695750 -0.027785 0.717383
13.550000000 -47.691254 4.119121 201.163853 -0.022165 -0.695409 -0.028291 0.717715
13.600000000 -48.777213 4.207053 201.191687 -0.022107 -0.694697 -0.029181 0.718370
13.650000000 -49.845533 4.293807 201.217616 -0.021891 -0.693994 -0.031352 0.718965
13.700000000 -50.914294 4.372908 201.254429 -0.021878 -0.693087 -0.032587 0.719785
13.750000000 -51.929618 4.470498 201.314349 -0.022043 -0.692196 -0.032332 0.720648
13.800000000 -53.012714 4.553925 201.337939 -0.022261 -0.690846 -0.032067 0.721947
13.850000000 -54.072869 4.636687 201.405356 -0.022745 -0.689917 -0.031760 0.722834
13.900000000 -55.111711 4.717605 201.454624 -0.022752 -0.688911 -0.030605 0.723842
13.950000000 -56.177897 4.799637 201.526128 -0.021281 -0.688243 -0.029847 0.724553
14.000000000 -57.220101 4.870508 201.571587 -0.017924 -0.687247 -0.029639 0.725597
14.050000000 -58.268964 4.939909 201.629589 -0.015401 -0.686388 -0.029715 0.726465
14.100000000 -59.321774 4.997786 201.682119 -0.016833 -0.685099 -0.029678 0.727650
14.150000000 -60.390876 5.066106 201.762206 -0.019755 -0.684104 -0.031990 0.728415
14.200000000 -61.457170 5.156434 201.829990 -0.024451 -0.682810 -0.032964 0.729442
14.250000000 -62.522173 5.243545 201.895617 -0.026414 -0.681895 -0.033058 0.730225
14.300000000 -63.570579 5.323645 201.986553 -0.026925 -0.681034 -0.031104 0.731095
14.350000000 -64.612536 5.390329 202.052155 -0.025778 -0.679956 -0.030028 0.732184
14.400000000 -65.673334 5.481182 202.117921 -0.023852 -0.678912 -0.030543 0.733196
14.450000000 -66.728683 5.563423 202.212422 -0.022909 -0.678184 -0.029126 0.733957
14.500000000 -67.771611 5.635647 202.288333 -0.020970 -0.677444 -0.027517 0.734761
14.550000000 -68.822349 5.719369 202.394722 -0.018827 -0.676724 -0.025854 0.735542
14.600000000 -69.873425 5.787833 202.483719 -0.017795 -0.675920 -0.025607 0.736315
14.650000000 -70.962230 5.858248 202.572460 -0.018068 -0.674860 -0.026748 0.737240
14.700000000 -72.042765 5.929538 202.659790 -0.018547 -0.673792 -0.028155 0.738152
14.750000000 -73.085365 5.976122 202.763515 -0.019455 -0.672699 -0.028278 0.739119
14.800000000 -74.109453 6.042961 202.920923 -0.020111 -0.672184 -0.028132 0.739576
14.850000000 -75.268453 6.157182 202.951701 -0.021031 -0.670865 -0.027369 0.740776
14.900000000 -76.380926 6.249104 203.044950 -0.021517 -0.669842 -0.027785 0.741671
14.950000000 -77.454640 6.315739 203.168165 -0.021796 -0.668861 -0.028220 0.742532
15.000000000 -78.532126 6.386149 203.293368 -0.021532 -0.667994 -0.028938 0.743292
15.050000000 -79.662332 6.486529 203.394041 -0.021195 -0.666881 -0.028875 0.744303
15.100000000 -80.734810 6.575824 203.511573 -0.020475 -0.665995 -0.029408 0.745095
15.150000000 -81.832210 6.661672 203.622712 -0.020051 -0.664907 -0.029538 0.746073
15.200000000 -82.948919 6.745536 203.714677 -0.019654 -0.663716 -0.029408 0.747148
15.250000000 -84.073872 6.830032 203.840206 -0.018982 -0.662641 -0.029482 0.748116
15.300000000 -85.180449 6.924309 203.975767 -0.019279 -0.661695 -0.028789 0.748972
15.350000000 -86.281756 7.006281 204.094070 -0.019723 -0.660704 -0.028545 0.749844
15.400000000 -87.340792 7.063904 204.245925 -0.020177 -0.659949 -0.028526 0.750498
15.450000000 -88.423573 7.119866 204.361604 -0.020696 -0.658837 -0.028448 0.751462
15.500000000 -89.534892 7.192327 204.515603 -0.021523 -0.658174 -0.028740 0.752009
15.550000000 -90.560767 7.290355 204.699721 -0.021655 -0.657760 -0.028735 0.752368
15.600000000 -91.627059 7.370623 204.839097 -0.021155 -0.657003 -0.028514 0.753052
15.650000000 -92.717752 7.435857 204.972810 -0.020434 -0.656138 -0.028607 0.753821
15.700000000 -93.787428 7.534736 205.118777 -0.019278 -0.655523 -0.028777 0.754380
15.750000000 -94.827735 7.603320 205.279937 -0.018608 -0.654929 -0.029028 0.754904
15.800000000 -95.880364 7.710655 205.398490 -0.017348 -0.654045 -0.028682 0.755713
15.850000000 -96.925783 7.756711 205.559719 -0.017329 -0.653256 -0.029180 0.756376
15.900000000 -97.979633 7.826675 205.713317 -0.018078 -0.652486 -0.029715 0.757002
15.950000000 -99.031250 7.893563 205.876289 -0.019190 -0.651597 -0.029521 0.757748
16.000000000 -100.067544 7.968627 206.030826 -0.019860 -0.650809 -0.029141 0.758422
16.050000000 -101.114695 8.032438 206.208156 -0.020150 -0.650190 -0.028479 0.758971
16.100000000 -102.142573 8.105187 206.346581 -0.020252 -0.649258 -0.028539 0.759763
16.150000000 -103.150309 8.173985 206.515902 -0.019936 -0.648584 -0.028761 0.760338
16.200000000 -104.157818 8.247924 206.673835 -0.019579 -0.647863 -0.029517 0.760933
16.250000000 -105.164946 8.316559 206.835146 -0.019216 -0.647091 -0.030238 0.761570
16.300000000 -106.182487 8.394238 206.963839 -0.018874 -0.646005 -0.030820 0.762477
16.350000000 -107.180822 8.480595 207.116666 -0.018986 -0.644980 -0.030825 0.763341
16.400000000 -108.186505 8.534644 207.292904 -0.019277 -0.644149 -0.031514 0.764007
16.450000000 -109.170948 8.613229 207.467890 -0.020400 -0.643274 -0.031041 0.764735
16.500000000 -110.152433 8.679850 207.647065 -0.020893 -0.642465 -0.030808 0.765410
16.550000000 -111.152570 8.748840 207.817482 -0.021218 -0.641394 -0.029742 0.766341
16.600000000 -112.144212 8.815713 207.986037 -0.021301 -0.640066 -0.028776 0.767485
16.650000000 -113.123898 8.897197 208.165285 -0.020048 -0.638708 -0.028422 0.768663
16.700000000 -114.080380 8.963022 208.361189 -0.020665 -0.636859 -0.027837 0.770200
16.750000000 -115.055519 9.039254 208.545041 -0.020511 -0.634885 -0.027390 0.771849
16.800000000 -116.011850 9.105869 208.728245 -0.020298 -0.632844 -0.026916 0.773545
16.850000000 -116.942958 9.172487 208.922477 -0.019543 -0.630918 -0.025937 0.775170
16.900000000 -117.894266 9.237040 209.117516 -0.019086 -0.628895 -0.026228 0.776813
16.950000000 -118.821268 9.320467 209.321581 -0.019708 -0.626790 -0.026444 0.778490
17.000000000 -119.767445 9.386680 209.522750 -0.020324 -0.624847 -0.027330 0.780004
17.050000000 -120.693047 9.463068 209.733806 -0.020894 -0.623114 -0.027254 0.781377
17.100000000 -121.613568 9.510410 209.948785 -0.021421 -0.621586 -0.026494 0.782605
17.150000000 -122.519409 9.576398 210.157218 -0.021245 -0.620178 -0.024931 0.783777
17.200000000 -123.423561 9.638465 210.364206 -0.020231 -0.618957 -0.023917 0.784800
17.250000000 -124.318042 9.698409 210.548642 -0.019044 -0.617799 -0.023437 0.785756
17.300000000 -125.247251 9.745332 210.770827 -0.018774 -0.617138 -0.023538 0.786279
17.350000000 -126.128510 9.783588 211.018989 -0.018694 -0.616759 -0.024723 0.786541
17.400000000 -127.019484 9.830025 211.232916 -0.019249 -0.615991 -0.025524 0.787104
17.450000000 -127.854451 9.868557 211.462003 -0.019452 -0.615622 -0.026291 0.787362
17.500000000 -128.679206 9.917366 211.649124 -0.019748 -0.614892 -0.026151 0.787930
17.550000000 -129.518725 9.972591 211.860756 -0.020099 -0.614751 -0.025903 0.788039
17.600000000 -130.288421 10.020817 212.083879 -0.020624 -0.615234 -0.025309 0.787668
17.650000000 -131.067706 10.077466 212.266626 -0.020903 -0.615591 -0.025199 0.787385
17.700000000 -131.853405 10.116421 212.476459 -0.020843 -0.616245 -0.024979 0.786882
17.750000000 -132.615952 10.147707 212.701889 -0.021032 -0.617014 -0.024748 0.786281
17.800000000 -133.406721 10.181985 213.080008 -0.020944 -0.619261 -0.024914 0.784510
17.850000000 -134.089960 10.264278 213.052444 -0.019259 -0.617868 -0.025253 0.785641
17.900000000 -134.817770 10.298075 213.247878 -0.019366 -0.618666 -0.025233 0.785010
17.950000000 -135.525994 10.343867 213.397587 -0.018899 -0.619219 -0.025209 0.784586
18.000000000 -136.216730 10.378468 213.565108 -0.018895 -0.620232 -0.024295 0.783814
18.050000000 -136.899417 10.420455 213.730760 -0.018901 -0.621836 -0.023077 0.782579
18.100000000 -137.588805 10.456460 213.897878 -0.019500 -0.623560 -0.022658 0.781203
18.150000000 -138.245480 10.496989 214.044597 -0.020172 -0.625019 -0.023079 0.780008
18.200000000 -138.880937 10.533261 214.183224 -0.020482 -0.626409 -0.023955 0.778857
18.250000000 -139.534418 10.582192 214.317859 -0.021790 -0.627691 -0.023999 0.777787
18.300000000 -140.182550 10.624901 214.443597 -0.022210 -0.628895 -0.023125 0.776829
18.350000000 -140.822388 10.672085 214.568380 -0.022595 -0.630049 -0.022924 0.775888
18.400000000 -141.443110 10.709307 214.697205 -0.022550 -0.631307 -0.023052 0.774862
18.450000000 -142.010215 10.740738 214.796189 -0.022552 -0.632291 -0.023448 0.774048
18.500000000 -142.557448 10.762030 214.926319 -0.022831 -0.633616 -0.023585 0.772951
18.550000000 -143.089739 10.794788 215.037684 -0.022999 -0.634836 -0.023620 0.771944
18.600000000 -143.612763 10.826942 215.120196 -0.023061 -0.635529 -0.023484 0.771375
18.650000000 -144.112788 10.854534 215.195343 -0.023111 -0.636002 -0.023758 0.770975
18.700000000 -144.599800 10.885922 215.286444 -0.022612 -0.636247 -0.024290 0.770772
18.750000000 -145.120637 10.911312 215.420438 -0.021825 -0.636320 -0.024869 0.770715
18.800000000 -145.565887 10.941715 215.508689 -0.021152 -0.635682 -0.025117 0.771252
18.850000000 -145.976896 10.968429 215.584125 -0.021284 -0.634426 -0.024286 0.772309
18.900000000 -146.376985 10.998146 215.680119 -0.021510 -0.633058 -0.023274 0.773456
18.950000000 -146.749285 11.038124 215.789985 -0.022123 -0.631729 -0.022053 0.774559
19.000000000 -147.077622 11.058082 215.863603 -0.022619 -0.630156 -0.022125 0.775824
19.050000000 -147.388599 11.079829 215.930925 -0.022699 -0.628702 -0.022875 0.776979
19.100000000 -146.834088 10.856840 216.102461 -0.025990 -0.627318 -0.024904 0.777931
19.150000000 -148.042090 11.084852 215.885446 -0.023992 -0.624664 -0.022606 0.780197
19.200000000 -148.332873 11.184874 216.023012 -0.023969 -0.624224 -0.021234 0.780589
19.250000000 -148.556372 11.214787 216.073850 -0.024209 -0.623284 -0.021349 0.781329
19.300000000 -148.784432 11.236453 216.117414 -0.023690 -0.622350 -0.021935 0.782073
19.350000000 -148.995934 11.256545 216.165549 -0.023181 -0.621510 -0.022999 0.782726
19.400000000 -149.175411 11.267071 216.204333 -0.022607 -0.620803 -0.023634 0.783284
19.450000000 -149.329213 11.273653 216.245502 -0.022239 -0.620066 -0.022628 0.783908
19.500000000 -149.472085 11.281376 216.285483 -0.022620 -0.619356 -0.021258 0.784496
19.550000000 -149.626970 11.290272 216.333692 -0.023396 -0.619004 -0.020701 0.784766
19.600000000 -149.749203 11.299167 216.354713 -0.023307 -0.618455 -0.021491 0.785181
19.650000000 -149.848109 11.305302 216.375849 -0.022603 -0.617977 -0.021873 0.785567
19.700000000 -149.942429 11.313149 216.399133 -0.022070 -0.617552 -0.021375 0.785929
19.750000000 -150.028725 11.319745 216.420956 -0.022014 -0.617156 -0.020831 0.786257
19.800000000 -150.106334 11.326372 216.441110 -0.021964 -0.616833 -0.020653 0.786517
19.850000000 -150.178480 11.331034 216.460129 -0.021629 -0.616544 -0.020446 0.786757
19.900000000 -150.244628 11.336081 216.478101 -0.021515 -0.616254 -0.020146 0.786996
19.950000000 -150.304684 11.341140 216.494252 -0.021624 -0.616018 -0.020102 0.787179
20.000000000 -150.352713 11.345037 216.505682 -0.021599 -0.615854 -0.020234 0.787304
20.050000000 -150.392031 11.346247 216.514803 -0.021585 -0.615713 -0.020362 0.787411
20.100000000 -150.420394 11.345710 216.524307 -0.021804 -0.615627 -0.020336 0.787473
20.150000000 -150.437305 11.345913 216.530070 -0.022067 -0.615593 -0.020205 0.787496
20.200000000 -150.442330 11.345325 216.531593 -0.022196 -0.615566 -0.020142 0.787515
20.250000000 -150.437469 11.344983 216.529984 -0.022052 -0.615558 -0.020239 0.787523
20.300000000 -150.430593 11.342522 216.526776 -0.021340 -0.615584 -0.020088 0.787526
20.350000000 -150.430157 11.340965 216.532035 -0.020610 -0.615654 -0.019575 0.787504
20.400000000 -150.446451 11.342650 216.541534 -0.020698 -0.615721 -0.019508 0.787451
20.450000000 -150.444949 11.344191 216.541292 -0.020972 -0.615719 -0.019522 0.787444
20.500000000 -150.445551 11.343860 216.541401 -0.020853 -0.615707 -0.019390 0.787460
20.550000000 -150.445652 11.342706 216.542349 -0.020930 -0.615719 -0.019551 0.787445
20.600000000 -150.445444 11.342298 216.542893 -0.020975 -0.615726 -0.019649 0.787436
20.650000000 -150.443847 11.341467 216.542500 -0.020898 -0.615717 -0.019515 0.787448
20.700000000 -150.443951 11.341632 216.542973 -0.020963 -0.615727 -0.019609 0.787436
20.750000000 -150.444400 11.340918 216.543285 -0.020972 -0.615734 -0.019592 0.787431
20.800000000 -150.443829 11.340317 216.543352 -0.020931 -0.615735 -0.019598 0.787431
20.850000000 -150.444171 11.341214 216.543390 -0.020952 -0.615744 -0.019575 0.787425
20.900000000 -150.443979 11.341764 216.542907 -0.020961 -0.615740 -0.019565 0.787427
20.950000000 -150.443337 11.341661 216.542028 -0.020950 -0.615732 -0.019571 0.787434
21.000000000 -150.442685 11.342204 216.541462 -0.020918 -0.615730 -0.019590 0.787436
21.050000000 -150.442420 11.343486 216.541113 -0.020918 -0.615732 -0.019571 0.787435
21.100000000 -150.442123 11.343656 216.541150 -0.020916 -0.615725 -0.019560 0.787441
21.150000000 -150.441447 11.343802 216.540318 -0.020916 -0.615733 -0.019569 0.787434
21.200000000 -150.442397 11.343960 216.540535 -0.020902 -0.615724 -0.019559 0.787442
21.250000000 -150.443115 11.344397 216.540649 -0.020914 -0.615730 -0.019570 0.787437
21.300000000 -150.443424 11.344303 216.540949 -0.020934 -0.615732 -0.019541 0.787435
21.350000000 -150.444618 11.344343 216.541477 -0.020914 -0.615733 -0.019552 0.787435
21.400000000 -150.444454 11.344167 216.541261 -0.020929 -0.615735 -0.019571 0.787432
21.450000000 -150.445153 11.344289 216.541387 -0.020940 -0.615726 -0.019573 0.787439
21.500000000 -150.444824 11.344358 216.540896 -0.020936 -0.615720 -0.019555 0.787444
21.550000000 -150.445026 11.344400 216.540929 -0.020930 -0.615724 -0.019579 0.787440
21.600000000 -150.445896 11.344460 216.540754 -0.020924 -0.615719 -0.019574 0.787445
21.650000000 -150.445726 11.344572 216.540902 -0.020932 -0.615721 -0.019576 0.787443
21.700000000 -150.445202 11.344510 216.540922 -0.020922 -0.615717 -0.019569 0.787447
21.750000000 -150.445158 11.344647 216.540791 -0.020923 -0.615712 -0.019561 0.787451
21.800000000 -150.445731 11.344908 216.540808 -0.020922 -0.615713 -0.019600 0.787449
21.850000000 -150.444462 11.344486 216.540917 -0.020916 -0.615720 -0.019564 0.787445
21.900000000 -150.444828 11.344726 216.541269 -0.020924 -0.615721 -0.019576 0.787443
21.950000000 -150.444374 11.344151 216.540941 -0.020926 -0.615717 -0.019578 0.787446
22.000000000 -150.443304 11.343885 216.541068 -0.020923 -0.615724 -0.019585 0.787440
22.050000000 -150.443098 11.344048 216.541269 -0.020934 -0.615730 -0.019580 0.787436
22.100000000 -150.443250 11.343900 216.541214 -0.020924 -0.615726 -0.019570 0.787440
22.150000000 -150.443791 11.343970 216.541365 -0.020945 -0.615735 -0.019576 0.787431
22.200000000 -150.443753 11.343526 216.541421 -0.020941 -0.615733 -0.019561 0.787433
22.250000000 -150.444154 11.343833 216.541690 -0.020937 -0.615742 -0.019551 0.787427
