0.500000000 0.229114 0.013808 12.712460 0.002220 0.018404 -0.002649 0.999825
0.550000000 0.276655 0.020276 13.937695 0.004265 0.019507 -0.002397 0.999798
0.600000000 0.345542 -0.007822 15.210460 0.003852 0.020644 -0.000865 0.999779
0.650000000 0.411911 -0.018158 16.499934 0.003061 0.021511 -0.000304 0.999764
0.700000000 0.475559 -0.021609 17.750810 0.001878 0.022671 0.001004 0.999741
0.750000000 0.540922 -0.016867 19.020397 0.000881 0.023953 0.000887 0.999712
0.800000000 0.601512 -0.009669 20.277493 0.001133 0.025946 0.001623 0.999661
0.850000000 0.655329 -0.004444 21.557554 0.001965 0.028116 0.001172 0.999602
0.900000000 0.723781 -0.013300 22.848557 0.002314 0.030027 0.000982 0.999546
0.950000000 0.786585 -0.008200 24.107257 0.001125 0.032018 0.001618 0.999485
1.000000000 0.852017 -0.011725 25.386931 0.000227 0.034167 0.001698 0.999415
1.050000000 0.948396 -0.010204 26.624697 0.000206 0.035543 0.002008 0.999366
1.100000000 1.033385 -0.010259 27.896725 0.001647 0.036720 0.002700 0.999321
1.150000000 1.125739 -0.007214 29.160204 0.001971 0.037297 0.002720 0.999299
1.200000000 1.219202 -0.008479 30.398684 0.002467 0.037793 0.002322 0.999280
1.250000000 1.297356 -0.008395 31.640529 0.003257 0.038218 0.000505 0.999264
1.300000000 1.395398 -0.022928 32.865526 0.005164 0.038631 0.000712 0.999240
1.350000000 1.495819 -0.030689 34.089590 0.004793 0.039098 0.002208 0.999221
1.400000000 1.588225 -0.045766 35.322806 0.002850 0.039470 0.001691 0.999215
1.450000000 1.692963 -0.062484 36.557902 0.001061 0.039803 0.003250 0.999202
1.500000000 1.790801 -0.052002 37.799385 0.000693 0.040384 0.004294 0.999175
1.550000000 1.892249 -0.045857 39.029253 0.000742 0.041226 0.003824 0.999142
1.600000000 1.992639 -0.047254 40.278747 0.000389 0.041413 0.002594 0.999139
1.650000000 2.088987 -0.057106 41.495743 0.001046 0.041885 0.002505 0.999119
1.700000000 2.176360 -0.060337 42.676550 0.001416 0.042645 0.001937 0.999087
1.750000000 2.277795 -0.052423 43.905059 0.001114 0.043431 0.001769 0.999054
1.800000000 2.383643 -0.054670 45.140740 0.000114 0.044567 0.001139 0.999006
1.850000000 2.482020 -0.059526 46.379156 -0.000034 0.046099 0.001186 0.998936
1.900000000 2.575572 -0.068769 47.575001 0.000640 0.047686 0.001053 0.998862
1.950000000 2.678390 -0.061323 48.789015 0.000778 0.049335 0.000988 0.998782
2.000000000 2.772603 -0.064590 50.000423 0.000358 0.050987 0.000494 0.998699
2.050000000 2.888617 -0.077749 51.221919 0.000232 0.052716 0.000222 0.998609
2.100000000 3.507256 -0.002683 49.466072 -0.000113 0.049272 -0.002039 0.998783
2.150000000 3.127778 -0.073257 53.595867 0.000868 0.055866 -0.000121 0.998438
2.200000000 3.248317 -0.067011 54.819718 0.001204 0.057328 0.000568 0.998355
2.250000000 3.381635 -0.070412 55.990099 0.002002 0.058757 0.000609 0.998270
2.300000000 3.507216 -0.071621 57.168482 0.003284 0.060460 0.000885 0.998165
2.350000000 3.652432 -0.082133 58.362802 0.003322 0.061964 0.000554 0.998073
2.400000000 3.799857 -0.089835 59.565708 0.002644 0.063743 -0.000068 0.997963
2.450000000 3.921622 -0.091480 60.782427 0.003078 0.066041 0.000407 0.997812
2.500000000 4.074909 -0.084521 61.961655 0.002577 0.067685 0.000210 0.997703
2.550000000 4.228229 -0.089136 63.126708 0.001990 0.070068 -0.000345 0.997540
2.600000000 4.375841 -0.100405 64.353050 0.001868 0.072853 0.000257 0.997341
2.650000000 4.551426 -0.076163 65.593090 0.002517 0.075119 -0.000637 0.997171
2.700000000 4.724238 -0.074338 66.747160 0.002469 0.077907 -0.000070 0.996958
2.750000000 4.907095 -0.095028 67.939291 0.002234 0.080522 0.000507 0.996750
2.800000000 5.094266 -0.094943 69.066194 0.002015 0.083070 0.000555 0.996542
2.850000000 5.292881 -0.098459 70.280461 0.002239 0.085603 0.000896 0.996326
2.900000000 5.496062 -0.102463 71.405762 0.003395 0.088444 0.001632 0.996074
2.950000000 5.697251 -0.100984 72.560552 0.003569 0.091338 0.000530 0.995813
3.000000000 5.919899 -0.090854 73.717522 0.002990 0.094133 0.000271 0.995555
3.050000000 6.128179 -0.104771 74.807520 0.002161 0.096829 0.000021 0.995299
3.100000000 6.340977 -0.103470 75.909372 0.001298 0.099787 -0.000663 0.995008
3.150000000 6.565241 -0.116125 76.999685 0.001136 0.102163 0.000710 0.994767
3.200000000 6.761366 -0.128397 78.081985 0.001268 0.104410 0.001549 0.994532
3.250000000 7.001352 -0.118787 79.162352 0.002586 0.106094 0.002056 0.994351
3.300000000 7.232637 -0.130157 80.230962 0.003334 0.107685 0.003601 0.994173
3.350000000 7.466158 -0.144642 81.252709 0.002685 0.109152 0.004023 0.994013
3.400000000 7.678799 -0.153964 82.240376 0.001313 0.110674 0.004653 0.993845
3.450000000 7.895058 -0.160699 83.211854 0.000601 0.111799 0.004657 0.993720
3.500000000 6.838388 -0.212763 79.495175 -0.000808 0.114490 0.006209 0.993405
3.550000000 8.213295 -0.104970 85.024851 0.001980 0.114234 0.005329 0.993438
3.600000000 8.480865 -0.156540 86.084908 0.002671 0.114661 0.005822 0.993384
3.650000000 8.693802 -0.168600 86.993498 0.003823 0.115397 0.006025 0.993294
3.700000000 8.901391 -0.171780 87.897581 0.004791 0.116128 0.006650 0.993200
3.750000000 9.106874 -0.174586 88.790868 0.005256 0.116836 0.007417 0.993110
3.800000000 9.318065 -0.166923 89.741713 0.004252 0.117496 0.007335 0.993037
3.850000000 9.518870 -0.177386 90.602369 0.002405 0.118429 0.006087 0.992941
3.900000000 9.728352 -0.183685 91.471692 0.001568 0.119317 0.005612 0.992839
3.950000000 10.199496 -0.280893 90.660086 0.001500 0.116288 0.005587 0.993199
4.000000000 10.126602 -0.163914 93.207255 0.003490 0.121395 0.003831 0.992591
4.050000000 10.346277 -0.183684 94.009271 0.003925 0.122104 0.003676 0.992503
4.100000000 10.545131 -0.196485 94.826657 0.003988 0.122870 0.003229 0.992410
4.150000000 10.758146 -0.213655 95.630885 0.004013 0.123550 0.003333 0.992325
4.200000000 10.964420 -0.224593 96.405071 0.004113 0.124227 0.004230 0.992236
4.250000000 11.168557 -0.233952 97.190733 0.004008 0.124911 0.003978 0.992152
4.300000000 11.377107 -0.241558 97.957196 0.003911 0.125619 0.003825 0.992064
4.350000000 11.571283 -0.252643 98.726103 0.003791 0.126360 0.004306 0.991968
4.400000000 11.728250 -0.262851 99.326272 0.003636 0.127093 0.004070 0.991876
4.450000000 11.907367 -0.272226 100.023055 0.003397 0.128032 0.004360 0.991755
4.500000000 12.102024 -0.280097 100.765174 0.003302 0.128802 0.004324 0.991655
4.550000000 12.296589 -0.287439 101.434051 0.003463 0.129306 0.004177 0.991590
4.600000000 12.483310 -0.294416 102.126365 0.003496 0.130141 0.003964 0.991481
4.650000000 12.644676 -0.300257 102.761546 0.003421 0.131019 0.003641 0.991367
4.700000000 12.804522 -0.306881 103.362272 0.003143 0.131839 0.003517 0.991260
4.750000000 12.964308 -0.322721 103.943198 0.003299 0.132755 0.003350 0.991138
4.800000000 13.122292 -0.332733 104.500225 0.003378 0.133591 0.003329 0.991025
4.850000000 13.275634 -0.338966 105.051295 0.003148 0.134375 0.003415 0.990920
4.900000000 13.410999 -0.350473 105.561496 0.003124 0.135280 0.003462 0.990796
4.950000000 13.541946 -0.358612 106.009613 0.003186 0.136111 0.003082 0.990684
5.000000000 13.680657 -0.350068 106.528516 0.003670 0.136899 0.002678 0.990575
5.050000000 13.810192 -0.352370 107.024552 0.003765 0.137596 0.002201 0.990479
5.100000000 13.965627 -0.354403 107.537620 0.003784 0.138239 0.001964 0.990390
5.150000000 14.108190 -0.366126 107.964279 0.003686 0.138702 0.002130 0.990325
5.200000000 14.191214 -0.360778 108.380663 0.003698 0.139745 0.002214 0.990178
5.250000000 14.304281 -0.372907 108.758781 0.003570 0.140247 0.002222 0.990108
5.300000000 14.413151 -0.372406 109.142599 0.003391 0.140496 0.002475 0.990072
5.350000000 14.522245 -0.376206 109.531381 0.003244 0.140511 0.002210 0.990071
5.400000000 14.618525 -0.379592 109.888816 0.003065 0.140514 0.001864 0.990072
5.450000000 14.712018 -0.384321 110.223369 0.003165 0.140499 0.001403 0.990075
5.500000000 14.789078 -0.383360 110.498309 0.003471 0.140514 0.001045 0.990072
5.550000000 14.881034 -0.388094 110.806080 0.003374 0.140419 0.001124 0.990086
5.600000000 14.966139 -0.392012 111.108549 0.003438 0.140440 0.001221 0.990083
5.650000000 15.048966 -0.396849 111.397240 0.003478 0.140515 0.001261 0.990072
5.700000000 15.119777 -0.398851 111.651379 0.003503 0.140584 0.001643 0.990061
5.750000000 15.195952 -0.401468 111.909469 0.003591 0.140526 0.001724 0.990069
5.800000000 15.264834 -0.404285 112.150132 0.003627 0.140535 0.001791 0.990067
5.850000000 15.332647 -0.405981 112.380300 0.003398 0.140527 0.001909 0.990069
5.900000000 15.394941 -0.405065 112.596786 0.003435 0.140583 0.001671 0.990062
5.950000000 15.451791 -0.406751 112.804249 0.003254 0.140598 0.001243 0.990061
6.000000000 15.480920 -0.411465 112.879101 0.003136 0.140588 0.001478 0.990062
6.050000000 15.533289 -0.413340 113.053938 0.003184 0.140629 0.001678 0.990056
6.100000000 15.581239 -0.413163 113.217972 0.003232 0.140637 0.001948 0.990054
6.150000000 15.625606 -0.414437 113.370027 0.003229 0.140677 0.002234 0.990048
6.200000000 15.669821 -0.413652 113.529165 0.003415 0.140737 0.002398 0.990038
6.250000000 15.714774 -0.414495 113.678582 0.003337 0.140716 0.002608 0.990041
6.300000000 15.755819 -0.415297 113.849451 0.003164 0.140873 0.002490 0.990020
6.350000000 15.791439 -0.417103 113.966853 0.003358 0.140861 0.002640 0.990020
6.400000000 15.828129 -0.418950 114.081078 0.003333 0.140786 0.002702 0.990031
6.450000000 15.860682 -0.420437 114.194829 0.003312 0.140807 0.002764 0.990028
6.500000000 15.894059 -0.422428 114.312714 0.003400 0.140718 0.002537 0.990041
6.550000000 15.925419 -0.424710 114.425413 0.003494 0.140743 0.002517 0.990037
6.600000000 15.954329 -0.426124 114.526846 0.003606 0.140749 0.002440 0.990036
6.650000000 15.984268 -0.427068 114.629526 0.003634 0.140722 0.002590 0.990039
6.700000000 16.015599 -0.426769 114.734367 0.003551 0.140789 0.002699 0.990030
6.750000000 16.043341 -0.426553 114.832356 0.003624 0.140802 0.002608 0.990028
6.800000000 16.136149 -0.490568 114.380395 0.003671 0.138581 0.002967 0.990340
6.850000000 16.140307 -0.421776 115.215455 0.004752 0.140743 0.001876 0.990033
6.900000000 16.170702 -0.423659 115.314525 0.004767 0.141017 0.001915 0.989994
6.950000000 16.191584 -0.421185 115.411374 0.004598 0.141364 0.001773 0.989945
7.000000000 16.225611 -0.422890 115.508935 0.004842 0.141373 0.001697 0.989943
7.050000000 16.233897 -0.412485 115.595870 0.005009 0.141682 0.001636 0.989898
7.100000000 16.260345 -0.411615 115.690279 0.004922 0.141910 0.001770 0.989866
7.150000000 16.286188 -0.405193 115.784663 0.005034 0.142098 0.001725 0.989838
7.200000000 16.311894 -0.404511 115.871666 0.004823 0.142277 0.001753 0.989814
7.250000000 16.335803 -0.406406 115.956082 0.004775 0.142429 0.001911 0.989792
7.300000000 16.359638 -0.406892 116.033789 0.004884 0.142562 0.002027 0.989772
7.350000000 16.382246 -0.415467 116.110175 0.004803 0.142785 0.002176 0.989740
7.400000000 16.405270 -0.422249 116.178577 0.004858 0.142899 0.002211 0.989723
7.450000000 16.423526 -0.423764 116.242383 0.004959 0.143024 0.002383 0.989704
7.500000000 16.439750 -0.424181 116.302980 0.004824 0.143131 0.002446 0.989689
7.550000000 16.454899 -0.416315 116.363083 0.004934 0.143227 0.002434 0.989675
7.600000000 16.470325 -0.412688 116.424957 0.005164 0.143373 0.002472 0.989652
7.650000000 16.488366 -0.411353 116.484625 0.005075 0.143518 0.002536 0.989632
7.700000000 16.504193 -0.409292 116.539420 0.005075 0.143588 0.002564 0.989621
7.750000000 16.521327 -0.410745 116.593773 0.005073 0.143728 0.002602 0.989601
7.800000000 16.537304 -0.411679 116.642344 0.005059 0.143847 0.002622 0.989583
7.850000000 16.544534 -0.411268 116.683598 0.005288 0.143926 0.002711 0.989571
7.900000000 16.557452 -0.412092 116.722075 0.005366 0.143969 0.002776 0.989564
7.950000000 16.569968 -0.413471 116.761484 0.005295 0.144031 0.002839 0.989555
8.000000000 16.578185 -0.413762 116.792465 0.005345 0.144076 0.002924 0.989548
8.050000000 16.583151 -0.411975 116.815348 0.005362 0.144145 0.002972 0.989538
8.100000000 16.585717 -0.408459 116.834306 0.005371 0.144239 0.002999 0.989524
8.150000000 16.590528 -0.407112 116.852009 0.005418 0.144295 0.002975 0.989515
8.200000000 16.594508 -0.409932 116.866916 0.005397 0.144355 0.002968 0.989507
8.250000000 16.601382 -0.400885 116.887117 0.005495 0.144405 0.002914 0.989499
8.300000000 16.602680 -0.399171 116.893132 0.005478 0.144425 0.002892 0.989496
8.350000000 16.603876 -0.399845 116.896471 0.005497 0.144437 0.002896 0.989495
8.400000000 16.603192 -0.400707 116.897536 0.005427 0.144463 0.002837 0.989491
8.450000000 16.602297 -0.402127 116.894397 0.005411 0.144465 0.002848 0.989491
8.500000000 16.603018 -0.403829 116.892250 0.005574 0.144445 0.002835 0.989493
8.550000000 16.602758 -0.403615 116.893518 0.005616 0.144448 0.002881 0.989492
8.600000000 16.603402 -0.402258 116.894930 0.005490 0.144457 0.002938 0.989491
8.650000000 16.604058 -0.402222 116.894543 0.005553 0.144442 0.002936 0.989493
8.700000000 16.602592 -0.401495 116.894373 0.005670 0.144453 0.002909 0.989491
8.750000000 16.603849 -0.401550 116.895031 0.005562 0.144447 0.002929 0.989493
8.800000000 16.604026 -0.401347 116.895994 0.005560 0.144441 0.002945 0.989493
8.850000000 16.604619 -0.401703 116.896433 0.005636 0.144446 0.002924 0.989492
8.900000000 16.604889 -0.404055 116.894740 0.005589 0.144443 0.002916 0.989493
8.950000000 16.606250 -0.403379 116.894984 0.005549 0.144426 0.002938 0.989496
9.000000000 16.589948 -0.393150 116.906990 0.005688 0.144553 0.002933 0.989476
9.050000000 16.600898 -0.393124 116.905946 0.005721 0.144483 0.002919 0.989486
9.100000000 16.600657 -0.396315 116.901259 0.005636 0.144487 0.002917 0.989486
9.150000000 16.600621 -0.395442 116.902747 0.005662 0.144486 0.002936 0.989486
9.200000000 16.602923 -0.397350 116.901022 0.005669 0.144473 0.002927 0.989488
9.250000000 16.603589 -0.397588 116.900388 0.005657 0.144461 0.002928 0.989490
9.300000000 16.604067 -0.397776 116.901310 0.005635 0.144465 0.002943 0.989489
9.350000000 16.603917 -0.398006 116.900742 0.005652 0.144466 0.002926 0.989489
9.400000000 16.603871 -0.398088 116.901060 0.005669 0.144468 0.002931 0.989489
9.450000000 16.604713 -0.398127 116.901757 0.005622 0.144461 0.002938 0.989490
9.500000000 16.600332 -0.398677 116.893221 0.005646 0.144451 0.002964 0.989491
9.550000000 16.597767 -0.398181 116.886200 0.005651 0.144451 0.002954 0.989491
9.600000000 16.597984 -0.397271 116.887935 0.005631 0.144469 0.002940 0.989489
9.650000000 16.598338 -0.397500 116.889909 0.005644 0.144471 0.002925 0.989489
9.700000000 16.596394 -0.397641 116.879347 0.005600 0.144466 0.002823 0.989490
9.750000000 16.594441 -0.398209 116.872502 0.005594 0.144465 0.002822 0.989490
9.800000000 16.594232 -0.398034 116.872334 0.005588 0.144475 0.002819 0.989489
9.850000000 16.594347 -0.397903 116.872060 0.005596 0.144468 0.002819 0.989490
9.900000000 16.591998 -0.396846 116.871426 0.005562 0.144520 0.002646 0.989483
9.950000000 16.590730 -0.395895 116.872389 0.005542 0.144556 0.002636 0.989478
10.000000000 16.590652 -0.395668 116.872298 0.005555 0.144555 0.002623 0.989478
10.050000000 16.587658 -0.393728 116.873860 0.005579 0.144582 0.002629 0.989474
10.100000000 16.590415 -0.395066 116.873641 0.005546 0.144557 0.002622 0.989477
10.150000000 16.590622 -0.396026 116.872387 0.005560 0.144555 0.002632 0.989478
10.200000000 16.590391 -0.395862 116.871831 0.005555 0.144561 0.002629 0.989477
10.250000000 16.590349 -0.395862 116.871698 0.005547 0.144560 0.002619 0.989477
10.300000000 16.590136 -0.395941 116.871255 0.005557 0.144560 0.002634 0.989477
10.350000000 16.590451 -0.396134 116.871899 0.005542 0.144552 0.002618 0.989478
10.400000000 16.590466 -0.395859 116.872908 0.005569 0.144558 0.002628 0.989477
10.450000000 16.590831 -0.395524 116.872746 0.005548 0.144560 0.002622 0.989477
10.500000000 16.590762 -0.395511 116.872087 0.005553 0.144563 0.002626 0.989477
10.550000000 16.590676 -0.395724 116.872666 0.005569 0.144558 0.002625 0.989477
10.600000000 16.591479 -0.395881 116.873011 0.005542 0.144550 0.002628 0.989478
10.650000000 16.590546 -0.395973 116.872550 0.005554 0.144562 0.002625 0.989477
10.700000000 16.590512 -0.396131 116.871877 0.005558 0.144560 0.002633 0.989477
10.750000000 16.590675 -0.396158 116.872574 0.005546 0.144557 0.002626 0.989477
10.800000000 16.590754 -0.396057 116.873011 0.005567 0.144559 0.002631 0.989477
10.850000000 16.590527 -0.395681 116.873007 0.005551 0.144561 0.002635 0.989477
10.900000000 16.590106 -0.395835 116.872621 0.005562 0.144559 0.002621 0.989477
10.950000000 16.590337 -0.395729 116.873175 0.005561 0.144553 0.002630 0.989478
11.000000000 16.590753 -0.395607 116.872936 0.005553 0.144555 0.002615 0.989478
11.050000000 16.590474 -0.395642 116.872916 0.005573 0.144554 0.002625 0.989478
11.100000000 16.590487 -0.395680 116.872573 0.005544 0.144559 0.002617 0.989477
11.150000000 16.590053 -0.395926 116.871672 0.005557 0.144560 0.002626 0.989477
11.200000000 16.589982 -0.395876 116.871628 0.005560 0.144560 0.002624 0.989477
11.250000000 16.590037 -0.395808 116.872156 0.005549 0.144556 0.002627 0.989478
11.300000000 16.590210 -0.395950 116.872164 0.005567 0.144561 0.002626 0.989477
11.350000000 16.590242 -0.395620 116.871678 0.005549 0.144554 0.002620 0.989478
11.400000000 16.590519 -0.395667 116.872292 0.005568 0.144551 0.002630 0.989478
11.450000000 16.590603 -0.395518 116.871813 0.005555 0.144552 0.002614 0.989478
11.500000000 16.590344 -0.395723 116.871859 0.005552 0.144552 0.002626 0.989478
11.550000000 16.590299 -0.395994 116.871524 0.005568 0.144555 0.002618 0.989478
