62 0 Car 1 1 -8.08938 213.642 230.008 311.702 292.756 4.69 1.53 1.90  -13.54 3.39 28.48  3.14105 0.00146722
63 0 Car 1 1 -8.08735 192.065 233.079 298.496 299.118 4.68 1.53 1.90  -13.68 3.44 27.43  3.14138 0.00146722
64 0 Car 1 1 -1.80163 170.035 237.959 283.98 307.721 4.68 1.53 1.90  -13.75 3.53 26.29  -3.13949 0.00146722
65 0 Car 1 1 -1.79758 148.389 241.503 272.166 314.95 4.68 1.54 1.90  -13.86 3.59 25.41  -3.14042 0.00146722
66 0 Car 1 1 -8.08003 123.521 243.865 256.414 321.596 4.68 1.54 1.90  -13.93 3.58 24.32  3.14135 0.00146722
67 0 Car 1 1 -8.07944 97.2664 245.144 240.222 327.51 4.68 1.54 1.90  -13.99 3.52 23.27  3.13813 0.00146722
68 0 Car 1 1 -8.07865 69.2084 247.613 223.465 335.24 4.68 1.54 1.90  -14.01 3.50 22.20  3.13635 0.00146722
69 0 Car 1 1 -8.07796 38.6379 251.568 205.398 344.839 4.68 1.54 1.90  -14.04 3.53 21.18  3.13676 0.00146722
70 0 Car 1 1 -8.0765 4.93788 256.828 186.008 356.634 4.68 1.54 1.90  -14.07 3.58 20.15  3.13786 0.00146722
71 0 Car 1 1 -8.07635 -31.3888 262.2 165.526 369.016 4.68 1.54 1.90  -14.09 3.62 19.16  3.13974 0.00146722
72 0 Car 1 1 -1.79207 -72.4958 269.039 143.043 384.237 4.68 1.54 1.90  -14.11 3.68 18.16  -3.14134 0.00146722
73 0 Car 1 1 -1.79055 -117.927 276.438 119.064 401.212 4.67 1.54 1.90  -14.12 3.75 17.18  -3.13966 0.00146722
74 0 Car 1 1 -1.78953 -168.685 283.094 92.9419 418.524 4.67 1.54 1.90  -14.14 3.78 16.23  -3.13908 0.00146722
75 0 Car 1 1 -1.78889 -226.772 287.141 63.9095 434.395 4.67 1.54 1.90  -14.18 3.74 15.29  -3.14154 0.00146722
76 0 Car 1 1 -8.07271 -292.642 289.547 31.9065 449.651 4.67 1.54 1.90  -14.23 3.66 14.38  3.13834 0.00146722
77 0 Car 1 1 -8.07319 -367.643 294.518 -2.73519 470.109 4.67 1.54 1.90  -14.26 3.63 13.48  3.13708 0.00146722
78 0 Car 1 1 -8.07476 -454.158 302.109 -40.9379 496.36 4.67 1.54 1.90  -14.28 3.63 12.58  3.13877 0.00146722
79 0 Car 1 1 -8.07609 -558.225 311.507 -84.6746 528.649 4.67 1.54 1.90  -14.31 3.64 11.67  3.14094 0.00146722
80 0 Car 1 1 -1.79366 -679.103 321.072 -131.889 565.656 4.67 1.54 1.90  -14.32 3.65 10.80  -3.14128 0.00146722
81 0 Car 1 1 -1.79476 -826.041 330.688 -185.193 608.907 4.67 1.54 1.90  -14.33 3.64 9.94  -3.14087 0.00146722
82 0 Car 1 1 -1.79445 -1003.9 343.074 -244.55 664.215 4.67 1.54 1.90  -14.35 3.65 9.10  -3.14052 0.00146722
83 0 Car 1 1 -1.79286 -1226.06 358.202 -311.346 735.336 4.67 1.54 1.90  -14.36 3.68 8.28  -3.1407 0.00146722
84 0 Car 1 1 -1.79256 -1512.85 373.453 -387.762 823.643 4.67 1.54 1.90  -14.37 3.68 7.48  -3.14092 0.00146722
85 0 Car 1 1 -1.79284 -1895.39 391.585 -476.833 939.508 4.66 1.53 1.88  -14.38 3.68 6.69  -3.14106 0.00146722
86 0 Car 1 1 -1.79157 -2438.74 413.569 -580.933 1109.57 4.66 1.53 1.88  -14.40 3.69 5.91  -3.14147 0.00146722
87 0 Car 1 1 -8.07406 -3232.65 438.129 -699.674 1357.64 4.66 1.53 1.88  -14.40 3.70 5.17  3.14142 0.00146722
88 1 Car 1 1 -4.97569 642.741 238.313 705.606 335.105 4.66 1.51 1.89  1.80 2.95 19.71  -0.000500201 -0.000229121
88 0 Car 1 1 -8.07284 -4574.62 467.24 -842.563 1782.85 4.66 1.54 1.90  -14.40 3.71 4.43  3.14102 0.00146722
89 1 Car 1 1 -4.97196 640.779 242.698 706.662 344.535 4.66 1.51 1.89  1.80 3.02 19.06  0.000552123 -0.000229121
89 0 Car 1 1 -1.79139 -7170.89 499.26 -1012.1 2589.53 4.66 1.54 1.89  -14.40 3.69 3.73  -3.14159 0.00146722
90 1 Car 1 1 -4.97038 640.55 245.539 708.575 352.851 4.66 1.51 1.89  1.76 3.03 18.36  -7.61421e-05 -0.000229121
90 0 Car 1 1 -8.07262 -15500.2 547.467 -1236.33 5291.31 4.66 1.54 1.89  -14.41 3.72 3.00  3.141 0.00146722
91 1 Car 1 1 -4.96605 649.982 250.562 720.672 362.428 4.66 1.51 1.89  1.75 3.11 17.81  0.00070145 -0.000229121
91 0 Car 1 1 -1.79077 -1741.33 -2.15315e+06 8.58818e+06 896.328 4.66 1.54 1.89  -14.43 3.70 2.32  -3.14152 0.00146722
92 1 Car 1 1 -4.9662 650.204 252.879 724.25 370.203 4.66 1.51 1.89  1.73 3.11 17.18  0.000589349 -0.000229121
92 0 Car 1 1 -8.07399 -2124.04 -4971.94 17480.8 1013.39 4.66 1.54 1.89  -14.43 3.70 1.67  3.14155 0.00146722
93 1 Car 1 1 -4.96432 651.339 255.97 729.229 379.612 4.66 1.51 1.88  1.73 3.12 16.56  -0.000379882 -0.000229121
93 0 Car 1 1 -8.07385 -2683.04 -2345.61 8882.72 1182.6 4.66 1.55 1.88  -14.44 3.69 0.99  3.14114 0.00146722
94 1 Car 1 1 -4.96148 655.795 259.534 734.662 387.173 4.65 1.51 1.88  1.86 3.18 16.25  0.000218608 -0.000229121
94 0 Car 1 1 -8.07379 -3438.79 -1544.99 6250.55 1415.01 4.66 1.55 1.88  -14.43 3.70 0.37  3.14137 0.00146722
95 1 Car 1 1 -4.96089 656.895 262.698 739.158 396.903 4.65 1.51 1.88  1.83 3.19 15.68  0.000263243 -0.000229121
95 0 Car 1 1 -8.07334 -4596.91 -1141.98 4913.44 1775.18 4.66 1.55 1.88  -14.42 3.71 -0.23  3.14142 0.00146722
96 1 Car 1 1 -4.96095 657.897 265.122 743.596 405.889 4.65 1.51 1.88  1.81 3.18 15.15  -7.84164e-05 -0.000229121
97 1 Car 1 1 -4.96128 656.112 267.723 745.014 414.754 4.65 1.51 1.88  1.77 3.18 14.69  0.000393282 -0.000229121
98 1 Car 1 1 -4.95116 660.999 278.267 756.371 435.791 4.64 1.51 1.89  1.79 3.36 14.17  0.000191293 -0.000229121
99 1 Car 1 1 -4.95158 661.456 282.012 761.639 447.738 4.64 1.51 1.89  1.77 3.37 13.67  0.00112796 -0.000229121
100 1 Misc 1 1 -4.95177 662.372 285.634 768.074 460.381 4.64 1.51 1.89  1.76 3.37 13.19  0.00153388 -0.000229121
101 1 Misc 1 1 -4.95027 661.887 290.496 774.636 471.575 4.63 1.54 1.84  1.74 3.38 12.75  0.00149737 -0.000229121
102 1 Misc 1 1 -4.94972 662.559 294.181 780.931 484.958 4.63 1.54 1.84  1.72 3.39 12.31  0.00117439 -0.000229121
103 1 Misc 1 1 -4.94942 663.171 297.66 787.412 498.487 4.63 1.54 1.84  1.71 3.38 11.89  0.000809482 -0.000229121
104 1 Misc 1 1 -4.94918 663.644 301.465 794.131 513.469 4.63 1.54 1.84  1.69 3.39 11.48  0.00064203 -0.000229121
105 1 Misc 1 1 -4.94928 664.436 304.907 801.648 528.826 4.63 1.54 1.84  1.67 3.38 11.07  0.000286939 -0.000229121
106 1 Misc 1 1 -4.94906 665.416 309.019 809.54 545.776 4.63 1.54 1.84  1.66 3.38 10.68  0.000287986 -0.000229121
107 1 Misc 1 1 -4.94873 667.021 312.914 818.692 562.973 4.63 1.54 1.84  1.66 3.38 10.32  8.59974e-06 -0.000229121
108 1 Misc 1 1 -4.94879 668.634 317.165 828.263 581.198 4.63 1.54 1.84  1.66 3.39 9.97  0.000349827 -0.000229121
109 6 Car 1 1 -5.22064 221.882 179.235 313.31 270.063 4.33 1.44 1.80  -7.87 1.07 16.91  -0.000743829 -0.000815691
109 1 Misc 1 1 -4.94868 670.261 321.866 838.375 601.054 4.63 1.54 1.84  1.66 3.40 9.63  0.000796197 -0.000229121
110 6 Car 1 1 -4.94722 327.788 248.473 388.57 330.824 4.33 1.45 1.79  -7.79 3.46 22.15  -3.48107e-05 -0.000815691
110 1 Misc 1 1 -4.94892 672.166 325.717 848.659 621.044 4.62 1.53 1.85  1.66 3.39 9.30  0.000653334 -0.000229121
111 6 Car 1 1 -4.94725 323.916 249.644 385.019 333.578 4.33 1.45 1.79  -7.79 3.46 21.83  0.000263209 -0.000815691
111 1 Misc 1 1 -4.94913 673.867 330.074 860.02 642.631 4.62 1.53 1.85  1.66 3.39 8.98  0.000858397 -0.000229121
112 6 Car 1 1 -4.94715 320.039 250.811 381.422 336.317 4.33 1.45 1.79  -7.79 3.47 21.53  0.000483761 -0.000815691
112 1 Misc 1 1 -4.94916 675.34 334.552 871.438 665.3 4.62 1.53 1.85  1.65 3.40 8.68  0.000987586 -0.000229121
113 6 Car 1 1 -4.94701 315.079 252.215 374.878 340.154 4.33 1.45 1.79  -7.64 3.47 21.10  0.00039126 -0.000815691
113 1 Misc 1 1 -4.94883 676.881 338.583 881.051 684.894 4.62 1.53 1.85  1.65 3.40 8.45  0.00102664 -0.000229121
114 6 Car 1 1 -4.94694 310.859 253.266 372.198 342.708 4.33 1.45 1.79  -7.64 3.47 20.84  0.000539107 -0.000815691
114 1 Misc 1 1 -4.94886 678.578 342.92 893.401 708.552 4.62 1.53 1.85  1.65 3.41 8.18  0.00113825 -0.000229121
115 6 Car 1 1 -4.94682 306.78 254.264 369.621 345.179 4.33 1.45 1.79  -7.64 3.48 20.58  0.000610524 -0.000815691
115 1 Misc 1 1 -4.94729 679.935 348.445 903.818 732.27 4.62 1.53 1.85  1.65 3.43 7.97  0.00116117 -0.000229121
116 6 Car 1 1 -4.94687 302.842 254.787 367.141 347.092 4.33 1.45 1.79  -7.64 3.47 20.35  0.000186883 -0.000815691
116 1 Misc 1 1 -4.94553 681.184 353.368 914.017 755.147 4.62 1.53 1.85  1.65 3.46 7.78  0.000664244 -0.000229121
117 6 Car 1 1 -4.94697 298.582 255.649 364.395 349.387 4.33 1.45 1.79  -7.65 3.47 20.11  0.000233697 -0.000815691
117 1 Misc 1 1 -4.94424 682.316 359.001 925.065 780.893 4.62 1.53 1.85  1.65 3.49 7.58  0.000858394 -0.000229121
118 6 Car 1 1 -4.94704 294.87 256.031 362.014 351.02 4.33 1.45 1.79  -7.65 3.45 19.90  -0.000316956 -0.000815691
118 1 Misc 1 1 -4.94252 683.27 364.129 935.052 804.792 4.62 1.53 1.85  1.64 3.51 7.42  0.000606272 -0.000229121
119 6 Car 1 1 -4.94702 291.209 256.618 359.72 352.903 4.33 1.45 1.79  -7.65 3.45 19.70  -0.00057363 -0.000815691
119 1 Misc 1 1 -4.94086 684.356 369.103 945.166 828.538 4.62 1.53 1.85  1.64 3.54 7.26  0.00026873 -0.000229121
120 6 Car 1 1 -4.94691 287.79 257.475 357.605 355.045 4.33 1.45 1.79  -7.65 3.45 19.51  -0.000474486 -0.000815691
120 1 Misc 1 1 -4.93941 685.726 374.342 955.897 852.924 4.62 1.53 1.85  1.64 3.57 7.12  0.000279036 -0.000229121
121 6 Car 1 1 -4.9469 284.445 258.349 355.601 357.194 4.33 1.45 1.79  -7.65 3.46 19.33  -0.000224243 -0.000815691
121 1 Misc 1 1 -4.93814 687.072 379.369 966.571 877.388 4.62 1.53 1.85  1.65 3.59 6.98  0.00027789 -0.000229121
122 9 Tram 1 1 -5.22316 1053.72 212.928 1274.92 283.127 1.88 1.63 0.71  7.52 0.97 9.88  -0.0002023 -0.00277748
122 6 Car 1 1 -4.94679 281.179 259.149 353.617 359.215 4.33 1.45 1.79  -7.65 3.46 19.16  -0.000118067 -0.000815691
122 1 Misc 1 1 -4.93668 688.167 384.301 976.454 901.211 4.62 1.53 1.85  1.65 3.62 6.85  0.000152659 -0.000229121
123 9 Tram 1 1 -5.22123 1059.48 214.141 1284.54 285.767 1.88 1.63 0.71  7.52 0.98 9.74  0.000412885 -0.00277748
123 6 Car 1 1 -4.94601 278.584 260.544 352.091 361.732 4.33 1.45 1.79  -7.64 3.49 19.03  0.000410842 -0.000815691
123 1 Misc 1 1 -4.93494 688.96 389.833 983.808 923.196 4.62 1.53 1.85  1.65 3.66 6.76  0.000446451 -0.000229121
124 9 Tram 1 1 -5.22223 1065.98 214.375 1295.33 287.381 1.88 1.63 0.71  7.52 0.98 9.60  0.000342274 -0.00277748
124 6 Car 1 1 -4.94599 275.713 261.055 350.378 363.309 4.33 1.45 1.79  -7.64 3.49 18.88  0.000279903 -0.000815691
124 1 Misc 1 1 -4.93346 689.816 394.339 992.507 945.432 4.62 1.53 1.85  1.64 3.69 6.66  0.000197501 -0.000229121
125 6 Car 1 1 -4.94591 272.54 261.449 348.424 364.829 4.33 1.45 1.79  -7.64 3.48 18.73  -0.000129607 -0.000815691
125 1 Misc 1 1 -4.93308 691.06 397.999 1006.27 973.448 4.62 1.53 1.85  1.64 3.69 6.50  -0.00020161 -0.000229121
126 6 Car 1 1 -4.94584 269.697 262.452 346.706 366.888 4.33 1.45 1.79  -7.65 3.49 18.60  0.000376753 -0.000815691
126 1 Misc 1 1 -4.93338 692.335 401.866 1019.43 1001.3 4.62 1.53 1.85  1.64 3.69 6.37  0.000204809 -0.000229121
127 6 Car 1 1 -4.94578 267.117 262.978 345.148 368.368 4.33 1.45 1.79  -7.64 3.49 18.47  0.000304971 -0.000815691
127 1 Misc 1 1 -4.93329 693.559 405.322 1032.67 1028.21 4.62 1.53 1.85  1.64 3.69 6.24  0.000202168 -0.000229121
128 9 Cyclist 1 1 -8.31055 962.464 231.111 1123.56 295.56 1.56 1.74 0.59  5.82 1.17 9.71  3.14148 -0.00277748
128 6 Car 1 1 -4.94571 264.588 263.518 343.605 369.844 4.33 1.44 1.79  -7.64 3.49 18.35  0.000253654 -0.000815691
128 1 Misc 1 1 -4.93319 694.835 408.61 1045.99 1055.16 4.62 1.53 1.85  1.64 3.69 6.12  0.000118459 -0.000229121
129 9 Cyclist 1 1 -2.02755 967.341 231.835 1131.19 297.319 1.56 1.74 0.59  5.82 1.17 9.60  -3.14129 -0.00277748
129 6 Car 1 1 -4.94592 262.432 264.041 342.361 371.227 4.33 1.44 1.79  -7.64 3.49 18.24  0.000446203 -0.000815691
129 1 Misc 1 1 -4.93356 696.535 411.827 1061 1082.94 4.62 1.53 1.85  1.65 3.69 6.01  0.000428958 -0.000229121
130 9 Cyclist 1 1 -2.02746 972.054 232.574 1138.68 299.111 1.56 1.74 0.59  5.83 1.17 9.48  -3.14113 -0.00277748
130 6 Car 1 1 -4.94594 260.068 264.69 340.959 372.806 4.33 1.44 1.79  -7.63 3.49 18.12  0.000644652 -0.000815691
130 1 Misc 1 1 -4.93373 698.133 415.254 1076.56 1112.48 4.62 1.53 1.85  1.65 3.69 5.89  0.000631319 -0.000229121
131 9 Cyclist 1 1 -2.02696 976.992 233.549 1146.59 301.267 1.56 1.74 0.59  5.83 1.17 9.36  -3.14083 -0.00277748
131 6 Car 1 1 -4.94592 257.484 265.414 339.402 374.52 4.33 1.44 1.79  -7.63 3.50 18.00  0.000852738 -0.000815691
131 1 Misc 1 1 -4.93388 699.694 419.097 1093.61 1145.81 4.62 1.53 1.85  1.66 3.69 5.77  0.000904932 -0.000229121
132 9 Cyclist 1 1 -2.02699 981.227 234.063 1153.46 302.76 1.56 1.74 0.59  5.83 1.17 9.26  -3.14105 -0.00277748
132 6 Car 1 1 -4.94583 255.31 265.988 338.163 375.977 4.33 1.44 1.79  -7.63 3.50 17.90  0.00092774 -0.000815691
132 1 Misc 1 1 -4.93382 701.072 422.263 1108.81 1175.64 4.62 1.53 1.85  1.66 3.70 5.67  0.000854724 -0.000229121
133 9 Cyclist 1 1 -2.02745 985.381 234.412 1160.32 304.115 1.56 1.74 0.59  5.83 1.17 9.16  -3.14129 -0.00277748
133 6 Car 1 1 -4.94586 252.841 266.347 336.684 377.216 4.33 1.44 1.79  -7.63 3.50 17.79  0.000801761 -0.000815691
133 1 Misc 1 1 -4.93373 702.189 425.281 1124.68 1207.23 4.62 1.53 1.85  1.66 3.69 5.57  0.000663122 -0.000229121
134 6 Car 1 1 -4.94598 250.235 266.881 335.102 378.648 4.33 1.44 1.79  -7.63 3.50 17.69  0.000933921 -0.000815691
134 1 Misc 1 1 -4.93396 703.28 428.778 1142.17 1243.08 4.62 1.53 1.85  1.66 3.69 5.46  0.000878402 -0.000229121
135 6 Car 1 1 -4.94599 248.018 268.129 333.821 380.778 4.33 1.44 1.79  -7.63 3.52 17.59  0.0019323 -0.000815691
135 1 Misc 1 1 -4.93476 704.543 433.138 1160.46 1281.79 4.62 1.53 1.85  1.66 3.70 5.36  0.00203997 -0.000229121
136 6 Car 1 1 -4.9461 245.552 269.162 332.269 382.646 4.33 1.44 1.79  -7.63 3.53 17.49  0.0027244 -0.000815691
136 1 Misc 1 1 -4.93554 705.441 437.332 1178.58 1321.21 4.62 1.53 1.85  1.65 3.71 5.26  0.00314171 -0.000229121
137 6 Car 1 1 -4.94607 242.765 269.701 330.468 384.098 4.33 1.44 1.79  -7.64 3.53 17.39  0.0027531 -0.000815691
137 1 Misc 1 1 -4.93553 706.381 440.746 1197.65 1359.79 4.62 1.53 1.85  1.65 3.71 5.16  0.00315908 -0.000229121
138 6 Car 1 1 -4.94614 239.737 269.867 328.516 385.183 4.33 1.44 1.79  -7.65 3.52 17.28  0.00235647 -0.000815691
138 1 Misc 1 1 -4.93532 707.14 444.029 1218.3 1402.6 4.62 1.53 1.85  1.65 3.71 5.06  0.00282726 -0.000229121
139 6 Car 1 1 -4.94638 236.825 270.648 326.734 386.907 4.33 1.44 1.79  -7.66 3.53 17.17  0.00287649 -0.000815691
139 1 Misc 1 1 -4.93595 708.015 448.083 1241.83 1452.78 4.62 1.53 1.85  1.64 3.70 4.96  0.00345099 -0.000229121
140 6 Car 1 1 -4.94642 234.034 271.213 324.961 388.367 4.33 1.44 1.79  -7.67 3.53 17.08  0.00301317 -0.000815691
140 1 Misc 1 1 -4.93611 708.855 451.711 1264.39 1499.79 4.62 1.53 1.85  1.64 3.71 4.86  0.00364178 -0.000229121
141 6 Car 1 1 -4.94641 231.27 271.601 323.245 389.684 4.33 1.44 1.79  -7.68 3.53 16.98  0.00287944 -0.000815691
141 1 Misc 1 1 -4.93598 709.888 455.127 1288.99 1549.48 4.62 1.53 1.85  1.64 3.70 4.77  0.00342981 -0.000229121
142 6 Car 1 1 -4.94608 228.577 272.445 321.594 391.544 4.33 1.44 1.79  -7.68 3.54 16.88  0.00301512 -0.000815691
142 1 Misc 1 1 -4.93578 711.082 459.653 1316.25 1606.73 4.62 1.53 1.85  1.64 3.71 4.68  0.00357087 -0.000229121
143 6 Car 1 1 -4.94601 225.698 272.621 319.825 392.683 4.33 1.44 1.79  -7.69 3.53 16.79  0.00253468 -0.000815691
143 1 Misc 1 1 -4.93536 712.177 463.338 1345.67 1666.96 4.62 1.53 1.85  1.63 3.71 4.58  0.00309462 -0.000229121
144 10 Pedestrian 1 1 -1.76677 674.93 209.379 865.062 265.654 10.28 2.94 2.63  9.11 3.57 41.33  -3.14133 -0.00332621
144 6 Car 1 1 -4.94608 223.385 273.151 318.243 393.961 4.32 1.44 1.79  -7.69 3.53 16.70  0.00251044 -0.000815691
144 1 Misc 1 1 -4.93597 715.011 466.084 1367.14 1723.13 4.61 1.50 1.87  1.63 3.71 4.50  0.00295614 -0.000229121
145 10 Pedestrian 1 1 -1.76683 674.777 209.541 865.165 265.862 10.28 2.94 2.63  9.10 3.58 41.27  -3.14106 -0.00332621
145 6 Car 1 1 -4.9461 221.539 273.656 317.094 395.095 4.32 1.44 1.79  -7.70 3.53 16.64  0.00276216 -0.000815691
145 1 Misc 1 1 -4.93615 715.748 468.629 1387.78 1765.12 4.61 1.50 1.87  1.63 3.71 4.44  0.00314021 -0.000229121
146 10 Pedestrian 1 1 -1.76735 674.582 209.483 865.299 265.862 10.28 2.94 2.63  9.08 3.57 41.20  -3.14084 -0.00332621
146 6 Car 1 1 -4.94609 219.119 274.048 315.603 396.299 4.32 1.44 1.79  -7.70 3.53 16.56  0.00273466 -0.000815691
146 1 Misc 1 1 -4.93609 716.682 471.72 1415.86 1822.2 4.61 1.50 1.87  1.63 3.71 4.37  0.00300735 -0.000229121
147 10 Pedestrian 1 1 -1.76706 674.538 209.712 865.58 266.205 10.28 2.94 2.63  9.07 3.58 41.13  -3.14076 -0.00332621
147 6 Car 1 1 -4.94612 216.962 274.606 314.3 397.621 4.32 1.44 1.79  -7.71 3.54 16.49  0.00295995 -0.000815691
147 1 Misc 1 1 -4.93629 717.742 475.098 1445.49 1882.84 4.61 1.50 1.87  1.63 3.71 4.30  0.0032481 -0.000229121
148 10 Pedestrian 1 1 -1.76681 660.316 210.589 853.99 268.11 10.28 2.94 2.63  8.20 3.60 40.50  -3.14032 -0.00332621
148 6 Car 1 1 -4.94608 214.736 275.288 312.979 399.129 4.32 1.44 1.79  -7.71 3.54 16.41  0.00327064 -0.000815691
148 1 Misc 1 1 -4.93644 718.894 478.559 1477.78 1948.17 4.61 1.50 1.87  1.63 3.71 4.22  0.00342769 -0.000229121
149 10 Pedestrian 1 1 -1.76662 645.677 211.162 841.975 269.794 10.28 2.94 2.63  7.34 3.60 39.88  -3.14041 -0.00332621
149 6 Car 1 1 -4.94612 212.863 275.403 311.859 399.874 4.32 1.44 1.79  -7.71 3.54 16.35  0.00303836 -0.000815691
149 1 Misc 1 1 -4.93631 719.754 481.053 1505.74 2004.89 4.61 1.50 1.87  1.63 3.71 4.17  0.00318331 -0.000229121
150 10 Pedestrian 1 1 -1.76585 630.637 212.055 829.646 271.871 10.28 2.94 2.63  6.48 3.62 39.25  -3.14046 -0.00332621
150 6 Car 1 1 -4.94623 210.98 275.769 310.735 400.876 4.32 1.44 1.79  -7.72 3.54 16.29  0.0031592 -0.000815691
150 1 Misc 1 1 -4.93651 720.599 483.939 1536.34 2068.15 4.61 1.50 1.87  1.63 3.71 4.10  0.00335652 -0.000229121
151 10 Pedestrian 1 1 -1.76509 615.018 213.118 816.797 274.12 10.28 2.94 2.63  5.61 3.65 38.63  -3.14024 -0.00332621
151 6 Car 1 1 -4.94622 209.082 276.4 309.574 402.176 4.32 1.44 1.79  -7.72 3.54 16.23  0.00350726 -0.000815691
151 1 Misc 1 1 -4.93674 721.402 487.033 1567.21 2132.23 4.61 1.50 1.87  1.63 3.71 4.05  0.00368428 -0.000229121
152 10 Pedestrian 1 1 -1.76502 598.905 213.76 803.511 275.979 10.28 2.94 2.63  4.74 3.65 38.01  -3.14022 -0.00332621
152 6 Car 1 1 -4.94621 207.287 276.548 308.494 402.937 4.32 1.44 1.79  -7.72 3.54 16.17  0.00330682 -0.000815691
152 1 Misc 1 1 -4.93658 722.271 489.443 1598.32 2194.67 4.61 1.50 1.87  1.63 3.71 3.99  0.00342897 -0.000229121
153 10 Pedestrian 1 1 -1.76474 582.397 214.558 789.92 278.05 10.28 2.94 2.63  3.88 3.66 37.39  -3.14014 -0.00332621
153 6 Car 1 1 -4.94616 205.641 276.839 307.55 403.841 4.32 1.44 1.79  -7.72 3.54 16.12  0.00324806 -0.000815691
153 1 Misc 1 1 -4.93647 723.173 492.105 1631.04 2261.65 4.61 1.50 1.87  1.63 3.71 3.94  0.00331884 -0.000229121
154 10 Car 1 1 -1.76435 565.211 215.422 775.736 280.25 10.28 2.94 2.63  3.02 3.67 36.77  -3.1401 -0.00332621
154 6 Car 1 1 -4.94614 203.761 277.155 306.412 404.799 4.32 1.44 1.79  -7.73 3.54 16.06  0.00322299 -0.000815691
154 1 Misc 1 1 -4.93643 723.977 494.895 1666.77 2335.09 4.61 1.50 1.87  1.63 3.71 3.89  0.00326932 -0.000229121
155 10 Pedestrian 1 1 -1.76392 547.424 216.319 761.054 282.55 10.28 2.94 2.63  2.15 3.68 36.15  -3.14009 -0.00332621
155 6 Car 1 1 -4.94624 201.717 277.431 305.166 405.72 4.32 1.44 1.79  -7.74 3.54 16.00  0.0032333 -0.000815691
155 1 Misc 1 1 -4.93652 724.65 497.681 1706.27 2417.12 4.61 1.50 1.87  1.62 3.70 3.83  0.00327619 -0.000229121
156 10 Pedestrian 1 1 -1.76321 529.146 217.601 746 285.28 10.28 2.94 2.63  1.29 3.71 35.52  -3.13975 -0.00332621
156 6 Car 1 1 -4.94641 199.735 278.087 304.005 407.049 4.32 1.44 1.79  -7.74 3.55 15.94  0.00376226 -0.000815691
156 1 Misc 1 1 -4.93706 725.364 500.88 1750.88 2510.33 4.61 1.50 1.87  1.62 3.70 3.77  0.00377249 -0.000229121
157 10 Pedestrian 1 1 -1.76276 510.306 218.696 730.375 287.848 10.28 2.94 2.63  0.43 3.73 34.91  -3.13952 -0.00332621
157 6 Car 1 1 -4.94637 198.408 278.525 303.245 408.016 4.32 1.44 1.79  -7.74 3.55 15.90  0.00394867 -0.000815691
157 1 Misc 1 1 -4.93714 726.226 503.328 1786.39 2581.81 4.61 1.50 1.87  1.62 3.70 3.73  0.00389547 -0.000229121
158 10 Pedestrian 1 1 -1.76247 490.851 219.574 714.143 290.253 10.28 2.94 2.63  -0.43 3.74 34.32  -3.13952 -0.00332621
158 6 Car 1 1 -4.9463 197.422 278.623 302.678 408.48 4.32 1.44 1.79  -7.74 3.55 15.87  0.0037961 -0.000815691
158 1 Misc 1 1 -4.93695 726.796 504.913 1812.3 2634.38 4.61 1.50 1.87  1.62 3.70 3.70  0.00370817 -0.000229121
159 10 Pedestrian 1 1 -1.76212 470.745 220.681 697.36 292.927 10.28 2.94 2.63  -1.28 3.76 33.72  -3.13928 -0.00332621
159 6 Car 1 1 -4.94626 196.457 278.94 302.134 409.177 4.32 1.44 1.79  -7.74 3.55 15.84  0.00393337 -0.000815691
159 1 Misc 1 1 -4.93699 727.305 506.625 1839.14 2689.19 4.61 1.50 1.87  1.62 3.70 3.67  0.00376471 -0.000229121
160 10 Pedestrian 1 1 -1.76171 449.911 221.777 679.938 295.677 10.28 2.94 2.63  -2.14 3.77 33.13  -3.13914 -0.00332621
160 6 Car 1 1 -4.94628 195.482 279.163 301.57 409.754 4.32 1.44 1.79  -7.74 3.55 15.81  0.00400987 -0.000815691
160 1 Misc 1 1 -4.93705 727.811 508.203 1866.63 2744.94 4.61 1.50 1.87  1.62 3.70 3.64  0.0037988 -0.000229121
161 10 Pedestrian 1 1 -1.7613 428.281 222.862 661.799 298.489 10.28 2.94 2.63  -3.00 3.79 32.53  -3.13909 -0.00332621
161 6 Car 1 1 -4.9463 194.53 279.314 300.99 410.224 4.32 1.44 1.79  -7.75 3.55 15.78  0.00401813 -0.000815691
161 1 Misc 1 1 -4.93707 728.235 509.569 1891.93 2795.99 4.61 1.50 1.87  1.62 3.70 3.61  0.00378209 -0.000229121
162 10 Pedestrian 1 1 -1.76078 405.993 224.071 643.06 301.499 10.28 2.94 2.63  -3.86 3.80 31.95  -3.139 -0.00332621
162 6 Car 1 1 -4.94632 193.819 279.523 300.578 410.682 4.32 1.44 1.79  -7.75 3.56 15.76  0.0041414 -0.000815691
162 1 Misc 1 1 -4.93718 728.503 510.78 1912.6 2839.29 4.61 1.50 1.87  1.62 3.70 3.59  0.00389216 -0.000229121
163 10 Pedestrian 1 1 -1.76024 382.888 225.251 623.584 304.567 10.28 2.94 2.63  -4.72 3.82 31.36  -3.139 -0.00332621
163 6 Car 1 1 -4.94633 193.2 279.645 300.206 411.011 4.32 1.44 1.79  -7.75 3.56 15.74  0.00416786 -0.000815691
163 1 Misc 1 1 -4.93721 728.749 511.788 1930.41 2876.43 4.61 1.50 1.87  1.62 3.70 3.57  0.00392866 -0.000229121
164 10 Pedestrian 1 1 -1.75975 358.963 226.424 603.359 307.702 10.28 2.94 2.63  -5.58 3.83 30.78  -3.13903 -0.00332621
164 6 Car 1 1 -4.94632 192.745 279.704 299.928 411.22 4.32 1.44 1.79  -7.75 3.56 15.73  0.00413993 -0.000815691
164 1 Misc 1 1 -4.93718 728.938 512.495 1943.41 2903.34 4.61 1.50 1.87  1.62 3.70 3.56  0.00390814 -0.000229121
165 10 Pedestrian 1 1 -1.75927 334.247 227.599 582.395 310.914 10.28 2.94 2.63  -6.43 3.85 30.21  -3.13909 -0.00332621
165 6 Car 1 1 -4.94632 192.537 279.693 299.807 411.274 4.32 1.44 1.79  -7.75 3.55 15.72  0.00407897 -0.000815691
165 1 Misc 1 1 -4.93713 729.005 512.813 1949.51 2916.5 4.61 1.50 1.87  1.62 3.70 3.56  0.00385855 -0.000229121
166 10 Pedestrian 1 1 -1.75876 308.522 228.867 560.557 314.321 10.28 2.94 2.63  -7.29 3.86 29.63  -3.13912 -0.00332621
166 6 Car 1 1 -4.94654 192.122 279.678 299.546 411.319 4.32 1.44 1.79  -7.75 3.55 15.71  0.00418822 -0.000815691
166 1 Misc 1 1 -4.93743 728.938 513.042 1959.37 2937.63 4.61 1.50 1.87  1.62 3.70 3.55  0.0040053 -0.000229121
167 10 Pedestrian 1 1 -1.75826 281.892 230.017 537.873 317.72 10.28 2.94 2.63  -8.15 3.87 29.06  -3.13933 -0.00332621
167 6 Car 1 1 -4.94653 192.008 279.542 299.465 411.196 4.32 1.44 1.79  -7.75 3.55 15.71  0.00400136 -0.000815691
167 1 Misc 1 1 -4.9373 728.962 513.115 1961.7 2943.05 4.61 1.50 1.87  1.62 3.70 3.54  0.0038715 -0.000229121
168 10 Pedestrian 1 1 -1.75782 254.313 231.344 514.325 321.359 10.28 2.94 2.63  -9.00 3.88 28.50  -3.13931 -0.00332621
168 6 Car 1 1 -4.94652 192.083 279.529 299.513 411.163 4.32 1.44 1.79  -7.75 3.55 15.71  0.00398994 -0.000815691
168 1 Misc 1 1 -4.93728 728.95 513 1959.67 2938.59 4.61 1.50 1.87  1.62 3.70 3.55  0.00384868 -0.000229121
169 10 Pedestrian 1 1 -1.75714 225.651 232.962 489.808 325.425 10.28 2.94 2.63  -9.86 3.90 27.93  -3.1392 -0.00332621
169 6 Car 1 1 -4.94655 192.174 279.761 299.561 411.387 4.32 1.44 1.79  -7.75 3.55 15.71  0.0042971 -0.000815691
169 1 Misc 1 1 -4.93754 728.985 513.185 1958.8 2936.71 4.61 1.50 1.87  1.62 3.70 3.55  0.00418015 -0.000229121
170 10 Pedestrian 1 1 -1.75671 195.765 234.489 464.235 329.516 10.28 2.94 2.63  -10.71 3.92 27.36  -3.13908 -0.00332621
170 6 Car 1 1 -4.94654 192.137 279.857 299.549 411.517 4.32 1.44 1.79  -7.75 3.56 15.71  0.00439353 -0.000815691
170 1 Misc 1 1 -4.93759 729.041 513.327 1960.95 2940.64 4.61 1.50 1.87  1.62 3.70 3.55  0.00424053 -0.000229121
171 10 Pedestrian 1 1 -1.75644 164.623 235.794 437.536 333.52 10.28 2.94 2.63  -11.57 3.93 26.80  -3.13913 -0.00332621
171 6 Car 1 1 -4.94651 192.093 279.664 299.531 411.327 4.32 1.44 1.79  -7.75 3.55 15.71  0.00414138 -0.000815691
171 1 Misc 1 1 -4.93737 729.031 513.114 1961.08 2940.4 4.61 1.50 1.87  1.62 3.70 3.55  0.00395213 -0.000229121
172 10 Pedestrian 1 1 -1.75591 132.234 237.437 409.689 338.026 10.28 2.94 2.63  -12.42 3.95 26.23  -3.13908 -0.00332621
172 6 Car 1 1 -4.94652 192.144 279.757 299.561 411.414 4.32 1.44 1.79  -7.75 3.55 15.71  0.00425937 -0.000815691
172 1 Misc 1 1 -4.93746 729.028 513.174 1960.25 2938.86 4.61 1.50 1.87  1.62 3.70 3.55  0.00407532 -0.000229121
173 10 Pedestrian 1 1 -1.75533 98.4084 239.211 380.557 342.833 10.28 2.94 2.63  -13.28 3.97 25.66  -3.139 -0.00332621
173 6 Car 1 1 -4.94654 192.147 279.924 299.555 411.589 4.32 1.44 1.79  -7.75 3.56 15.71  0.00446852 -0.000815691
173 1 Misc 1 1 -4.93763 729.028 513.359 1960.56 2939.78 4.61 1.50 1.87  1.62 3.70 3.55  0.00429888 -0.000229121
174 10 Pedestrian 1 1 -1.75499 63.0675 240.73 350.077 347.553 10.28 2.94 2.63  -14.13 3.97 25.10  -3.13908 -0.00332621
174 6 Car 1 1 -4.94652 192.115 279.764 299.542 411.428 4.32 1.44 1.79  -7.75 3.55 15.71  0.00426763 -0.000815691
174 1 Misc 1 1 -4.93747 729.028 513.211 1960.87 2940.2 4.61 1.50 1.87  1.62 3.70 3.55  0.00408701 -0.000229121
175 10 Pedestrian 1 1 -1.75455 26.1479 242.482 318.163 352.703 10.28 2.94 2.63  -14.99 3.99 24.53  -3.13906 -0.00332621
175 6 Car 1 1 -4.94652 192.101 279.772 299.54 411.447 4.32 1.44 1.79  -7.75 3.55 15.71  0.00426566 -0.000815691
175 1 Misc 1 1 -4.93746 729.057 513.258 1961.93 2942.27 4.61 1.50 1.87  1.62 3.70 3.54  0.00407481 -0.000229121
176 10 Pedestrian 1 1 -1.75402 -12.4844 244.398 284.683 358.233 10.28 2.94 2.63  -15.84 4.01 23.96  -3.13902 -0.00332621
176 6 Car 1 1 -4.94653 192.095 279.876 299.528 411.557 4.32 1.44 1.79  -7.75 3.56 15.71  0.00439878 -0.000815691
176 1 Misc 1 1 -4.93758 729.052 513.38 1962.12 2942.91 4.61 1.50 1.87  1.62 3.70 3.54  0.00422284 -0.000229121
177 10 Pedestrian 1 1 -1.75358 -52.9675 246.244 249.531 363.918 10.28 2.94 2.63  -16.70 4.02 23.39  -3.13907 -0.00332621
177 6 Car 1 1 -4.94653 192.076 279.835 299.509 411.511 4.32 1.44 1.79  -7.75 3.56 15.71  0.00435082 -0.000815691
177 1 Misc 1 1 -4.93755 729.051 513.336 1961.95 2942.38 4.61 1.50 1.87  1.62 3.70 3.54  0.00418325 -0.000229121
178 10 Pedestrian 1 1 -1.75318 -95.3889 248.143 212.61 369.9 10.28 2.94 2.63  -17.55 4.03 22.83  -3.1391 -0.00332621
178 6 Car 1 1 -4.94652 192.068 279.755 299.508 411.431 4.32 1.44 1.79  -7.75 3.55 15.71  0.00424726 -0.000815691
178 1 Misc 1 1 -4.93746 729.067 513.257 1962.11 2942.4 4.61 1.50 1.87  1.62 3.70 3.54  0.00407067 -0.000229121
179 10 Pedestrian 1 1 -1.75271 -139.895 250.275 173.76 376.393 10.28 2.94 2.63  -18.41 4.04 22.26  -3.13906 -0.00332621
179 6 Car 1 1 -4.94652 192.083 279.821 299.513 411.499 4.32 1.44 1.79  -7.75 3.55 15.71  0.00432851 -0.000815691
179 1 Misc 1 1 -4.93752 729.067 513.31 1961.83 2941.83 4.61 1.50 1.87  1.62 3.70 3.55  0.00415284 -0.000229121
180 10 Pedestrian 1 1 -1.75225 -186.689 252.485 132.809 383.273 10.28 2.94 2.63  -19.26 4.06 21.69  -3.13903 -0.00332621
180 6 Car 1 1 -4.94654 192.064 279.872 299.505 411.56 4.32 1.44 1.79  -7.75 3.56 15.71  0.0043958 -0.000815691
180 1 Misc 1 1 -4.93758 729.085 513.392 1962.95 2944.12 4.61 1.50 1.87  1.62 3.70 3.54  0.00422014 -0.000229121
181 10 Pedestrian 1 1 -1.75184 -235.93 254.64 89.6029 390.423 10.28 2.94 2.63  -20.12 4.07 21.12  -3.13909 -0.00332621
181 6 Car 1 1 -4.94653 192.054 279.779 299.498 411.459 4.32 1.44 1.79  -7.75 3.55 15.71  0.00427964 -0.000815691
181 1 Misc 1 1 -4.93749 729.068 513.3 1962.56 2943.4 4.61 1.50 1.87  1.62 3.70 3.54  0.00410789 -0.000229121
182 10 Pedestrian 1 1 -1.7514 -287.77 257.054 43.9694 398.2 10.28 2.94 2.63  -20.97 4.09 20.56  -3.13905 -0.00332621
182 6 Car 1 1 -4.94653 192.075 279.814 299.512 411.494 4.32 1.44 1.79  -7.75 3.55 15.71  0.00431988 -0.000815691
182 1 Misc 1 1 -4.93751 729.066 513.301 1962.08 2942.31 4.61 1.50 1.87  1.62 3.70 3.54  0.00413731 -0.000229121
183 10 Pedestrian 1 1 -1.75095 -342.504 259.555 -4.36041 406.482 10.28 2.94 2.63  -21.83 4.10 19.99  -3.13905 -0.00332621
183 6 Car 1 1 -4.94653 192.072 279.843 299.505 411.523 4.32 1.44 1.79  -7.75 3.56 15.71  0.00435804 -0.000815691
183 1 Misc 1 1 -4.93755 729.059 513.335 1962.02 2942.3 4.61 1.50 1.87  1.62 3.70 3.54  0.00418347 -0.000229121
184 10 Pedestrian 1 1 -1.75052 -400.335 262.143 -55.5923 415.308 10.28 2.94 2.63  -22.69 4.11 19.42  -3.13906 -0.00332621
184 6 Car 1 1 -4.94653 192.063 279.831 299.505 411.516 4.32 1.44 1.79  -7.75 3.55 15.71  0.00434237 -0.000815691
184 1 Misc 1 1 -4.93754 729.081 513.357 1962.81 2943.89 4.61 1.50 1.87  1.62 3.70 3.54  0.00416865 -0.000229121
185 10 Pedestrian 1 1 -1.75011 -461.586 264.872 -110.026 424.789 10.28 2.94 2.63  -23.54 4.13 18.86  -3.13905 -0.00332621
185 6 Car 1 1 -4.94652 192.039 279.81 299.491 411.503 4.32 1.44 1.79  -7.75 3.55 15.71  0.00430657 -0.000815691
185 1 Misc 1 1 -4.9375 729.089 513.35 1963.27 2944.66 4.61 1.50 1.87  1.62 3.70 3.54  0.00412247 -0.000229121
186 10 Pedestrian 1 1 -1.74967 -526.427 267.76 -167.897 434.99 10.28 2.94 2.63  -24.40 4.14 18.29  -3.13906 -0.00332621
186 6 Car 1 1 -4.94653 192.059 279.829 299.498 411.512 4.32 1.44 1.79  -7.75 3.55 15.71  0.00434021 -0.000815691
186 1 Misc 1 1 -4.93754 729.064 513.337 1962.37 2943 4.61 1.50 1.87  1.62 3.70 3.54  0.0041658 -0.000229121
187 10 Pedestrian 1 1 -1.74924 -595.339 270.824 -229.631 446.025 10.28 2.94 2.63  -25.25 4.16 17.72  -3.13904 -0.00332621
187 6 Car 1 1 -4.94653 192.054 279.854 299.494 411.54 4.32 1.44 1.79  -7.75 3.56 15.71  0.00436939 -0.000815691
187 1 Misc 1 1 -4.93756 729.066 513.367 1962.58 2943.45 4.61 1.50 1.87  1.62 3.70 3.54  0.00419433 -0.000229121
188 10 Pedestrian 1 1 -1.74883 -668.63 273.958 -295.559 457.852 10.28 2.94 2.63  -26.11 4.17 17.16  -3.13907 -0.00332621
188 6 Car 1 1 -4.94653 192.052 279.784 299.497 411.466 4.32 1.44 1.79  -7.75 3.55 15.71  0.00428454 -0.000815691
188 1 Misc 1 1 -4.93749 729.06 513.289 1962.43 2943.09 4.61 1.50 1.87  1.62 3.70 3.54  0.00410489 -0.000229121
189 10 Pedestrian 1 1 -1.74839 -746.778 277.404 -366.192 470.843 10.28 2.94 2.63  -26.96 4.18 16.59  -3.13904 -0.00332621
189 6 Car 1 1 -4.94653 192.049 279.839 299.498 411.531 4.32 1.44 1.79  -7.75 3.56 15.71  0.00434666 -0.000815691
189 1 Misc 1 1 -4.93754 729.092 513.383 1963.34 2944.91 4.61 1.50 1.87  1.62 3.70 3.54  0.00416744 -0.000229121
190 10 Pedestrian 1 1 -1.74797 -830.334 280.969 -442.051 484.904 10.28 2.94 2.63  -27.82 4.20 16.02  -3.13906 -0.00332621
190 6 Car 1 1 -4.94654 192.023 279.84 299.48 411.538 4.32 1.44 1.79  -7.75 3.55 15.71  0.00434647 -0.000815691
190 1 Misc 1 1 -4.93754 729.093 513.429 1964.02 2946.52 4.61 1.50 1.87  1.62 3.70 3.54  0.00417655 -0.000229121
191 10 Pedestrian 1 1 -1.74756 -920.116 284.782 -523.877 500.356 10.28 2.94 2.63  -28.67 4.21 15.45  -3.13906 -0.00332621
191 6 Car 1 1 -4.94654 191.949 279.82 299.422 411.535 4.32 1.44 1.79  -7.75 3.55 15.71  0.0043155 -0.000815691
191 1 Misc 1 1 -4.93752 729.133 513.424 1965.17 2947.94 4.61 1.50 1.87  1.62 3.70 3.54  0.00413642 -0.000229121
192 10 Pedestrian 1 1 -1.74714 -1015.86 288.822 -611.792 517.217 10.28 2.94 2.63  -29.53 4.23 14.89  -3.13906 -0.00332621
192 6 Car 1 1 -4.94654 192.003 279.842 299.462 411.545 4.32 1.44 1.79  -7.75 3.55 15.71  0.00434931 -0.000815691
192 1 Misc 1 1 -4.93755 729.118 513.427 1964.37 2946.73 4.61 1.50 1.87  1.62 3.70 3.54  0.0041772 -0.000229121
193 10 Pedestrian 1 1 -1.74673 -1118.77 293.103 -706.855 535.76 10.28 2.94 2.63  -30.38 4.24 14.32  -3.13905 -0.00332621
193 6 Car 1 1 -4.94654 192.078 279.823 299.51 411.497 4.32 1.44 1.79  -7.75 3.55 15.71  0.00434801 -0.000815691
193 1 Misc 1 1 -4.93755 729.054 513.286 1961.82 2941.77 4.61 1.50 1.87  1.62 3.70 3.55  0.00417322 -0.000229121
194 10 Pedestrian 1 1 -1.74631 -1256.81 297.707 -810.326 556.427 10.28 2.94 2.63  -31.24 4.25 13.76  -3.13904 -0.00332621
194 6 Car 1 1 -4.94654 192.085 279.829 299.517 411.504 4.32 1.44 1.79  -7.75 3.56 15.71  0.00434854 -0.000815691
194 1 Misc 1 1 -4.93754 729.056 513.294 1961.79 2941.75 4.61 1.50 1.87  1.62 3.70 3.55  0.00416883 -0.000229121
195 10 Pedestrian 1 1 -1.7459 -1426.01 302.377 -922.956 579.116 10.28 2.94 2.63  -32.09 4.26 13.19  -3.13918 -0.00332621
195 6 Car 1 1 -4.94652 192.121 279.75 299.527 411.398 4.32 1.44 1.79  -7.75 3.55 15.71  0.00425039 -0.000815691
195 1 Misc 1 1 -4.93747 729.003 513.215 1959.69 2938.22 4.61 1.50 1.87  1.62 3.70 3.55  0.00410957 -0.000229121
196 10 Pedestrian 1 1 -1.74549 -1615.45 307.652 -1045.97 604.864 10.28 2.94 2.63  -32.95 4.28 12.63  -3.13914 -0.00332621
196 6 Car 1 1 -4.94652 192.203 279.762 299.582 411.389 4.32 1.44 1.79  -7.75 3.55 15.72  0.00427839 -0.000815691
196 1 Misc 1 1 -4.93749 728.984 513.121 1957.77 2934.17 4.61 1.50 1.87  1.62 3.70 3.55  0.00412861 -0.000229121
197 10 Pedestrian 1 1 -1.74509 -1830.9 313.53 -1176.01 634.428 10.28 2.94 2.63  -33.80 4.30 12.06  -3.13902 -0.00332621
197 6 Car 1 1 -4.94654 192.126 279.845 299.537 411.506 4.32 1.44 1.79  -7.75 3.56 15.71  0.00438185 -0.000815691
197 1 Misc 1 1 -4.93757 729.037 513.222 1960.32 2938.48 4.61 1.50 1.87  1.62 3.70 3.55  0.0041979 -0.000229121
198 6 Car 1 1 -4.94655 192.062 279.821 299.5 411.5 4.32 1.44 1.79  -7.75 3.55 15.71  0.00434758 -0.000815691
198 1 Misc 1 1 -4.93755 729.061 513.257 1962.04 2941.8 4.61 1.50 1.87  1.62 3.70 3.54  0.00415718 -0.000229121
199 6 Car 1 1 -4.94652 192.175 279.748 299.56 411.381 4.32 1.44 1.79  -7.75 3.55 15.72  0.00426112 -0.000815691
199 1 Misc 1 1 -4.93748 729.007 513.132 1958.41 2935.2 4.61 1.50 1.87  1.62 3.70 3.55  0.00411582 -0.000229121
200 6 Car 1 1 -4.94654 192.018 279.788 299.449 411.469 4.32 1.44 1.79  -7.75 3.55 15.71  0.00429456 -0.000815691
200 1 Misc 1 1 -4.93752 729.106 513.308 1962.4 2942.26 4.61 1.50 1.87  1.62 3.70 3.54  0.0041472 -0.000229121
201 6 Car 1 1 -4.94652 192.17 279.709 299.554 411.336 4.32 1.44 1.79  -7.75 3.55 15.72  0.00421058 -0.000815691
201 1 Misc 1 1 -4.93745 728.996 513.132 1958.3 2935.37 4.61 1.50 1.87  1.62 3.70 3.55  0.00408608 -0.000229121
202 12 Misc 1 1 -5.29078 1064.75 179.649 1102.85 193.59 0.72 1.69 0.67  23.76 0.68 36.16  -0.000575096 -0.00593181
202 6 Car 1 1 -4.94652 192.165 279.75 299.552 411.385 4.32 1.44 1.79  -7.75 3.55 15.71  0.00425414 -0.000815691
202 1 Misc 1 1 -4.93747 729.011 513.184 1958.75 2936.19 4.61 1.50 1.87  1.62 3.70 3.55  0.00412274 -0.000229121
203 12 Misc 1 1 -5.29081 1064.73 179.646 1102.83 193.586 0.72 1.69 0.67  23.76 0.68 36.16  -0.000587767 -0.00593181
203 6 Car 1 1 -4.94652 192.166 279.733 299.548 411.361 4.32 1.44 1.79  -7.75 3.55 15.72  0.00424173 -0.000815691
203 1 Misc 1 1 -4.93747 728.989 513.138 1958.13 2934.95 4.61 1.50 1.87  1.62 3.70 3.55  0.00411406 -0.000229121
204 12 Misc 1 1 -5.29078 1064.73 179.646 1102.83 193.587 0.72 1.69 0.67  23.76 0.68 36.16  -0.000607902 -0.00593181
204 6 Car 1 1 -4.94653 192.18 279.712 299.555 411.331 4.32 1.44 1.79  -7.75 3.55 15.72  0.00422219 -0.000815691
204 1 Misc 1 1 -4.93746 728.979 513.101 1957.62 2933.97 4.61 1.50 1.87  1.62 3.70 3.55  0.00410237 -0.000229121
205 1 Misc 1 1 -4.93747 728.996 513.119 1957.81 2934.13 4.61 1.50 1.87  1.62 3.70 3.55  0.00411838 -0.000229121
205 6 Car 1 1 -4.94652 192.188 279.74 299.564 411.366 4.32 1.44 1.79  -7.75 3.55 15.72  0.00425254 -0.000815691
205 12 Misc 1 1 -5.2909 1064.73 179.64 1102.83 193.581 0.72 1.69 0.67  23.76 0.68 36.16  -0.000576436 -0.00593181
206 1 Misc 1 1 -4.93746 729.002 513.138 1958.29 2935.36 4.61 1.50 1.87  1.62 3.70 3.55  0.00409816 -0.000229121
206 6 Car 1 1 -4.94652 192.18 279.714 299.561 411.339 4.32 1.44 1.79  -7.75 3.55 15.72  0.00421928 -0.000815691
206 12 Misc 1 1 -5.29083 1064.75 179.643 1102.85 193.584 0.72 1.69 0.67  23.76 0.68 36.16  -0.000610675 -0.00593181
207 1 Misc 1 1 -4.93749 729.015 513.205 1959.05 2936.81 4.61 1.50 1.87  1.62 3.70 3.55  0.00414233 -0.000229121
207 6 Car 1 1 -4.94653 192.157 279.762 299.547 411.4 4.32 1.44 1.79  -7.75 3.55 15.71  0.0042717 -0.000815691
207 12 Misc 1 1 -5.29058 1064.75 179.663 1102.85 193.604 0.72 1.69 0.67  23.76 0.68 36.16  -0.000557836 -0.00593181
208 1 Misc 1 1 -4.93745 728.998 513.122 1957.99 2934.59 4.61 1.50 1.87  1.62 3.70 3.55  0.00409724 -0.000229121
208 6 Car 1 1 -4.94652 192.176 279.717 299.554 411.342 4.32 1.44 1.79  -7.75 3.55 15.72  0.0042216 -0.000815691
208 12 Misc 1 1 -5.29089 1064.73 179.639 1102.83 193.58 0.72 1.69 0.67  23.76 0.68 36.16  -0.000608076 -0.00593181
209 1 Misc 1 1 -4.93746 728.971 513.083 1957.21 2933.03 4.61 1.50 1.87  1.62 3.70 3.55  0.00410547 -0.000229121
209 6 Car 1 1 -4.94652 192.186 279.722 299.558 411.341 4.32 1.44 1.79  -7.75 3.55 15.72  0.0042343 -0.000815691
209 12 Misc 1 1 -5.29092 1064.71 179.638 1102.81 193.578 0.72 1.69 0.67  23.76 0.68 36.16  -0.000595048 -0.00593181
210 1 Misc 1 1 -4.93749 728.992 513.141 1957.86 2934.36 4.61 1.50 1.87  1.62 3.70 3.55  0.00414 -0.000229121
210 6 Car 1 1 -4.94653 192.184 279.75 299.559 411.374 4.32 1.44 1.79  -7.75 3.55 15.72  0.00426582 -0.000815691
210 12 Misc 1 1 -5.29054 1064.73 179.665 1102.83 193.606 0.72 1.69 0.67  23.76 0.68 36.16  -0.000563996 -0.00593181
211 1 Misc 1 1 -4.93745 729.017 513.17 1959.25 2937.19 4.61 1.50 1.87  1.62 3.70 3.55  0.00408702 -0.000229121
211 6 Car 1 1 -4.94652 192.145 279.716 299.541 411.353 4.32 1.44 1.79  -7.75 3.55 15.71  0.00421584 -0.000815691
211 12 Misc 1 1 -5.2911 1064.76 179.625 1102.86 193.566 0.72 1.69 0.67  23.76 0.68 36.16  -0.000613388 -0.00593181
212 1 Misc 1 1 -4.93747 729 513.166 1958.59 2935.9 4.61 1.50 1.87  1.62 3.70 3.55  0.0041148 -0.000229121
212 6 Car 1 1 -4.94652 192.153 279.735 299.54 411.367 4.32 1.44 1.79  -7.75 3.55 15.71  0.00423965 -0.000815691
212 12 Misc 1 1 -5.29074 1064.73 179.65 1102.83 193.591 0.72 1.69 0.67  23.76 0.68 36.16  -0.000590097 -0.00593181
213 1 Misc 1 1 -4.93748 728.984 513.111 1957.65 2933.87 4.61 1.50 1.87  1.62 3.70 3.55  0.00412417 -0.000229121
213 6 Car 1 1 -4.94653 192.185 279.739 299.56 411.361 4.32 1.44 1.79  -7.75 3.55 15.72  0.00425464 -0.000815691
213 12 Misc 1 1 -5.29079 1064.73 179.648 1102.82 193.588 0.72 1.69 0.67  23.76 0.68 36.16  -0.000574684 -0.00593181
214 1 Misc 1 1 -4.93747 729.005 513.141 1958.53 2935.72 4.61 1.50 1.87  1.62 3.70 3.55  0.00410665 -0.000229121
214 6 Car 1 1 -4.94653 192.165 279.721 299.55 411.349 4.32 1.44 1.79  -7.75 3.55 15.71  0.00423029 -0.000815691
214 12 Misc 1 1 -5.29083 1064.75 179.644 1102.84 193.585 0.72 1.69 0.67  23.76 0.68 36.16  -0.000599507 -0.00593181
215 1 Misc 1 1 -4.9375 729.022 513.205 1959.33 2937.29 4.61 1.50 1.87  1.62 3.70 3.55  0.00414361 -0.000229121
215 6 Car 1 1 -4.94653 192.147 279.757 299.54 411.395 4.32 1.44 1.79  -7.75 3.55 15.71  0.00427019 -0.000815691
215 12 Misc 1 1 -5.29055 1064.75 179.665 1102.85 193.606 0.72 1.69 0.67  23.76 0.68 36.16  -0.000559589 -0.00593181
216 1 Misc 1 1 -4.93747 729.006 513.146 1958.69 2935.98 4.61 1.50 1.87  1.62 3.70 3.55  0.00410451 -0.000229121
216 6 Car 1 1 -4.94653 192.163 279.729 299.551 411.361 4.32 1.44 1.79  -7.75 3.55 15.71  0.00423682 -0.000815691
216 12 Misc 1 1 -5.29102 1064.75 179.631 1102.85 193.573 0.72 1.69 0.67  23.76 0.68 36.16  -0.000592218 -0.00593181
217 1 Misc 1 1 -4.93749 729.007 513.18 1958.75 2936.26 4.61 1.50 1.87  1.62 3.70 3.55  0.00413372 -0.000229121
217 6 Car 1 1 -4.94653 192.166 279.747 299.553 411.379 4.32 1.44 1.79  -7.75 3.55 15.71  0.00425842 -0.000815691
217 12 Misc 1 1 -5.29058 1064.75 179.662 1102.85 193.603 0.72 1.69 0.67  23.76 0.68 36.16  -0.000571462 -0.00593181
218 1 Misc 1 1 -4.93749 729.03 513.227 1960 2938.78 4.61 1.50 1.87  1.62 3.70 3.55  0.00412475 -0.000229121
218 6 Car 1 1 -4.94653 192.138 279.75 299.542 411.394 4.32 1.44 1.79  -7.75 3.55 15.71  0.00425673 -0.000815691
218 12 Misc 1 1 -5.29083 1064.78 179.646 1102.88 193.587 0.72 1.69 0.67  23.76 0.68 36.16  -0.00057247 -0.00593181
219 1 Misc 1 1 -4.93747 729.011 513.196 1959.37 2937.65 4.61 1.50 1.87  1.62 3.70 3.55  0.0041118 -0.000229121
219 6 Car 1 1 -4.94653 192.143 279.729 299.539 411.365 4.32 1.44 1.79  -7.75 3.55 15.71  0.00423366 -0.000815691
219 12 Misc 1 1 -5.29074 1064.76 179.65 1102.86 193.591 0.72 1.69 0.67  23.76 0.68 36.16  -0.00059632 -0.00593181
220 1 Misc 1 1 -4.9375 729.014 513.202 1959.07 2936.88 4.61 1.50 1.87  1.62 3.70 3.55  0.00414778 -0.000229121
220 6 Car 1 1 -4.94653 192.162 279.762 299.552 411.398 4.32 1.44 1.79  -7.75 3.55 15.71  0.00427635 -0.000815691
220 12 Misc 1 1 -5.29054 1064.76 179.666 1102.86 193.608 0.72 1.69 0.67  23.76 0.68 36.16  -0.000553283 -0.00593181
221 1 Misc 1 1 -4.93746 728.993 513.163 1958.95 2936.81 4.61 1.50 1.87  1.62 3.70 3.55  0.00409469 -0.000229121
221 6 Car 1 1 -4.94653 192.139 279.714 299.533 411.347 4.32 1.44 1.79  -7.75 3.55 15.71  0.0042169 -0.000815691
221 12 Misc 1 1 -5.29091 1064.75 179.638 1102.85 193.579 0.72 1.69 0.67  23.76 0.68 36.16  -0.000612945 -0.00593181
222 1 Misc 1 1 -4.93747 728.993 513.158 1958.34 2935.45 4.61 1.50 1.87  1.62 3.70 3.55  0.00411748 -0.000229121
222 6 Car 1 1 -4.94652 192.169 279.743 299.554 411.375 4.32 1.44 1.79  -7.75 3.55 15.72  0.00424974 -0.000815691
222 12 Misc 1 1 -5.29085 1064.74 179.643 1102.84 193.585 0.72 1.69 0.67  23.76 0.68 36.16  -0.000579392 -0.00593181
223 1 Misc 1 1 -4.93748 728.99 513.165 1958.51 2935.84 4.61 1.50 1.87  1.62 3.70 3.55  0.0041273 -0.000229121
223 6 Car 1 1 -4.94653 192.162 279.744 299.548 411.375 4.32 1.44 1.79  -7.75 3.55 15.71  0.00425561 -0.000815691
223 12 Misc 1 1 -5.29072 1064.74 179.653 1102.84 193.594 0.72 1.69 0.67  23.76 0.68 36.16  -0.000573914 -0.00593181
224 1 Misc 1 1 -4.93747 729.005 513.172 1959.03 2936.86 4.61 1.50 1.87  1.62 3.70 3.55  0.00410597 -0.000229121
224 6 Car 1 1 -4.94653 192.156 279.73 299.549 411.365 4.32 1.44 1.79  -7.75 3.55 15.71  0.00423638 -0.000815691
224 12 Misc 1 1 -5.29096 1064.76 179.635 1102.86 193.577 0.72 1.69 0.67  23.76 0.68 36.16  -0.000592835 -0.00593181
225 1 Misc 1 1 -4.93749 728.995 513.192 1958.87 2936.6 4.61 1.50 1.87  1.62 3.70 3.55  0.00413765 -0.000229121
225 6 Car 1 1 -4.94653 192.151 279.755 299.542 411.391 4.32 1.44 1.79  -7.75 3.55 15.71  0.00426623 -0.000815691
225 12 Misc 1 1 -5.29062 1064.75 179.66 1102.85 193.601 0.72 1.69 0.67  23.76 0.68 36.16  -0.000563337 -0.00593181
226 1 Misc 1 1 -4.93747 728.993 513.151 1958.77 2936.46 4.61 1.50 1.87  1.62 3.70 3.55  0.0041076 -0.000229121
226 6 Car 1 1 -4.94653 192.161 279.719 299.551 411.348 4.32 1.44 1.79  -7.75 3.55 15.71  0.00423086 -0.000815691
226 12 Misc 1 1 -5.29084 1064.76 179.643 1102.86 193.585 0.72 1.69 0.67  23.76 0.68 36.16  -0.000598971 -0.00593181
227 1 Misc 1 1 -4.93749 729.026 513.224 1959.76 2938.31 4.61 1.50 1.87  1.62 3.70 3.55  0.00413605 -0.000229121
227 6 Car 1 1 -4.94653 192.147 279.755 299.546 411.397 4.32 1.44 1.79  -7.75 3.55 15.71  0.00426585 -0.000815691
227 12 Misc 1 1 -5.29069 1064.78 179.656 1102.87 193.598 0.72 1.69 0.67  23.76 0.68 36.16  -0.000563611 -0.00593181
228 1 Misc 1 1 -4.93748 729.008 513.201 1959.41 2937.79 4.61 1.50 1.87  1.62 3.70 3.55  0.00411744 -0.000229121
228 6 Car 1 1 -4.94653 192.143 279.73 299.539 411.366 4.32 1.44 1.79  -7.75 3.55 15.71  0.00423714 -0.000815691
228 12 Misc 1 1 -5.29065 1064.77 179.656 1102.87 193.598 0.72 1.69 0.67  23.76 0.68 36.16  -0.000593058 -0.00593181
229 1 Misc 1 1 -4.93748 729.015 513.172 1959.23 2937.18 4.61 1.50 1.87  1.62 3.70 3.55  0.00411432 -0.000229121
229 6 Car 1 1 -4.94653 192.155 279.728 299.548 411.362 4.32 1.44 1.79  -7.75 3.55 15.71  0.00424015 -0.000815691
229 12 Misc 1 1 -5.29083 1064.77 179.644 1102.87 193.586 0.72 1.69 0.67  23.76 0.68 36.16  -0.000589509 -0.00593181
230 1 Misc 1 1 -4.9375 729.01 513.198 1959.04 2936.86 4.61 1.50 1.87  1.62 3.70 3.55  0.00415085 -0.000229121
230 6 Car 1 1 -4.94654 192.156 279.753 299.544 411.387 4.32 1.44 1.79  -7.75 3.55 15.71  0.00427057 -0.000815691
230 12 Misc 1 1 -5.29036 1064.75 179.678 1102.85 193.619 0.72 1.69 0.67  23.76 0.69 36.16  -0.00055984 -0.00593181
231 1 Misc 1 1 -4.93748 728.998 513.142 1958.61 2935.94 4.61 1.50 1.87  1.62 3.70 3.55  0.00411865 -0.000229121
231 6 Car 1 1 -4.94654 192.163 279.726 299.549 411.353 4.32 1.44 1.79  -7.75 3.55 15.71  0.00424208 -0.000815691
231 12 Misc 1 1 -5.29075 1064.75 179.65 1102.85 193.591 0.72 1.69 0.67  23.76 0.68 36.16  -0.000587809 -0.00593181
