0.500000000 -0.142602 -0.051857 12.556908 0.000685 -0.004868 -0.001625 0.999987
0.550000000 -0.146783 -0.059065 13.757138 0.000627 -0.006081 -0.002264 0.999979
0.600000000 -0.136301 -0.064426 14.874901 0.001081 -0.008062 -0.002093 0.999965
0.650000000 -0.121108 -0.085390 16.021624 0.001395 -0.010496 -0.001733 0.999942
0.700000000 -0.147923 -0.078881 17.240506 0.002227 -0.012287 0.000125 0.999922
0.750000000 -0.179275 -0.094605 18.437404 0.003228 -0.013973 0.000453 0.999897
0.800000000 -0.221365 -0.094896 19.656920 0.003169 -0.015071 0.001095 0.999881
0.850000000 -0.265306 -0.100545 20.861824 0.002328 -0.015983 0.001183 0.999869
0.900000000 -0.316193 -0.101116 22.079036 0.001961 -0.016626 0.001503 0.999859
0.950000000 -0.177926 -0.023209 23.564335 0.003291 -0.019387 0.001445 0.999806
1.000000000 -0.396128 -0.100242 24.519232 0.002432 -0.018119 0.001954 0.999831
1.050000000 -0.452683 -0.103271 25.725201 0.002868 -0.018871 0.001893 0.999816
1.100000000 -0.528785 -0.105365 26.900785 0.003575 -0.019250 0.002487 0.999805
1.150000000 -0.576990 -0.104446 28.098322 0.003862 -0.019858 0.002148 0.999793
1.200000000 -0.592394 -0.081854 29.330150 0.003223 -0.020528 0.000533 0.999784
1.250000000 -0.669020 -0.115752 30.502570 0.002136 -0.020297 0.000301 0.999792
1.300000000 -0.718996 -0.133676 31.700028 0.002171 -0.020490 -0.000137 0.999788
1.350000000 -0.773199 -0.146972 32.886450 0.002830 -0.020405 0.000021 0.999788
1.400000000 -0.816506 -0.145256 34.091323 0.003885 -0.020445 0.000142 0.999783
1.450000000 -0.865775 -0.148933 35.265743 0.004284 -0.020089 0.000314 0.999789
1.500000000 -0.915441 -0.157282 36.426312 0.003880 -0.019436 0.000766 0.999803
1.550000000 -0.977818 -0.148047 37.604659 0.003455 -0.018215 0.001290 0.999827
1.600000000 -1.005560 -0.163250 38.747780 0.003149 -0.017098 0.001356 0.999848
1.650000000 -1.059553 -0.171415 39.910647 0.003190 -0.015579 0.001243 0.999873
1.700000000 -1.084744 -0.180020 41.088962 0.003017 -0.014179 0.002177 0.999893
1.750000000 -1.125796 -0.179140 42.277645 0.002798 -0.012658 0.002762 0.999912
1.800000000 -1.158001 -0.212750 43.403000 0.002490 -0.010956 0.003228 0.999932
1.850000000 -1.186621 -0.202471 44.565476 0.002721 -0.009224 0.004099 0.999945
1.900000000 -1.239480 -0.214398 45.766010 0.002666 -0.007054 0.004182 0.999963
1.950000000 -1.320257 -0.196301 47.062078 0.002877 -0.004248 0.004118 0.999978
2.000000000 -1.281426 -0.210715 48.135969 0.002977 -0.003064 0.003234 0.999986
2.050000000 -1.295179 -0.201582 49.290355 0.003596 -0.000875 0.002884 0.999989
2.100000000 -1.327719 -0.196065 50.483702 0.004432 0.001129 0.002843 0.999985
2.150000000 -1.300791 -0.201764 51.625881 0.004549 0.002534 0.003162 0.999981
2.200000000 -1.288839 -0.203554 52.807976 0.004757 0.003803 0.003851 0.999974
2.250000000 -0.842372 -0.274619 49.489170 0.000821 0.003386 0.003460 0.999988
2.300000000 -1.173104 -0.173962 55.126803 0.005056 0.004485 0.003440 0.999971
2.350000000 -1.176664 -0.221201 56.299003 0.005462 0.005108 0.003716 0.999965
2.400000000 -1.206603 -0.213928 57.501810 0.006691 0.005724 0.001330 0.999960
2.450000000 -1.182692 -0.226491 58.632702 0.005690 0.005337 0.001086 0.999969
2.500000000 -1.177862 -0.248059 59.767387 0.004213 0.005079 0.000281 0.999978
2.550000000 -1.133420 -0.262320 60.906221 0.002926 0.004591 0.001467 0.999984
2.600000000 -1.120927 -0.267030 62.086224 0.002410 0.003808 0.003106 0.999985
2.650000000 -1.112157 -0.263779 63.260416 0.002584 0.003201 0.003982 0.999984
2.700000000 -1.108853 -0.276459 64.441814 0.003685 0.002800 0.004535 0.999979
2.750000000 -1.113183 -0.276091 65.617591 0.005106 0.002362 0.003837 0.999977
2.800000000 -1.107209 -0.278703 66.788177 0.006018 0.001472 0.002537 0.999978
2.850000000 -1.093375 -0.292518 68.001252 0.006161 0.000139 0.002783 0.999977
2.900000000 -1.106840 -0.324300 69.169884 0.005478 -0.001429 0.002144 0.999982
2.950000000 -1.135505 -0.328510 70.321750 0.005049 -0.003128 0.001922 0.999981
3.000000000 -1.153174 -0.334618 71.428930 0.005340 -0.005314 0.000560 0.999971
3.050000000 -1.155752 -0.335942 72.645449 0.005904 -0.007502 -0.000148 0.999954
3.100000000 -1.021027 -0.346930 73.866019 0.005997 -0.011736 -0.001345 0.999912
3.150000000 -1.191721 -0.357396 74.995984 0.005732 -0.009997 -0.002115 0.999931
3.200000000 -1.221450 -0.364250 76.178979 0.005751 -0.010837 -0.002572 0.999921
3.250000000 -2.451367 -0.581500 74.165272 0.000224 0.003021 0.005548 0.999980
3.300000000 -1.321968 -0.374088 78.334798 0.008672 -0.012297 0.000787 0.999886
3.350000000 -1.325827 -0.412622 79.583971 0.009533 -0.013722 0.001197 0.999860
3.400000000 -1.361513 -0.437407 80.746918 0.007235 -0.014834 0.001191 0.999863
3.450000000 -1.397229 -0.446939 81.942527 0.004246 -0.015860 0.001015 0.999865
3.500000000 -1.447689 -0.447670 83.109059 0.002687 -0.016911 0.000504 0.999853
3.550000000 -1.520160 -0.451615 84.285694 0.002817 -0.017540 0.000114 0.999842
3.600000000 -1.567094 -0.457212 85.469430 0.004221 -0.018914 -0.000565 0.999812
3.650000000 -1.627119 -0.463859 86.621990 0.005510 -0.020413 -0.001490 0.999775
3.700000000 -1.693950 -0.476597 87.805455 0.005745 -0.021987 -0.002006 0.999740
3.750000000 -1.764206 -0.488153 89.044386 0.005430 -0.023806 -0.002691 0.999698
3.800000000 -1.828519 -0.482178 90.204053 0.005499 -0.025848 -0.003501 0.999645
3.850000000 -1.904134 -0.493238 91.417487 0.005702 -0.028110 -0.004467 0.999579
3.900000000 -1.829908 -0.477658 92.687424 0.006878 -0.033151 -0.005262 0.999413
3.950000000 -2.068430 -0.516844 93.800748 0.005613 -0.032623 -0.005459 0.999437
4.000000000 -2.149307 -0.524343 95.001102 0.005145 -0.034956 -0.005698 0.999359
4.050000000 -2.228253 -0.537102 96.221139 0.004739 -0.037571 -0.006461 0.999262
4.100000000 -2.330037 -0.544044 97.420693 0.005196 -0.040031 -0.006846 0.999161
4.150000000 -2.445878 -0.551828 98.636069 0.005963 -0.042326 -0.007272 0.999060
4.200000000 -2.551263 -0.577461 99.822040 0.005390 -0.044498 -0.007349 0.998968
4.250000000 -2.084795 -0.365098 101.582032 0.008602 -0.056340 -0.009226 0.998332
4.300000000 -2.814668 -0.603071 102.302113 0.003831 -0.047942 -0.008645 0.998805
4.350000000 -2.937122 -0.588630 103.506857 0.003705 -0.049449 -0.009396 0.998726
4.400000000 -3.061162 -0.592244 104.735551 0.003639 -0.050725 -0.009621 0.998660
4.450000000 -3.200737 -0.607479 105.997675 0.003659 -0.052000 -0.010094 0.998589
4.500000000 -3.329469 -0.614724 107.229401 0.003563 -0.053375 -0.009785 0.998520
4.550000000 -3.488100 -0.624252 108.426207 0.003569 -0.054385 -0.009308 0.998470
4.600000000 -3.655255 -0.634997 109.647345 0.004040 -0.055346 -0.008685 0.998421
4.650000000 -3.797664 -0.641988 110.845232 0.004330 -0.056475 -0.008585 0.998358
4.700000000 -3.944264 -0.653814 112.052272 0.004258 -0.057359 -0.009620 0.998298
4.750000000 -4.099170 -0.638023 113.293831 0.004033 -0.058150 -0.009894 0.998251
4.800000000 -4.254247 -0.633830 114.527723 0.003473 -0.059008 -0.011476 0.998185
4.850000000 -4.403688 -0.631254 115.726719 0.002143 -0.059554 -0.010607 0.998166
4.900000000 -4.558263 -0.616597 116.904594 0.002937 -0.060169 -0.011394 0.998119
4.950000000 -4.705065 -0.616460 118.126809 0.005638 -0.060800 -0.012612 0.998054
5.000000000 -4.848605 -0.618847 119.355041 0.007431 -0.061613 -0.013116 0.997986
5.050000000 -4.995056 -0.626111 120.610650 0.007763 -0.062227 -0.012552 0.997953
5.100000000 -5.162841 -0.657582 121.755409 0.007661 -0.062239 -0.011086 0.997970
5.150000000 -5.238688 -0.641102 123.160278 0.008768 -0.064360 -0.009096 0.997847
5.200000000 -5.473940 -0.685666 124.142087 0.007980 -0.062998 -0.007706 0.997952
5.250000000 -5.622218 -0.688163 125.440820 0.007067 -0.063752 -0.006677 0.997918
5.300000000 -5.779602 -0.702942 126.679199 0.006308 -0.064263 -0.006783 0.997890
5.350000000 -5.954938 -0.710020 127.913281 0.006332 -0.064281 -0.006758 0.997889
5.400000000 -6.133661 -0.713153 129.162657 0.006671 -0.064382 -0.007459 0.997875
5.450000000 -6.305865 -0.728828 130.407908 0.006545 -0.064576 -0.007915 0.997860
5.500000000 -6.471738 -0.736168 131.681730 0.006473 -0.065157 -0.007551 0.997825
5.550000000 -6.644015 -0.741836 132.982599 0.006810 -0.065696 -0.007360 0.997789
5.600000000 -6.816963 -0.745601 134.290975 0.007964 -0.066098 -0.007503 0.997753
5.650000000 -7.007565 -0.771406 135.569154 0.008776 -0.066481 -0.006889 0.997725
5.700000000 -7.186637 -0.785137 136.887595 0.009587 -0.066990 -0.006905 0.997684
5.750000000 -7.381004 -0.794759 138.203827 0.009795 -0.067391 -0.007790 0.997648
5.800000000 -7.567778 -0.808546 139.571595 0.008713 -0.067990 -0.008156 0.997615
5.850000000 -7.761601 -0.818297 140.912813 0.007163 -0.068405 -0.008087 0.997599
5.900000000 -7.948806 -0.829805 142.217035 0.007139 -0.068841 -0.007635 0.997573
5.950000000 -8.133074 -0.841539 143.590750 0.008349 -0.069633 -0.006802 0.997515
6.000000000 -8.319380 -0.856361 144.889529 0.009283 -0.070248 -0.005809 0.997469
6.050000000 -8.527357 -0.865157 146.305641 0.010007 -0.070821 -0.005146 0.997426
6.100000000 -8.743009 -0.868135 147.669086 0.009971 -0.071180 -0.006305 0.997394
6.150000000 -8.949357 -0.880516 149.061894 0.009135 -0.071674 -0.006076 0.997368
6.200000000 -9.171347 -0.896348 150.424954 0.009033 -0.071926 -0.007019 0.997344
6.250000000 -8.846597 -0.989864 149.013008 0.005038 -0.068543 -0.002046 0.997633
6.300000000 -9.607019 -0.931799 153.273027 0.009974 -0.072767 -0.006058 0.997281
6.350000000 -9.829792 -0.947685 154.738459 0.008871 -0.073397 -0.005368 0.997249
6.400000000 -10.037687 -0.965259 156.147450 0.007826 -0.074085 -0.004959 0.997209
6.450000000 -10.257203 -0.979829 157.595004 0.007372 -0.074914 -0.005250 0.997149
6.500000000 -10.474857 -0.990715 159.028667 0.007495 -0.075686 -0.005741 0.997087
6.550000000 -10.703566 -1.003253 160.463935 0.007606 -0.076476 -0.005860 0.997025
6.600000000 -10.921839 -1.017141 161.890931 0.007662 -0.077347 -0.005439 0.996960
6.650000000 -11.157400 -1.026093 163.339731 0.007751 -0.078365 -0.004787 0.996883
6.700000000 -11.379517 -1.037954 164.748718 0.007021 -0.079312 -0.003770 0.996818
6.750000000 -11.622696 -1.062684 166.207810 0.006393 -0.080281 -0.003469 0.996746
6.800000000 -11.841849 -1.087413 167.599897 0.005045 -0.081103 -0.003506 0.996687
6.850000000 -12.067033 -1.095563 169.005531 0.003151 -0.081766 -0.003815 0.996639
6.900000000 -12.298609 -1.111316 170.397985 0.003162 -0.082068 -0.004598 0.996611
6.950000000 -12.542123 -1.139758 171.846538 0.006738 -0.082242 -0.006110 0.996571
7.000000000 -12.791033 -1.163478 173.241609 0.010809 -0.082081 -0.007410 0.996540
7.050000000 -13.034463 -1.187594 174.637127 0.011667 -0.081922 -0.007469 0.996542
7.100000000 -13.258997 -1.221745 176.012939 0.009527 -0.081978 -0.005812 0.996572
