14 1 Car 1 1 -4.95572 160 180 229 210 4.61 1.47 1.92 -28.27 3.29 50.92 0.000131429 1
14 0 Car 1 1 -4.9705 771 191 1033 323 4.40 1.62 1.82 6.15 3.05 12.81 0.00490692 1
15 1 Car 1 1 -4.94661 147 183 216 213 4.61 1.47 1.92 -28.38 3.49 51.75 0.00212962 1
15 0 Car 1 1 -4.95946 767 191 1015 319 4.40 1.62 1.82 6.22 3.27 14.16 0.00690929 1
16 1 Car 1 1 -4.94575 133 183 205 214 4.61 1.47 1.92 -29.38 3.52 52.13 0.00280994 1
16 0 Car 1 1 -4.95466 763 191 998 311 4.40 1.62 1.82 6.26 3.36 14.46 0.00678979 1
17 1 Car 1 1 -4.94861 116 183 193 215 4.61 1.47 1.92 -30.45 3.45 52.59 0.00157234 1
17 0 Car 1 1 -4.95393 759 189 981 305 4.40 1.62 1.82 7.16 3.34 15.11 0.00510597 1
18 1 Car 1 1 -4.94925 98 183 179 216 4.61 1.47 1.93 -32.23 3.43 53.99 0.00136903 1
18 0 Car 1 1 -4.94866 755 187 966 301 4.40 1.62 1.82 7.33 3.42 15.60 0.00436898 1
19 1 Car 1 1 -4.94821 78 183 167 219 4.61 1.47 1.93 -32.77 3.49 53.62 0.00343316 1
19 0 Car 1 1 -4.95298 750 188 952 298 4.40 1.62 1.82 7.23 3.39 15.60 0.00702128 1
20 2 Car 1 1 -4.92077 146 183 207 212 5.24 1.94 2.03 -22.44 3.91 41.92 0.00615943 1
20 1 Car 1 1 -4.93132 56 183 149 221 4.61 1.48 1.93 -33.13 3.81 53.19 0.0026644 1
20 0 Car 1 1 -4.94872 746 188 939 293 4.40 1.62 1.82 7.38 3.44 16.24 0.00530472 1
21 2 Car 1 1 -4.91814 132 181 195 214 5.19 1.93 2.03 -24.00 4.00 42.54 0.00703452 1
21 1 Car 1 1 -4.92998 34 186 135 224 4.61 1.48 1.93 -33.44 3.86 52.64 0.00328984 1
21 0 Car 1 1 -4.94836 742 189 927 290 4.40 1.62 1.82 7.45 3.46 16.92 0.00617414 1
22 2 Car 1 1 -4.91515 111 187 182 219 5.18 1.87 2.02 -23.69 4.14 44.04 0.00836058 1
22 1 Car 1 1 -4.92677 8 187 114 228 4.61 1.48 1.93 -33.77 3.97 52.09 0.00513308 1
22 0 Car 1 1 -4.94854 738 190 914 287 4.40 1.62 1.82 7.50 3.49 17.50 0.00758077 1
23 2 Car 1 1 -4.90884 90 186 163 222 5.23 2.04 2.15 -23.21 4.25 47.71 0.00897811 1
23 0 Car 1 1 -4.94733 734 190 903 284 4.40 1.62 1.82 7.51 3.52 17.90 0.00815601 1
24 0 Car 1 1 -4.94735 730 188 891 279 4.40 1.62 1.82 7.48 3.50 18.17 0.00689276 1
25 2 Car 1 1 -4.91417 74 183 133 218 5.30 2.07 2.12 -23.19 4.00 45.34 0.00579054 1
25 0 Car 1 1 -4.94547 726 186 880 275 4.40 1.62 1.82 7.49 3.49 18.53 0.00472066 1
26 2 Car 1 1 -4.91711 15 182 111 224 5.56 1.83 1.09 -23.00 4.05 46.04 0.00592114 1
26 0 Car 1 1 -4.9444 720 187 869 273 4.40 1.62 1.82 7.49 3.51 18.85 0.00479462 1
27 2 Car 1 1 -4.92875 0 183 89 229 5.71 1.18 1.63 -23.00 4.12 44.85 0.00721324 1
27 0 Car 1 1 -4.944 716 187 859 270 4.40 1.62 1.82 7.49 3.55 19.29 0.00611051 1
28 3 Car 1 1 -4.9804 1018 194 1240 373 4.18 1.58 1.79 3.96 2.88 8.62 0.00193643 1
28 0 Car 1 1 -4.94435 712 188 848 268 4.40 1.62 1.82 7.48 3.58 19.59 0.00821926 1
29 3 Car 1 1 -4.97295 995 188 1240 374 4.18 1.58 1.79 3.77 3.01 8.79 0.00279703 1
29 0 Car 1 1 -4.94426 707 189 838 267 4.40 1.62 1.82 7.58 3.60 19.93 0.00901697 1
30 0 Car 1 1 -4.94424 701 188 828 263 4.40 1.62 1.82 7.55 3.59 20.30 0.00820559 1
31 0 Car 1 1 -4.94518 696 187 817 260 4.40 1.62 1.82 7.51 3.55 20.65 0.00735345 1
32 0 Car 1 1 -4.94459 689 187 806 257 4.40 1.62 1.82 7.44 3.55 21.04 0.0067448 1
33 3 Car 1 1 -4.97227 909 182 1239 368 4.18 1.58 1.79 3.60 2.99 7.06 0.00117169 1
33 0 Car 1 1 -4.9442 683 186 795 255 4.40 1.62 1.82 7.37 3.56 21.42 0.00683022 1
34 0 Car 1 1 -4.94457 677 184 785 253 4.40 1.62 1.82 7.28 3.55 21.78 0.00649027 1
35 0 Car 1 1 -4.94519 671 184 774 250 4.40 1.62 1.82 7.20 3.52 22.12 0.00606029 1
36 0 Car 1 1 -4.94401 663 184 763 247 4.40 1.62 1.82 7.10 3.54 22.54 0.0054592 1
37 0 Car 1 1 -4.94518 656 183 753 244 4.40 1.62 1.82 7.00 3.52 22.91 0.00594236 1
38 0 Car 1 1 -4.94478 649 183 742 244 4.40 1.62 1.82 6.89 3.53 23.26 0.00585062 1
39 3 Car 1 1 -4.9742 792 175 1158 371 4.18 1.58 1.79 3.35 2.98 4.31 0.0021653 1
39 0 Car 1 1 -4.94573 642 183 732 241 4.40 1.62 1.82 6.77 3.52 23.51 0.0062954 1
40 3 Car 1 1 -4.97262 775 177 1110 369 4.18 1.58 1.79 3.23 3.00 3.97 0.00187528 1
40 0 Car 1 1 -4.94441 636 183 722 241 4.40 1.62 1.82 6.60 3.55 23.97 0.00648414 1
41 3 Car 1 1 -4.97393 759 179 1065 361 4.18 1.58 1.79 3.17 2.99 3.54 0.00287847 1
41 0 Car 1 1 -4.94446 629 184 711 240 4.40 1.62 1.82 6.44 3.57 24.35 0.00772551 1
42 3 Car 1 1 -4.97587 742 179 1026 353 4.18 1.58 1.79 3.10 2.99 2.81 0.00446677 1
42 0 Car 1 1 -4.94444 622 185 703 239 4.40 1.62 1.82 6.30 3.61 24.69 0.00940735 1
43 3 Car 1 1 -4.9786 727 179 990 344 4.18 1.58 1.79 2.90 2.95 2.77 0.00487535 1
43 0 Car 1 1 -4.94434 615 184 694 238 4.40 1.62 1.82 6.14 3.61 25.08 0.00965996 1
44 3 Car 1 1 -4.98215 713 179 956 336 4.18 1.58 1.79 2.73 2.91 2.68 0.00566901 1
44 0 Car 1 1 -4.94463 608 185 685 238 4.40 1.62 1.82 6.00 3.62 25.42 0.0101092 1
45 3 Car 1 1 -4.97279 700 178 926 330 4.18 1.58 1.79 2.09 2.93 7.10 -0.00210299 1
45 0 Car 1 1 -4.94258 603 184 677 236 4.40 1.62 1.82 5.47 3.50 30.28 0.00222183 1
46 3 Car 1 1 -4.96572 686 179 897 322 4.18 1.58 1.79 2.92 3.17 8.59 0.00601216 1
46 0 Car 1 1 -4.94381 597 186 670 234 4.40 1.62 1.82 5.70 3.65 26.14 0.0106963 1
47 3 Car 1 1 -4.9596 675 180 873 318 4.18 1.58 1.79 2.68 3.29 12.41 0.00695137 1
47 0 Car 1 1 -4.94156 592 186 662 234 4.41 1.62 1.82 5.60 3.71 26.48 0.0115247 1
48 3 Car 1 1 -4.95656 664 182 850 315 4.18 1.58 1.79 2.39 3.37 13.71 0.00794548 1
48 0 Car 1 1 -4.93999 585 188 655 235 4.41 1.62 1.82 5.51 3.80 26.85 0.0138865 1
49 3 Car 1 1 -4.95543 655 180 830 308 4.18 1.58 1.79 2.17 3.35 14.56 0.00588839 1
49 0 Car 1 1 -4.93964 582 186 648 233 4.41 1.62 1.82 5.43 3.76 27.37 0.0118743 1
50 3 Car 1 1 -4.95385 646 178 811 301 4.18 1.58 1.79 1.98 3.32 14.91 0.00259748 1
50 0 Car 1 1 -4.93903 578 183 644 229 4.41 1.62 1.82 5.36 3.71 27.76 0.00888668 1
51 3 Car 1 1 -4.95509 637 175 793 294 4.18 1.58 1.79 1.84 3.26 15.31 0.000806221 1
51 0 Car 1 1 -4.93993 574 182 641 225 4.41 1.62 1.82 5.28 3.64 28.13 0.0063603 1
52 3 Car 1 1 -4.95568 630 174 778 288 4.18 1.58 1.78 1.67 3.25 15.84 0.000745909 1
52 0 Car 1 1 -4.94112 570 181 634 224 4.41 1.62 1.82 5.25 3.59 28.46 0.00538859 1
53 3 Car 1 1 -4.9583 623 174 763 283 4.18 1.58 1.78 1.62 3.22 15.93 0.00157217 1
53 0 Car 1 1 -4.94175 567 181 628 223 4.41 1.62 1.82 5.21 3.59 28.79 0.00576376 1
54 3 Car 1 1 -4.95721 616 176 750 281 4.18 1.58 1.78 1.38 3.28 16.86 0.00399609 1
54 0 Car 1 1 -4.94064 563 182 621 223 4.41 1.62 1.82 5.16 3.66 29.11 0.00798355 1
55 3 Car 1 1 -4.95726 610 176 737 279 4.19 1.58 1.78 1.35 3.32 16.91 0.00632419 1
55 0 Car 1 1 -4.93929 560 183 614 226 4.41 1.62 1.82 5.12 3.75 29.43 0.0107958 1
56 3 Car 1 1 -4.95307 604 179 726 276 4.19 1.58 1.78 1.44 3.42 17.44 0.00733828 1
56 0 Car 1 1 -4.93791 558 184 610 225 4.41 1.62 1.82 5.09 3.81 29.76 0.0125695 1
57 3 Car 1 1 -4.9546 600 178 716 274 4.19 1.58 1.79 1.30 3.40 17.56 0.00774954 1
57 0 Car 1 1 -4.93735 555 184 605 225 4.41 1.62 1.82 5.08 3.83 30.05 0.0128575 1
58 3 Car 1 1 -4.95454 596 177 708 271 4.19 1.58 1.79 1.30 3.37 17.74 0.00607765 1
58 0 Car 1 1 -4.93611 554 183 603 224 4.41 1.62 1.82 5.12 3.83 30.38 0.011465 1
59 3 Car 1 1 -4.95641 591 176 701 267 4.19 1.58 1.79 1.23 3.32 17.68 0.00512935 1
59 0 Car 1 1 -4.93616 554 183 600 223 4.41 1.62 1.82 5.18 3.81 30.73 0.0105956 1
60 3 Car 1 1 -4.95613 589 179 695 265 4.19 1.58 1.79 1.17 3.32 18.20 0.00493781 1
60 0 Car 1 1 -4.93504 553 183 598 223 4.41 1.62 1.82 5.26 3.85 31.11 0.0111425 1
61 3 Car 1 1 -4.9572 586 179 688 264 4.19 1.58 1.79 1.23 3.31 18.42 0.00564037 1
61 0 Car 1 1 -4.93425 553 184 594 223 4.41 1.62 1.82 5.33 3.89 31.47 0.0122571 1
62 3 Car 1 1 -4.95745 584 179 681 260 4.19 1.58 1.79 1.07 3.30 18.51 0.00519159 1
62 0 Car 1 1 -4.93324 552 183 593 223 4.41 1.62 1.82 5.39 3.92 31.72 0.0124374 1
63 3 Car 1 1 -4.95738 579 179 673 259 4.20 1.58 1.80 1.04 3.28 18.93 0.004254 1
63 0 Car 1 1 -4.93215 550 183 591 222 4.41 1.62 1.82 5.39 3.93 33.06 0.0118939 1
64 8 Car 1 1 -6.23487 47 168 114 214 5.24 1.94 2.12 -27.18 -0.91 40.72 0.0162529 1
64 3 Car 1 1 -4.95861 577 177 666 256 4.20 1.58 1.80 0.98 3.26 18.85 0.00404882 1
64 0 Car 1 1 -4.93168 549 183 588 221 4.41 1.62 1.82 5.41 3.94 33.38 0.0119304 1
65 8 Car 1 1 -6.8666 28 171 99 218 5.24 1.94 2.12 -29.27 -1.63 42.73 0.00197229 1
65 7 Car 1 1 -1.96676 184 182 238 204 4.36 1.51 1.90 -29.06 1.68 53.10 -3.13544 1
65 3 Car 1 1 -4.94965 574 179 661 256 4.20 1.58 1.80 1.67 3.31 22.14 -0.00206793 1
65 0 Car 1 1 -4.9318 545 186 583 222 4.40 1.62 1.83 5.68 3.70 37.10 0.00110186 1
66 8 Car 1 1 -6.89393 8 175 84 220 5.24 1.94 2.11 -29.33 -1.64 39.56 0.0204221 1
66 7 Car 1 1 -2.66909 176 185 230 208 4.36 1.51 1.90 -29.69 -0.21 54.85 -3.11719 1
66 3 Car 1 1 -4.95485 570 182 655 259 4.20 1.58 1.80 0.94 3.46 18.97 0.0114925 1
66 0 Car 1 1 -4.9303 543 192 573 223 4.40 1.62 1.83 5.52 4.12 34.22 0.0178011 1
67 7 Car 1 1 -2.70398 166 187 223 211 4.36 1.51 1.90 -30.01 -0.25 55.61 -3.11567 1
67 3 Car 1 1 -4.95224 567 183 649 259 4.20 1.58 1.80 0.88 3.55 19.40 0.0133747 1
67 0 Car 1 1 -4.92838 544 191 575 226 4.40 1.62 1.83 5.56 4.21 34.46 0.0195212 1
68 7 Car 1 1 -3.13511 156 183 216 210 4.36 1.51 1.90 -30.44 -0.73 56.58 -3.12018 1
68 3 Car 1 1 -4.95285 564 180 645 254 4.20 1.58 1.80 0.78 3.45 19.92 0.0089438 1
68 0 Car 1 1 -4.929 544 187 572 224 4.40 1.62 1.83 5.61 4.08 34.82 0.0149225 1
69 7 Car 1 1 -3.84072 145 179 208 206 4.36 1.51 1.90 -30.47 -1.57 56.11 -3.12598 1
69 3 Car 1 1 -4.95486 561 176 639 248 4.20 1.58 1.81 0.90 3.31 20.78 0.00308704 1
69 0 Car 1 1 -4.93133 541 183 570 218 4.40 1.62 1.83 5.66 3.88 35.15 0.00894157 1
70 7 Car 1 1 -3.95092 134 176 197 204 4.36 1.51 1.90 -30.47 -1.78 55.50 -3.12883 1
70 3 Car 1 1 -4.95757 559 174 634 244 4.20 1.58 1.81 0.83 3.20 20.71 -0.000189735 1
70 0 Car 1 1 -4.93295 537 181 565 215 4.40 1.62 1.83 5.73 3.78 35.50 0.00582332 1
71 7 Car 1 1 -3.95616 121 178 171 205 4.36 1.51 1.90 -30.60 -1.79 54.79 -3.12842 1
71 3 Car 1 1 -4.95627 556 175 631 243 4.20 1.58 1.81 0.72 3.23 21.11 -0.000143185 1
71 0 Car 1 1 -4.93255 538 179 565 213 4.40 1.62 1.83 5.78 3.79 35.82 0.00608525 1
72 7 Car 1 1 -3.90372 109 176 182 207 4.36 1.51 1.90 -30.57 -1.68 54.04 -3.1254 1
72 3 Car 1 1 -4.95233 555 176 627 243 4.20 1.58 1.82 0.74 3.34 21.27 0.0022118 1
72 0 Car 1 1 -4.93044 541 180 568 214 4.40 1.62 1.83 5.87 3.90 36.13 0.00889699 1
73 7 Car 1 1 -3.8632 120 180 172 208 4.36 1.51 1.90 -30.51 -1.60 53.30 -3.12251 1
73 3 Car 1 1 -4.95116 551 178 625 244 4.20 1.58 1.82 0.71 3.40 21.56 0.00422398 1
73 0 Car 1 1 -4.92843 541 180 568 214 4.40 1.62 1.82 5.97 4.01 36.46 0.0114864 1
74 7 Car 1 1 -3.8667 82 181 163 211 4.36 1.51 1.90 -30.43 -1.61 52.47 -3.12184 1
74 3 Car 1 1 -4.95079 548 180 622 243 4.20 1.58 1.83 0.71 3.41 21.79 0.00442056 1
74 0 Car 1 1 -4.92749 541 180 568 214 4.40 1.62 1.82 6.10 4.05 36.77 0.0119688 1
75 9 Car 1 1 -2.06191 276 164 326 197 7.49 3.01 2.62 -25.33 0.41 56.99 -3.1323 1
75 7 Car 1 1 -3.90795 68 179 152 210 4.36 1.51 1.90 -30.32 -1.68 51.55 -3.12217 1
75 3 Car 1 1 -4.95079 546 179 621 241 4.20 1.58 1.83 0.73 3.39 22.09 0.00347262 1
75 0 Car 1 1 -4.92711 541 180 568 214 4.40 1.62 1.82 6.24 4.04 37.02 0.0113584 1
76 9 Car 1 1 -2.07608 266 164 316 197 7.49 3.01 2.62 -24.89 0.35 54.84 -3.132 1
76 7 Car 1 1 -3.93972 53 179 143 211 4.36 1.51 1.90 -30.19 -1.74 50.70 -3.12169 1
76 3 Car 1 1 -4.95293 549 179 618 241 4.20 1.58 1.83 0.71 3.35 22.02 0.00320818 1
76 0 Car 1 1 -4.92697 541 180 568 214 4.40 1.62 1.82 6.40 4.05 37.35 0.0115239 1
77 9 Car 1 1 -2.08585 253 161 309 198 7.49 3.01 2.62 -24.44 0.31 52.64 -3.1314 1
77 7 Car 1 1 -4.04043 38 179 133 211 4.36 1.51 1.90 -30.12 -1.96 49.96 -3.12088 1
77 3 Car 1 1 -4.95406 550 179 618 241 4.20 1.58 1.83 0.71 3.32 21.90 0.00313429 1
77 0 Car 1 1 -4.92594 541 181 559 212 4.40 1.62 1.82 6.59 4.08 37.62 0.0119711 1
78 9 Car 1 1 -2.07921 236 160 298 199 7.49 3.01 2.62 -23.89 0.35 50.63 -3.12887 1
78 7 Car 1 1 -4.09703 22 179 121 212 4.36 1.51 1.90 -29.94 -2.10 49.35 -3.11821 1
78 3 Car 1 1 -4.95644 549 179 617 241 4.20 1.58 1.83 0.68 3.32 21.72 0.0050766 1
78 0 Car 1 1 -4.92516 541 181 559 212 4.40 1.62 1.82 6.83 4.17 37.79 0.0143953 1
79 10 Car 1 1 -2.01655 220 158 287 199 5.29 1.82 2.25 -23.81 1.22 47.88 -3.13534 1
79 9 Car 1 1 -3.0591 220 158 287 199 7.85 3.54 0.00 -25.08 -1.68 52.13 -3.13135 1
79 7 Car 1 1 -4.18351 3 178 107 212 4.36 1.51 1.90 -29.99 -2.39 48.54 -3.12061 1
79 3 Car 1 1 -4.95691 550 179 617 238 4.20 1.58 1.83 0.59 3.26 22.43 0.00252022 1
79 0 Car 1 1 -4.92471 536 182 556 202 4.40 1.62 1.82 6.99 4.11 38.20 0.0118666 1
80 10 Car 1 1 -1.89619 201 157 272 200 5.36 1.81 2.22 -23.79 2.11 47.53 -3.13627 1
80 9 Car 1 1 -2.23036 201 157 272 201 7.12 6.13 1.64 -24.67 -1.75 50.00 -3.13221 1
80 3 Car 1 1 -4.95909 548 179 615 237 4.20 1.58 1.83 0.56 3.21 22.64 0.00152546 1
80 0 Car 1 1 -4.92484 536 182 556 202 4.40 1.62 1.82 7.20 4.09 38.48 0.0109643 1
81 10 Car 1 1 -1.90274 178 155 259 203 5.36 1.81 2.22 -23.56 2.04 46.44 -3.13709 1
81 9 Car 1 1 -2.26154 178 155 259 203 7.12 6.13 1.64 -24.25 -1.83 47.86 -3.13283 1
81 3 Car 1 1 -4.96081 552 179 615 234 4.20 1.58 1.83 0.58 3.16 22.52 0.000402887 1
81 0 Car 1 1 -4.92449 536 182 556 202 4.40 1.62 1.82 7.42 4.08 38.74 0.0102171 1
82 10 Car 1 1 -1.90231 152 154 242 206 5.36 1.81 2.22 -23.40 2.05 44.81 -3.13616 1
82 9 Car 1 1 -2.25783 152 154 242 205 7.12 6.13 1.64 -23.85 -1.82 45.71 -3.13181 1
82 3 Car 1 1 -4.9624 553 179 616 234 4.20 1.58 1.83 0.62 3.15 22.41 0.00114007 1
83 10 Car 1 1 -1.85577 121 153 223 209 5.44 1.79 2.10 -23.55 2.61 43.18 -3.13461 1
83 9 Car 1 1 -2.67218 121 153 223 209 7.93 4.67 -2.71 -25.89 -1.81 44.16 -3.13017 1
83 3 Car 1 1 -4.96178 556 180 618 236 4.20 1.58 1.83 0.52 3.18 23.33 0.00246157 1
84 10 Car 1 1 -1.81772 121 153 223 209 5.93 1.17 1.85 -23.81 3.48 41.42 -3.13573 1
84 9 Car 1 1 -3.59246 84 152 198 211 6.56 2.79 -0.07 -25.93 -1.86 42.06 -3.13126 1
84 3 Car 1 1 -4.96278 557 180 618 236 4.20 1.58 1.84 0.77 3.14 24.01 0.00135004 1
85 10 Car 1 1 -1.82209 121 153 223 209 6.15 1.02 1.92 -23.51 3.60 39.53 -3.12915 1
85 9 Car 1 1 -3.74688 39 147 170 212 6.43 2.58 0.75 -25.44 -1.96 39.99 -3.12427 1
85 3 Car 1 1 -4.97497 558 178 618 233 4.20 1.58 1.84 0.61 3.04 24.49 0.00695995 1
86 10 Car 1 1 -1.80645 121 153 223 209 6.25 1.04 1.93 -23.45 3.70 38.94 -3.13883 1
86 9 Car 1 1 -4.13358 0 144 137 214 6.42 1.93 1.28 -25.32 -2.47 37.67 -3.13402 1
86 3 Car 1 1 -4.9498 558 177 618 229 4.20 1.58 1.84 0.72 3.30 25.95 -0.00223043 1
87 3 Car 1 1 -4.95235 559 176 618 228 4.21 1.58 1.84 0.91 3.25 26.44 -0.00279529 1
88 3 Car 1 1 -4.95306 559 176 618 229 4.21 1.58 1.84 0.92 3.23 26.33 -0.00300292 1
89 3 Car 1 1 -4.9544 560 176 618 226 4.21 1.58 1.84 0.94 3.21 26.16 -0.0031559 1
90 3 Car 1 1 -4.95308 560 176 618 227 4.21 1.57 1.84 1.01 3.23 26.05 -0.00317198 1
91 3 Car 1 1 -4.95313 560 176 618 225 4.21 1.57 1.84 1.05 3.24 26.22 -0.00292175 1
92 3 Car 1 1 -4.95175 562 177 618 227 4.21 1.57 1.84 1.05 3.28 26.59 -0.001703 1
93 3 Car 1 1 -4.95347 564 179 618 226 4.21 1.57 1.84 1.07 3.26 26.52 -0.00107187 1
94 3 Car 1 1 -4.95461 563 178 618 226 4.21 1.57 1.84 0.93 3.23 27.30 -0.00165946 1
95 3 Car 1 1 -4.95563 563 176 618 223 4.21 1.57 1.84 1.58 3.21 28.01 -0.00220614 1
96 3 Car 1 1 -4.95847 564 175 618 223 4.21 1.57 1.84 1.60 3.13 27.88 -0.00398502 1
97 3 Car 1 1 -4.95651 564 172 617 219 4.21 1.57 1.84 1.50 3.13 28.44 -0.00617711 1
98 3 Car 1 1 -4.94757 563 172 617 219 4.21 1.57 1.84 1.34 3.30 29.35 -0.00496459 1
99 3 Car 1 1 -4.94207 564 176 617 221 4.21 1.57 1.84 1.24 3.49 29.75 -0.000220742 1
100 11 Car 1 1 -1.91157 265 172 321 192 4.45 1.48 1.86 -27.07 2.12 60.66 -3.13667 1
100 3 Car 1 1 -4.94198 567 179 617 223 4.21 1.57 1.84 1.25 3.55 29.60 0.00307617 1
101 11 Car 1 1 -1.81498 257 171 302 193 4.45 1.48 1.86 -25.47 3.36 63.12 -3.13629 1
101 3 Car 1 1 -4.9437 567 179 617 223 4.21 1.57 1.84 1.26 3.54 29.43 0.00398906 1
102 11 Car 1 1 -1.80818 249 173 297 195 4.45 1.48 1.86 -26.30 3.47 65.00 -3.1372 1
102 3 Car 1 1 -4.94465 567 179 617 224 4.21 1.57 1.85 1.11 3.53 30.36 0.00443579 1
103 11 Car 1 1 -1.7898 240 175 283 198 4.45 1.48 1.86 -26.48 3.87 63.61 -3.13598 1
103 3 Car 1 1 -4.94735 567 180 617 222 4.21 1.57 1.85 1.13 3.54 30.04 0.00751498 1
104 11 Car 1 1 -1.78693 231 176 299 201 4.45 1.48 1.86 -26.47 3.89 62.32 -3.1382 1
104 3 Car 1 1 -4.94838 569 180 616 220 4.21 1.57 1.85 1.14 3.50 30.15 0.00655683 1
105 11 Car 1 1 -1.78756 222 178 249 200 4.45 1.48 1.86 -26.33 3.82 60.86 -3.14047 1
105 3 Car 1 1 -4.95196 570 179 617 217 4.21 1.57 1.85 1.11 3.40 30.23 0.00523845 1
106 11 Car 1 1 -8.07385 212 184 226 199 4.45 1.48 1.86 -26.23 3.73 59.46 3.1413 1
106 3 Car 1 1 -4.95434 572 178 617 219 4.21 1.57 1.85 1.02 3.33 30.74 0.00371985 1
107 3 Car 1 1 -4.95611 572 178 617 218 4.21 1.57 1.85 0.89 3.30 31.36 0.00377787 1
108 11 Car 1 1 -1.79274 212 184 226 199 4.45 1.48 1.86 -26.12 3.71 56.63 -3.14085 1
108 3 Car 1 1 -4.95692 573 178 618 217 4.21 1.57 1.85 0.91 3.30 31.59 0.00413649 1
109 3 Car 1 1 -4.95475 574 178 617 218 4.21 1.57 1.85 0.92 3.33 32.18 0.00369443 1
110 3 Car 1 1 -4.95332 574 178 618 216 4.21 1.57 1.85 0.94 3.35 32.48 0.00372253 1
111 12 Car 1 1 -1.80175 268 176 305 196 4.42 1.52 1.90 -27.12 3.61 60.37 -3.1354 1
111 3 Car 1 1 -4.95089 575 178 618 215 4.21 1.57 1.85 1.20 3.41 33.79 0.00447252 1
112 12 Car 1 1 -1.79181 268 176 305 196 4.42 1.52 1.90 -27.78 3.87 64.98 -3.13312 1
112 3 Car 1 1 -4.94531 577 179 618 218 4.21 1.57 1.85 1.25 3.56 33.68 0.00667145 1
113 3 Car 1 1 -4.94079 577 180 618 219 4.21 1.57 1.85 1.18 3.69 34.13 0.00852897 1
113 12 Car 1 1 -1.78775 268 176 305 196 4.42 1.52 1.90 -29.95 4.01 64.08 -3.13137 1
114 13 Car 1 1 -1.78736 103 180 180 210 4.31 1.53 1.86 -27.90 3.92 46.01 -3.13555 1
114 3 Car 1 1 -4.93703 578 183 618 219 4.21 1.57 1.85 1.28 3.81 35.37 0.0101151 1
114 12 Car 1 1 -1.78471 243 182 285 202 4.42 1.52 1.90 -32.42 4.12 66.46 -3.12976 1
115 13 Car 1 1 -1.78957 85 179 166 211 4.31 1.53 1.86 -27.72 3.88 45.53 -3.13497 1
115 3 Car 1 1 -4.93781 578 183 618 218 4.21 1.57 1.85 1.23 3.79 35.65 0.010148 1
115 12 Car 1 1 -1.78725 235 184 278 204 4.42 1.52 1.90 -32.18 4.06 64.76 -3.12952 1
116 13 Car 1 1 -1.7929 64 178 151 210 4.31 1.53 1.86 -27.64 3.76 44.34 -3.13706 1
116 3 Car 1 1 -4.94049 579 180 618 218 4.21 1.57 1.85 1.24 3.68 35.68 0.00789024 1
116 12 Car 1 1 -1.7924 220 172 257 198 4.42 1.52 1.90 -31.93 3.89 63.02 -3.13174 1
117 15 Car 1 1 -1.91835 138 175 209 204 4.20 1.51 1.82 -25.93 2.03 41.59 -3.13882 1
117 13 Car 1 1 -1.79633 41 176 135 208 4.31 1.53 1.86 -27.51 3.62 42.88 -3.14015 1
117 3 Car 1 1 -4.94456 578 178 619 211 4.21 1.57 1.85 1.26 3.54 35.56 0.00489854 1
117 12 Car 1 1 -1.79803 209 169 245 200 4.42 1.52 1.90 -31.71 3.70 61.88 -3.1348 1
118 15 Car 1 1 -1.81119 120 176 196 205 4.20 1.51 1.82 -26.84 3.37 44.38 -3.13891 1
118 13 Car 1 1 -1.79546 16 176 117 211 4.31 1.53 1.86 -28.06 3.64 41.98 -3.14027 1
118 3 Car 1 1 -4.9461 580 178 619 212 4.21 1.57 1.85 1.15 3.51 36.30 0.00505378 1
118 12 Car 1 1 -1.79701 198 169 225 196 4.42 1.53 1.90 -31.47 3.72 60.19 -3.13474 1
119 15 Car 1 1 -1.79499 101 179 183 209 4.20 1.51 1.82 -27.52 3.73 45.65 -3.13656 1
119 13 Car 1 1 -1.78925 0 180 97 215 4.31 1.53 1.86 -27.77 3.82 40.14 -3.138 1
119 3 Car 1 1 -4.94582 581 179 619 213 4.21 1.57 1.85 1.30 3.57 36.02 0.00778635 1
120 15 Car 1 1 -1.79012 81 181 154 212 4.20 1.51 1.82 -29.59 3.88 45.40 -3.13478 1
120 3 Car 1 1 -4.94495 581 181 619 216 4.21 1.57 1.85 1.12 3.64 37.90 0.0100431 1
120 12 Car 1 1 -1.78624 198 169 225 196 4.41 1.53 1.91 -30.95 4.07 56.76 -3.13009 1
121 15 Car 1 1 -1.7877 59 184 113 215 4.20 1.51 1.82 -29.56 3.96 43.97 -3.1334 1
121 3 Car 1 1 -4.93371 581 181 619 218 4.21 1.57 1.85 1.21 3.92 37.90 0.0117468 1
121 12 Car 1 1 -1.78236 161 176 220 209 4.41 1.53 1.91 -30.71 4.21 54.95 -3.12851 1
122 3 Car 1 1 -4.93519 581 181 618 216 4.21 1.57 1.85 1.22 3.87 37.76 0.0111922 1
122 12 Car 1 1 -1.78649 134 180 208 209 4.41 1.53 1.92 -30.48 4.10 53.20 -3.12881 1
123 15 Car 1 1 -1.79344 60 179 116 214 4.20 1.51 1.82 -29.57 3.80 41.26 -3.13504 1
123 3 Car 1 1 -4.93795 581 180 618 214 4.21 1.57 1.85 1.27 3.78 37.45 0.00966293 1
123 12 Car 1 1 -1.78841 116 180 196 210 4.41 1.53 1.92 -30.25 4.01 51.43 -3.13042 1
124 15 Car 1 1 -1.79692 0 176 96 217 4.20 1.51 1.82 -29.59 3.72 39.91 -3.13514 1
124 3 Car 1 1 -4.93917 581 180 618 213 4.21 1.57 1.85 1.30 3.74 37.18 0.00907144 1
124 12 Car 1 1 -1.79135 97 180 181 209 4.41 1.53 1.92 -30.68 3.93 50.66 -3.1308 1
125 3 Car 1 1 -4.94351 581 183 618 215 4.21 1.57 1.85 0.94 3.53 39.75 0.003331 1
125 12 Car 1 1 -1.78157 74 181 164 212 4.41 1.53 1.92 -31.84 4.00 52.89 -3.13778 1
126 3 Car 1 1 -4.94071 581 183 619 215 4.21 1.57 1.85 1.38 3.75 36.49 0.0113289 1
126 12 Car 1 1 -1.78681 51 183 148 215 4.41 1.53 1.92 -32.06 4.09 49.86 -3.12873 1
127 3 Car 1 1 -4.9438 582 182 619 212 4.21 1.57 1.85 1.38 3.65 36.59 0.00947023 1
127 12 Car 1 1 -1.78702 25 183 122 215 4.41 1.53 1.92 -32.74 4.04 49.44 -3.13078 1
128 3 Car 1 1 -4.94679 582 179 619 211 4.21 1.57 1.85 1.36 3.55 36.86 0.00760552 1
128 12 Car 1 1 -1.7878 0 182 112 216 4.41 1.53 1.92 -33.35 3.97 48.97 -3.13277 1
129 3 Car 1 1 -4.94875 582 179 620 211 4.21 1.57 1.85 1.28 3.49 37.55 0.00660637 1
130 3 Car 1 1 -4.95016 584 179 621 211 4.21 1.57 1.85 1.34 3.47 37.19 0.00665587 1
131 3 Car 1 1 -4.9399 583 179 621 211 4.21 1.57 1.85 1.38 3.67 37.49 0.00683449 1
132 3 Car 1 1 -4.94114 585 179 621 211 4.21 1.57 1.85 1.35 3.65 37.92 0.00713034 1
133 3 Car 1 1 -4.94268 585 179 622 211 4.21 1.57 1.85 1.47 3.63 38.06 0.00758358 1
134 3 Car 1 1 -4.94581 586 178 622 208 4.21 1.57 1.85 1.57 3.55 37.90 0.00657897 1
135 3 Car 1 1 -4.94793 588 176 624 208 4.21 1.57 1.85 1.65 3.49 38.08 0.00548171 1
136 3 Car 1 1 -4.95159 588 175 625 207 4.21 1.57 1.85 1.62 3.37 38.72 0.0028335 1
137 3 Car 1 1 -4.95814 589 171 626 203 4.21 1.57 1.85 1.63 3.19 39.31 -0.000995926 1
138 3 Car 1 1 -4.95939 589 171 626 203 4.21 1.57 1.85 1.73 3.16 39.01 -0.00128482 1
139 3 Car 1 1 -4.93967 589 176 626 208 4.21 1.57 1.84 1.70 3.64 39.03 0.00511696 1
140 3 Car 1 1 -4.92924 589 181 625 212 4.21 1.57 1.84 1.68 4.04 39.07 0.0125709 1
141 3 Car 1 1 -4.92864 589 183 625 214 4.21 1.57 1.84 1.61 4.10 39.52 0.0142259 1
142 3 Car 1 1 -4.93216 588 179 625 211 4.21 1.57 1.84 1.63 3.93 39.71 0.0106992 1
