11 2 Car -1 -1 -1.82134 711 147 881 219 4.84 2.01 1.97 10.14 3.02 23.24 -3.13454 1
12 2 Car -1 -1 -1.81146 668 150 845 226 4.83 2.01 1.97 9.35 3.25 23.33 -3.13186 1
13 2 Car -1 -1 -1.80342 622 155 804 233 4.83 2.02 1.97 7.79 3.52 22.80 -3.12614 1
14 2 Car -1 -1 -1.79906 570 157 760 238 4.83 2.02 1.97 6.23 3.68 21.95 -3.12353 1
15 2 Car -1 -1 -1.7953 513 157 711 244 4.83 2.02 1.98 4.72 3.76 21.19 -3.12362 1
16 3 Car -1 -1 -1.80559 902 177 1034 230 4.44 1.68 1.89 15.26 3.37 25.65 -3.14016 1
16 2 Car -1 -1 -1.79218 442 159 662 250 4.83 2.02 1.98 3.27 3.87 20.59 -3.12253 1
17 3 Car -1 -1 -1.80171 857 179 991 234 4.44 1.68 1.89 14.20 3.47 26.07 -3.13861 1
17 2 Car -1 -1 -1.79016 376 160 606 260 4.84 2.00 1.97 1.98 3.97 19.56 -3.12072 1
18 1 Car -1 -1 -4.96684 1135 180 1240 267 4.67 1.60 1.93 12.97 3.05 18.56 0.000538895 1
18 3 Car -1 -1 -1.80142 812 180 950 235 4.44 1.68 1.89 12.67 3.49 25.88 -3.13804 1
18 2 Car -1 -1 -1.78864 295 160 548 268 4.84 1.99 1.95 0.63 4.03 18.64 -3.12013 1
19 1 Car -1 -1 -4.94937 1129 181 1239 267 4.67 1.60 1.93 12.73 3.34 19.29 0.000150808 1
19 3 Car -1 -1 -1.80125 768 179 907 237 4.44 1.68 1.89 10.88 3.48 25.20 -3.13874 1
19 2 Car -1 -1 -1.78612 198 159 483 277 4.84 1.98 1.94 -0.69 4.09 17.60 -3.1207 1
20 1 Car -1 -1 -4.93749 1119 179 1238 263 4.67 1.60 1.93 13.46 3.51 20.81 -0.00254611 1
20 3 Car -1 -1 -8.08271 723 179 864 240 4.44 1.68 1.89 9.32 3.44 25.01 3.14082 1
20 2 Car -1 -1 -1.78089 81 159 411 291 4.85 1.98 1.94 -1.90 4.14 16.44 -3.12396 1
21 4 Car -1 -1 -1.80752 916 179 1011 223 4.83 1.77 2.03 16.68 3.28 30.99 -3.14034 1
21 1 Car -1 -1 -4.93538 1110 176 1240 260 4.67 1.60 1.93 13.17 3.54 21.27 -0.00359457 1
21 3 Car -1 -1 -8.08124 674 180 822 243 4.44 1.68 1.89 7.68 3.43 24.02 3.13887 1
21 2 Car -1 -1 -1.77686 0 160 323 311 4.85 1.97 1.93 -2.71 4.21 15.20 -3.12553 1
22 4 Car -1 -1 -1.79144 877 182 975 226 4.83 1.77 2.03 15.34 3.60 31.13 -3.14011 1
22 1 Car -1 -1 -4.93331 1096 179 1229 259 4.67 1.60 1.94 13.48 3.60 22.67 -0.00267665 1
22 3 Car -1 -1 -8.07857 622 181 778 248 4.44 1.68 1.89 6.07 3.50 23.06 3.13944 1
23 4 Car -1 -1 -1.78716 839 184 935 230 4.83 1.77 2.03 14.21 3.79 31.25 -3.13592 1
23 1 Car -1 -1 -4.93147 1080 182 1202 259 4.67 1.60 1.94 13.42 3.71 23.84 0.000957234 1
23 3 Car -1 -1 -1.79666 566 182 730 255 4.44 1.68 1.89 4.43 3.55 22.06 -3.13966 1
24 4 Car -1 -1 -1.78234 799 187 897 234 4.83 1.77 2.03 12.54 4.08 31.16 -3.12889 1
24 1 Car -1 -1 -4.92866 1059 186 1173 260 4.67 1.60 1.94 12.95 3.89 24.58 0.00613718 1
24 3 Car -1 -1 -1.80133 500 184 681 263 4.44 1.68 1.89 2.88 3.59 20.84 -3.13321 1
25 5 Car -1 -1 -1.77627 895 188 967 221 4.88 1.57 1.96 16.55 4.06 38.72 -3.13941 1
25 4 Car -1 -1 -1.78379 755 188 857 236 4.83 1.77 2.03 10.84 4.12 31.04 -3.12587 1
25 1 Car -1 -1 -4.92829 1036 189 1140 259 4.67 1.60 1.94 12.32 3.93 25.31 0.00772701 1
25 3 Car -1 -1 -1.80434 427 184 627 269 4.44 1.68 1.89 1.45 3.58 19.61 -3.13074 1
26 5 Car -1 -1 -8.06196 857 188 924 219 4.88 1.57 1.97 15.08 3.95 40.10 3.14152 1
26 4 Car -1 -1 -1.7837 714 186 813 235 4.83 1.77 2.03 9.32 4.08 31.08 -3.12745 1
26 1 Car -1 -1 -4.92964 1010 184 1105 254 4.67 1.60 1.94 11.57 3.84 26.03 0.00502303 1
26 3 Car -1 -1 -1.80565 340 181 567 278 4.44 1.68 1.89 -0.00 3.51 18.23 -3.13291 1
27 5 Car -1 -1 -8.06541 816 184 884 218 4.92 1.54 1.97 12.70 3.86 42.56 3.14023 1
27 4 Car -1 -1 -1.78534 666 185 772 236 4.83 1.77 2.03 7.48 4.06 33.13 -3.12647 1
27 1 Car -1 -1 -4.92823 981 184 1069 249 4.67 1.60 1.94 10.86 3.80 29.20 0.00175699 1
27 3 Car -1 -1 -1.80629 230 180 498 292 4.44 1.68 1.89 -1.30 3.48 19.27 -3.13389 1
28 5 Car -1 -1 -8.05961 775 189 845 219 4.92 1.54 2.02 10.32 4.01 39.85 3.14092 1
28 4 Car -1 -1 -1.7804 615 185 727 239 4.83 1.77 2.03 5.35 4.16 30.24 -3.12772 1
28 1 Car -1 -1 -4.93082 950 184 1031 246 4.67 1.61 1.94 9.70 3.79 27.49 0.00416339 1
28 3 Car -1 -1 -1.80688 89 181 417 312 4.44 1.68 1.89 -2.79 3.47 15.32 -3.13347 1
29 5 Car -1 -1 -1.77722 734 185 805 222 4.93 1.54 2.05 7.84 4.01 39.52 -3.14126 1
29 4 Car -1 -1 -1.77938 562 184 681 243 4.83 1.77 2.03 3.40 4.22 29.61 -3.12627 1
29 1 Car -1 -1 -4.93086 918 184 994 246 4.67 1.61 1.94 8.64 3.80 28.17 0.00469334 1
29 3 Car -1 -1 -1.80986 0 182 320 340 4.44 1.68 1.89 -4.17 3.43 14.18 -3.13239 1
30 5 Car -1 -1 -1.77924 693 183 765 220 4.94 1.55 2.08 5.46 3.97 38.74 -3.14073 1
30 4 Car -1 -1 -1.77987 503 184 633 247 4.83 1.77 2.03 1.46 4.25 28.90 -3.12466 1
30 1 Car -1 -1 -4.93092 886 184 955 243 4.67 1.61 1.94 7.45 3.79 28.84 0.00419776 1
31 5 Car -1 -1 -1.78494 651 183 721 219 4.95 1.56 2.09 3.04 3.85 37.89 -3.14037 1
31 4 Car -1 -1 -1.7808 438 183 582 252 4.83 1.77 2.02 -0.42 4.27 28.07 -3.12317 1
31 1 Car -1 -1 -4.93112 853 183 919 241 4.67 1.61 1.94 6.19 3.77 29.46 0.00350905 1
32 5 Car -1 -1 -1.78883 608 183 681 221 4.95 1.56 2.11 0.80 3.74 36.83 -3.14117 1
32 4 Car -1 -1 -1.77872 363 183 528 259 4.83 1.77 2.02 -2.24 4.31 27.12 -3.12383 1
32 1 Car -1 -1 -4.9306 819 183 881 238 4.67 1.61 1.94 4.85 3.76 30.04 0.00264025 1
33 5 Car -1 -1 -8.07356 562 182 639 220 4.96 1.57 2.12 -1.37 3.66 35.65 3.14016 1
33 4 Car -1 -1 -1.77592 273 183 468 268 4.83 1.77 2.02 -4.01 4.33 26.05 -3.12578 1
33 1 Car -1 -1 -4.9313 785 182 843 234 4.67 1.61 1.94 3.41 3.71 30.54 0.000999234 1
34 5 Car -1 -1 -8.07344 516 181 596 222 4.96 1.58 2.13 -3.42 3.62 34.29 3.13833 1
34 4 Car -1 -1 -1.77207 162 183 398 283 4.82 1.78 2.01 -5.68 4.37 24.83 -3.12811 1
34 1 Car -1 -1 -4.93221 749 180 804 231 4.67 1.61 1.94 1.92 3.67 30.93 -0.000233189 1
35 5 Car -1 -1 -8.07023 469 181 555 225 4.97 1.59 2.14 -5.54 3.67 33.31 3.13742 1
35 4 Car -1 -1 -1.76908 16 185 321 303 4.82 1.78 2.01 -7.21 4.43 23.56 -3.12933 1
35 1 Car -1 -1 -4.93278 716 179 769 229 4.67 1.61 1.93 0.43 3.64 31.28 -0.000791251 1
36 5 Car -1 -1 -8.07257 421 179 514 228 4.97 1.59 2.14 -7.16 3.60 31.81 3.13653 1
36 1 Car -1 -1 -4.93333 685 179 737 226 4.67 1.61 1.93 -0.95 3.63 31.57 -0.00102684 1
37 5 Car -1 -1 -8.0748 374 180 478 233 4.97 1.59 2.14 -8.47 3.55 30.24 3.13622 1
37 1 Car -1 -1 -4.93401 659 179 711 226 4.67 1.61 1.93 -2.17 3.62 31.75 -0.00054579 1
38 5 Car -1 -1 -8.07612 327 186 442 238 4.97 1.59 2.14 -9.52 3.53 28.65 3.13649 1
38 1 Car -1 -1 -4.93405 637 179 688 226 4.67 1.61 1.93 -3.25 3.65 31.89 0.000689381 1
39 6 Car -1 -1 -1.80781 280 186 408 245 4.86 1.67 1.92 -8.58 3.33 24.02 -3.14061 1
39 5 Car -1 -1 -8.06382 280 186 408 245 4.97 1.59 2.14 -10.35 3.80 27.10 3.1372 1
39 1 Car -1 -1 -4.93359 617 179 666 224 4.67 1.61 1.94 -4.18 3.68 32.02 0.00189236 1
40 6 Car -1 -1 -1.80191 231 187 375 252 4.86 1.67 1.92 -9.89 3.44 24.07 -3.14049 1
40 5 Car -1 -1 -8.06786 280 186 408 245 4.98 1.59 2.13 -11.00 3.71 25.57 3.13733 1
40 1 Car -1 -1 -4.93408 602 179 651 223 4.66 1.61 1.94 -4.99 3.67 32.15 0.00198441 1
41 6 Car -1 -1 -1.79955 231 187 375 252 4.86 1.66 1.92 -10.31 3.48 23.50 -3.14062 1
41 5 Car -1 -1 -8.06946 172 187 342 257 4.98 1.59 2.13 -11.48 3.68 24.06 3.13717 1
41 1 Car -1 -1 -4.93366 589 179 636 222 4.66 1.61 1.94 -5.67 3.68 32.26 0.00201271 1
42 6 Car -1 -1 -1.79816 231 187 375 252 4.86 1.66 1.93 -10.52 3.52 26.20 -3.14027 1
42 5 Car -1 -1 -8.06699 109 190 307 268 4.99 1.59 2.12 -11.80 3.74 22.54 3.13737 1
42 1 Car -1 -1 -4.93235 581 180 625 222 4.66 1.61 1.94 -6.20 3.73 32.33 0.00290652 1
43 6 Car -1 -1 -1.79631 231 187 375 252 4.86 1.66 1.93 -10.71 3.57 26.80 -3.13924 1
43 5 Car -1 -1 -8.06053 36 194 272 281 4.99 1.59 2.12 -11.98 3.90 21.09 3.13825 1
43 1 Car -1 -1 -4.92973 572 182 618 223 4.66 1.61 1.95 -6.59 3.83 32.44 0.00457608 1
44 6 Car -1 -1 -1.78681 231 187 375 252 4.86 1.66 1.93 -11.08 3.80 26.90 -3.13833 1
44 1 Car -1 -1 -4.92851 569 182 614 223 4.66 1.60 1.95 -6.84 3.88 32.52 0.00588397 1
45 6 Car -1 -1 -1.78674 231 187 375 252 4.86 1.66 1.93 -11.06 3.81 25.81 -3.13791 1
45 1 Car -1 -1 -4.92735 567 182 610 222 4.66 1.60 1.95 -7.02 3.93 32.62 0.00671699 1
46 7 Car -1 -1 -1.78724 360 186 421 226 4.82 1.78 1.93 -12.64 3.68 40.91 -3.14047 1
46 1 Car -1 -1 -4.92435 565 183 610 223 4.66 1.60 1.95 -7.38 4.02 33.76 0.00752754 1
47 7 Car -1 -1 -1.77714 346 187 419 228 4.83 1.78 1.94 -12.64 3.90 40.02 -3.14086 1
47 1 Car -1 -1 -4.92512 565 182 608 222 4.65 1.60 1.96 -7.47 4.00 33.82 0.00723953 1
48 7 Car -1 -1 -8.06075 333 187 408 230 4.84 1.78 1.94 -12.62 3.79 41.24 3.13801 1
48 1 Car -1 -1 -4.92536 565 182 607 221 4.65 1.60 1.96 -7.15 3.90 36.13 0.00316847 1
49 8 Car -1 -1 -1.80442 136 194 299 266 4.76 1.59 1.89 -11.40 3.45 18.72 -3.13935 1
49 7 Car -1 -1 -8.06161 317 187 398 232 4.84 1.78 1.94 -13.20 3.84 37.93 3.1408 1
49 1 Car -1 -1 -4.92724 565 180 607 219 4.65 1.60 1.96 -7.58 3.92 33.89 0.0059525 1
50 8 Car -1 -1 -1.79615 79 197 271 278 4.76 1.59 1.89 -11.44 3.64 19.56 -3.1382 1
50 7 Car -1 -1 -1.77757 298 188 386 237 4.84 1.78 1.94 -13.24 3.89 36.36 -3.14121 1
50 1 Car -1 -1 -4.92734 566 182 607 219 4.65 1.60 1.96 -7.63 3.95 33.89 0.00721458 1
51 8 Car -1 -1 -1.79345 4 200 236 293 4.76 1.59 1.89 -11.06 3.74 19.54 -3.13626 1
51 7 Car -1 -1 -1.77698 279 190 373 241 4.84 1.78 1.94 -13.13 3.95 34.96 -3.13927 1
51 1 Car -1 -1 -4.92693 566 183 607 219 4.65 1.60 1.96 -7.73 4.00 34.15 0.00912232 1
52 7 Car -1 -1 -1.77727 250 190 360 247 4.84 1.78 1.94 -13.01 3.95 33.52 -3.13869 1
52 1 Car -1 -1 -4.92706 566 183 607 219 4.65 1.60 1.97 -7.91 4.02 34.78 0.00981408 1
53 10 Car -1 -1 -1.79454 365 186 424 223 4.85 1.68 1.93 -10.54 3.59 33.43 -3.14004 1
53 7 Car -1 -1 -1.7785 220 188 342 250 4.84 1.78 1.94 -12.89 3.87 32.07 -3.14078 1
53 1 Car -1 -1 -4.92843 567 181 607 218 4.65 1.59 1.97 -8.07 3.94 35.38 0.00786529 1
54 10 Car -1 -1 -8.06004 353 186 417 225 4.85 1.68 1.93 -12.86 3.94 34.89 3.14138 1
54 7 Car -1 -1 -8.06228 181 189 324 259 4.84 1.78 1.95 -12.77 3.82 30.65 3.14052 1
54 1 Car -1 -1 -4.92961 567 180 607 216 4.64 1.59 1.97 -8.24 3.87 36.03 0.00618118 1
55 10 Car -1 -1 -8.05631 339 185 409 228 4.85 1.68 1.93 -13.16 4.03 33.83 3.14139 1
55 7 Car -1 -1 -8.06266 134 190 300 266 4.84 1.78 1.95 -13.37 3.81 29.13 3.14058 1
55 1 Car -1 -1 -4.9296 568 180 609 215 4.64 1.59 1.97 -8.37 3.87 36.41 0.00615608 1
56 10 Car -1 -1 -1.77075 324 185 398 232 4.85 1.68 1.93 -13.23 4.14 32.64 -3.13963 1
56 7 Car -1 -1 -1.77928 74 193 271 279 4.83 1.77 1.95 -13.25 3.87 27.67 -3.14042 1
56 1 Car -1 -1 -4.92494 570 183 608 216 4.64 1.59 1.98 -8.47 4.03 36.71 0.00830089 1
57 10 Car -1 -1 -1.77124 306 189 387 237 4.85 1.68 1.93 -13.30 4.19 31.22 -3.13726 1
57 7 Car -1 -1 -1.78154 0 195 236 299 4.83 1.77 1.95 -13.41 3.88 26.10 -3.13782 1
57 1 Car -1 -1 -4.9218 572 185 608 219 4.63 1.59 1.99 -8.65 4.17 37.33 0.0105213 1
58 10 Car -1 -1 -1.77091 286 189 377 241 4.85 1.68 1.93 -13.40 4.22 29.88 -3.13672 1
58 1 Car -1 -1 -4.919 572 186 610 221 4.62 1.58 2.00 -8.82 4.25 38.12 0.0109457 1
59 10 Car -1 -1 -1.77153 261 187 362 244 4.85 1.68 1.93 -13.49 4.15 28.22 -3.13862 1
59 1 Car -1 -1 -4.92035 574 185 610 218 4.62 1.58 2.01 -8.97 4.17 38.76 0.00890951 1
60 12 Car -1 -1 -1.8185 391 190 447 219 4.55 1.57 1.90 -11.10 3.17 36.93 -3.14136 1
60 10 Car -1 -1 -1.77153 231 186 346 249 4.85 1.68 1.93 -13.41 4.09 26.55 -3.14091 1
60 1 Car -1 -1 -4.92214 574 183 611 217 4.61 1.57 2.01 -9.10 4.07 39.32 0.00655663 1
61 12 Car -1 -1 -8.0704 382 189 443 219 4.55 1.57 1.90 -11.04 3.71 36.05 3.13922 1
61 10 Car -1 -1 -8.05502 197 184 327 253 4.85 1.68 1.93 -13.33 4.01 24.91 3.13948 1
61 1 Car -1 -1 -4.92519 577 181 613 215 4.61 1.57 2.02 -9.07 3.93 39.21 0.00369121 1
62 12 Car -1 -1 -8.07148 372 186 437 220 4.55 1.57 1.90 -10.95 3.65 35.24 3.1373 1
62 10 Car -1 -1 -8.05354 153 183 303 260 4.85 1.68 1.93 -13.25 4.01 23.24 3.13768 1
62 1 Car -1 -1 -4.92695 578 179 614 212 4.60 1.57 2.02 -9.06 3.85 39.21 0.00194941 1
63 12 Car -1 -1 -8.07044 362 186 432 221 4.55 1.57 1.90 -10.84 3.64 34.33 3.13573 1
63 10 Car -1 -1 -8.05168 97 183 275 270 4.84 1.68 1.94 -13.17 4.02 21.59 3.13627 1
63 1 Car -1 -1 -4.92853 581 179 614 212 4.60 1.57 2.02 -9.02 3.79 39.09 0.000622932 1
64 12 Car -1 -1 -8.06783 350 186 426 224 4.55 1.57 1.90 -10.72 3.70 33.00 3.136 1
64 10 Car -1 -1 -8.04982 25 186 240 285 4.83 1.69 1.94 -13.09 4.07 19.90 3.13672 1
64 1 Car -1 -1 -4.92798 582 179 616 212 4.59 1.56 2.02 -8.96 3.81 38.92 0.00114383 1
65 12 Car -1 -1 -8.06304 335 190 419 228 4.55 1.57 1.90 -10.61 3.86 31.53 3.13849 1
65 1 Car -1 -1 -4.91981 584 179 618 210 4.59 1.56 2.02 -9.60 4.07 42.59 0.0039314 1
66 12 Car -1 -1 -8.06001 319 191 412 234 4.55 1.57 1.90 -10.66 3.96 29.98 3.14003 1
66 1 Car -1 -1 -4.91728 585 182 618 212 4.59 1.56 2.03 -9.53 4.18 42.43 0.00587771 1
67 12 Car -1 -1 -8.05983 298 189 398 235 4.55 1.57 1.90 -10.76 3.91 28.47 3.13766 1
67 1 Car -1 -1 -4.91998 587 179 620 210 4.58 1.55 2.03 -9.48 4.05 42.31 0.00331524 1
68 12 Car -1 -1 -8.05917 274 188 386 237 4.55 1.57 1.90 -10.67 3.78 27.03 3.13128 1
68 1 Car -1 -1 -4.92602 588 175 621 205 4.58 1.55 2.03 -9.44 3.77 42.12 -0.00269985 1
69 12 Car -1 -1 -8.05821 243 187 371 240 4.56 1.57 1.89 -10.61 3.72 25.39 3.12729 1
69 1 Car -1 -1 -4.93125 589 172 622 204 4.58 1.55 2.03 -9.42 3.59 41.88 -0.00659876 1
70 12 Car -1 -1 -8.05489 205 189 352 250 4.56 1.57 1.89 -10.56 3.82 23.86 3.12884 1
70 1 Car -1 -1 -4.92979 589 172 622 203 4.57 1.55 2.03 -9.42 3.65 41.73 -0.00473703 1
71 12 Car -1 -1 -8.05364 159 196 329 264 4.56 1.58 1.89 -10.52 4.03 22.26 3.13651 1
71 1 Car -1 -1 -4.91531 589 179 622 208 4.57 1.54 2.03 -9.42 4.16 41.52 0.00277773 1
72 12 Car -1 -1 -8.05302 97 202 301 279 4.56 1.58 1.89 -10.49 4.16 20.72 3.14118 1
72 1 Car -1 -1 -4.91288 589 183 622 212 4.56 1.54 2.03 -9.44 4.34 41.37 0.00713771 1
73 12 Car -1 -1 -8.05194 14 205 266 295 4.56 1.58 1.89 -10.48 4.19 19.04 3.14136 1
73 1 Car -1 -1 -4.91327 589 183 621 212 4.56 1.54 2.04 -9.49 4.33 41.07 0.00724552 1
74 1 Car -1 -1 -4.91525 589 179 621 209 4.56 1.53 2.04 -9.55 4.22 40.90 0.00488648 1
75 1 Car -1 -1 -4.91761 588 179 619 208 4.55 1.53 2.04 -9.63 4.11 40.61 0.0027514 1
76 1 Car -1 -1 -4.91828 587 179 618 204 4.55 1.53 2.04 -9.69 4.10 40.38 0.00309463 1
77 1 Car -1 -1 -4.9186 585 179 617 207 4.55 1.52 2.04 -9.75 4.13 40.09 0.00436389 1
78 1 Car -1 -1 -4.9192 585 179 614 204 4.54 1.52 2.04 -10.55 4.09 44.06 0.00347262 1
79 1 Car -1 -1 -4.92024 585 179 613 203 4.54 1.52 2.04 -10.63 4.05 43.75 0.00281092 1
80 1 Car -1 -1 -4.92133 582 179 613 206 4.54 1.52 2.03 -10.71 4.01 43.56 0.00226804 1
81 1 Car -1 -1 -4.92504 581 176 611 203 4.54 1.52 2.04 -10.80 3.85 43.27 -0.000878714 1
82 1 Car -1 -1 -4.9314 579 172 609 198 4.53 1.52 2.05 -10.87 3.60 42.94 -0.00636647 1
83 1 Car -1 -1 -4.93456 578 168 607 197 4.52 1.53 2.06 -10.95 3.50 42.73 -0.0084648 1
84 1 Car -1 -1 -4.93378 577 168 604 194 4.51 1.53 2.07 -11.04 3.53 42.39 -0.00744071 1
85 1 Car -1 -1 -4.9316 576 170 604 197 4.50 1.53 2.08 -11.07 3.62 42.12 -0.00515082 1
86 9 Car -1 -1 -5.16267 394 163 450 192 5.71 1.87 2.12 -23.31 1.15 83.71 0.00354306 1
86 1 Car -1 -1 -4.92805 575 172 603 199 4.50 1.53 2.08 -11.12 3.77 41.76 -0.00112907 1
87 9 Car -1 -1 -5.12227 389 164 449 194 5.71 1.87 2.12 -23.28 1.41 81.89 0.0071511 1
87 1 Car -1 -1 -4.92619 574 175 603 201 4.50 1.53 2.08 -11.15 3.89 41.44 0.00225788 1
88 9 Car -1 -1 -5.08823 384 165 447 197 5.71 1.87 2.12 -23.29 1.69 80.07 0.0114528 1
88 1 Car -1 -1 -4.92452 575 178 602 202 4.50 1.53 2.08 -11.18 4.02 41.13 0.00613848 1
89 9 Car -1 -1 -5.06892 382 165 446 199 5.71 1.87 2.12 -23.46 1.87 79.27 0.0138489 1
89 1 Car -1 -1 -4.92379 574 179 603 204 4.50 1.53 2.08 -11.20 4.09 40.76 0.00829373 1
90 9 Car -1 -1 -5.07909 371 164 442 198 5.71 1.87 2.12 -23.58 1.77 78.07 0.0132039 1
90 1 Car -1 -1 -4.92525 575 179 602 203 4.50 1.53 2.08 -11.24 4.03 40.43 0.00732287 1
91 9 Car -1 -1 -5.08826 354 162 439 197 5.71 1.87 2.12 -23.58 1.70 76.58 0.013071 1
91 1 Car -1 -1 -4.92677 574 179 603 204 4.50 1.53 2.08 -11.26 3.98 40.10 0.00683254 1
92 9 Car -1 -1 -5.07802 351 163 437 202 5.71 1.87 2.12 -23.56 1.79 74.94 0.0142674 1
92 1 Car -1 -1 -4.92587 574 179 602 204 4.50 1.53 2.08 -11.27 4.03 39.75 0.00802803 1
93 9 Car -1 -1 -5.06825 351 163 437 202 5.71 1.87 2.12 -23.50 1.90 72.89 0.0163875 1
93 1 Car -1 -1 -4.92472 575 182 603 206 4.50 1.53 2.08 -11.24 4.12 39.35 0.0104171 1
94 9 Car -1 -1 -5.0614 339 165 434 208 5.71 1.87 2.12 -23.47 1.99 70.88 0.0193057 1
94 1 Car -1 -1 -4.92384 576 183 603 207 4.50 1.53 2.08 -11.23 4.21 39.00 0.0131372 1
95 1 Car -1 -1 -4.92422 577 183 603 207 4.50 1.53 2.08 -11.21 4.20 38.63 0.0132687 1
95 9 Car -1 -1 -5.07144 339 165 434 208 5.71 1.87 2.12 -23.42 1.89 68.85 0.0195023 1
96 1 Car -1 -1 -4.92596 577 183 603 205 4.50 1.53 2.08 -11.19 4.10 38.23 0.0108507 1
96 9 Car -1 -1 -5.10355 316 163 427 207 5.71 1.87 2.12 -23.39 1.61 66.78 0.0174422 1
97 1 Car -1 -1 -4.92859 578 181 603 203 4.50 1.53 2.08 -11.18 3.97 37.82 0.00817113 1
97 9 Car -1 -1 -5.14506 305 160 424 207 5.71 1.87 2.12 -23.37 1.32 64.70 0.0149756 1
98 1 Car -1 -1 -4.93016 578 181 603 204 4.50 1.53 2.08 -11.16 3.91 37.41 0.00691319 1
98 9 Car -1 -1 -5.17773 288 158 421 208 5.71 1.87 2.12 -23.34 1.13 62.63 0.0139543 1
99 1 Car -1 -1 -4.93221 579 179 604 204 4.50 1.53 2.08 -11.12 3.85 36.98 0.00640379 1
99 9 Car -1 -1 -5.20793 274 155 417 209 5.71 1.87 2.12 -23.29 0.98 60.54 0.0135128 1
100 1 Car -1 -1 -4.93344 579 179 605 202 4.50 1.53 2.08 -11.08 3.79 36.57 0.0048931 1
100 9 Car -1 -1 -5.24441 254 152 412 208 5.71 1.87 2.12 -23.27 0.81 58.46 0.0118938 1
101 1 Car -1 -1 -4.93595 581 179 608 201 4.50 1.53 2.08 -11.05 3.69 36.15 0.00300611 1
101 9 Car -1 -1 -5.29794 233 148 408 209 5.71 1.87 2.12 -23.26 0.61 56.37 0.00996432 1
102 1 Car -1 -1 -4.93708 581 177 607 201 4.50 1.53 2.08 -11.03 3.65 35.74 0.00217273 1
102 9 Car -1 -1 -5.33847 207 145 402 210 5.71 1.87 2.12 -23.26 0.47 54.30 0.00918701 1
103 1 Car -1 -1 -4.93667 581 176 607 202 4.50 1.53 2.08 -11.02 3.65 35.36 0.00186585 1
103 9 Car -1 -1 -5.36069 177 143 398 214 5.71 1.87 2.12 -23.24 0.41 52.28 0.00876968 1
104 1 Car -1 -1 -4.93714 582 176 607 201 4.50 1.53 2.08 -10.94 3.67 34.86 0.00288038 1
104 9 Car -1 -1 -5.37217 141 139 393 219 5.71 1.87 2.12 -23.23 0.38 50.10 0.00961606 1
105 1 Car -1 -1 -4.93875 582 176 610 199 4.50 1.53 2.08 -10.89 3.62 34.41 0.00214244 1
105 9 Car -1 -1 -5.41658 96 137 384 221 5.71 1.87 2.12 -23.23 0.26 47.99 0.00871035 1
106 1 Car -1 -1 -4.94019 582 175 610 199 4.50 1.53 2.08 -10.85 3.57 33.96 0.00134458 1
106 9 Car -1 -1 -5.46671 43 131 376 224 5.71 1.87 2.12 -23.23 0.14 45.88 0.00782668 1
107 1 Car -1 -1 -4.94163 583 174 610 197 4.50 1.53 2.08 -10.82 3.52 33.52 -5.16834e-06 1
107 9 Car -1 -1 -5.5251 43 131 376 224 5.71 1.87 2.12 -23.26 0.02 43.76 0.00628573 1
108 1 Car -1 -1 -4.94445 583 172 611 196 4.50 1.53 2.08 -10.80 3.44 33.04 -0.00151608 1
109 1 Car -1 -1 -4.94573 583 172 611 196 4.50 1.53 2.08 -10.78 3.40 32.57 -0.00234612 1
110 1 Car -1 -1 -4.94652 583 172 611 195 4.50 1.53 2.08 -10.75 3.39 32.06 -0.00168485 1
111 1 Car -1 -1 -4.946 583 172 611 196 4.50 1.53 2.08 -10.74 3.43 31.58 -0.000170023 1
112 1 Car -1 -1 -4.9463 583 174 611 197 4.50 1.53 2.08 -10.73 3.47 31.10 0.00191525 1
113 1 Car -1 -1 -4.94612 583 175 611 198 4.50 1.53 2.08 -10.72 3.49 30.63 0.00321282 1
114 1 Car -1 -1 -4.94625 582 176 611 200 4.50 1.53 2.08 -10.73 3.51 30.15 0.00410575 1
115 1 Car -1 -1 -4.94505 582 179 611 203 4.50 1.53 2.08 -10.74 3.59 29.68 0.00701566 1
116 1 Car -1 -1 -4.94494 582 179 610 204 4.50 1.53 2.08 -10.76 3.63 29.21 0.00883689 1
117 1 Car -1 -1 -4.9462 582 179 610 203 4.50 1.54 2.08 -10.76 3.58 28.75 0.00750405 1
118 1 Car -1 -1 -4.94731 582 178 610 200 4.49 1.54 2.08 -10.78 3.51 28.30 0.00538133 1
119 1 Car -1 -1 -4.94845 582 178 610 200 4.49 1.54 2.09 -10.78 3.49 27.79 0.00529944 1
120 1 Car -1 -1 -4.94854 582 179 610 202 4.49 1.54 2.09 -10.77 3.50 27.34 0.00633239 1
121 1 Car -1 -1 -4.94967 581 179 610 202 4.49 1.54 2.09 -10.75 3.48 26.89 0.00627784 1
122 1 Car -1 -1 -4.95068 582 179 611 201 4.49 1.54 2.09 -10.74 3.43 26.44 0.00477672 1
123 1 Car -1 -1 -4.95311 582 175 610 199 4.49 1.54 2.09 -10.72 3.31 25.97 0.000567371 1
124 1 Car -1 -1 -4.95474 583 173 611 197 4.48 1.55 2.09 -10.69 3.24 25.53 -0.00169758 1
125 1 Car -1 -1 -4.95345 583 175 612 199 4.48 1.55 2.09 -10.66 3.31 25.06 0.00103549 1
126 1 Car -1 -1 -4.95387 584 175 612 200 4.48 1.55 2.09 -10.64 3.32 24.58 0.00203081 1
127 1 Car -1 -1 -4.95514 583 175 614 198 4.48 1.55 2.09 -10.60 3.28 24.14 0.00114931 1
128 1 Car -1 -1 -4.91547 584 175 614 198 4.47 1.55 2.10 -10.53 4.11 23.68 0.00138948 1
129 1 Car -1 -1 -4.91642 585 175 615 199 4.47 1.56 2.10 -10.51 4.08 23.25 0.000889538 1
130 1 Car -1 -1 -4.91756 586 175 615 197 4.47 1.56 2.10 -10.48 4.03 22.80 6.51399e-05 1
131 1 Car -1 -1 -4.91801 587 173 615 197 4.47 1.56 2.10 -10.44 4.00 22.33 -0.000407872 1
132 20 Car -1 -1 -4.93842 422 165 473 207 6.01 1.47 1.60 -11.65 3.61 48.24 3.9399e-05 1
132 1 Car -1 -1 -4.91854 587 174 615 197 4.46 1.56 2.10 -10.39 3.99 21.84 -0.000436144 1
133 20 Car -1 -1 -4.94075 422 165 473 207 5.91 1.41 1.66 -11.69 3.59 48.60 -0.00056765 1
133 1 Car -1 -1 -4.91887 588 173 615 196 4.46 1.56 2.10 -10.35 3.97 21.38 -0.000992242 1
134 20 Car -1 -1 -4.93955 395 165 457 212 5.83 1.35 1.75 -11.68 3.66 47.14 0.000300067 1
134 1 Car -1 -1 -4.9185 588 173 616 196 4.46 1.56 2.10 -10.32 4.00 20.88 -3.26208e-05 1
135 20 Car -1 -1 -4.93581 395 165 457 212 5.77 1.31 1.87 -11.61 3.84 45.69 0.00436813 1
135 1 Car -1 -1 -4.91988 589 176 616 198 4.46 1.56 2.10 -10.29 4.06 20.38 0.00398965 1
136 20 Car -1 -1 -4.93426 354 168 435 224 5.72 1.29 1.99 -12.30 3.96 43.68 0.00812431 1
136 1 Car -1 -1 -4.92207 589 179 617 201 4.46 1.57 2.10 -10.27 4.10 19.85 0.007672 1
137 20 Car -1 -1 -4.92814 325 168 418 230 5.68 1.31 1.97 -12.66 4.12 41.63 0.00918209 1
137 1 Car -1 -1 -4.92374 588 180 617 203 4.46 1.57 2.10 -10.25 4.08 19.33 0.00861438 1
138 20 Car -1 -1 -4.92994 287 167 399 237 5.64 1.34 1.93 -12.62 4.06 39.56 0.00921636 1
138 1 Car -1 -1 -4.92521 588 181 617 203 4.46 1.57 2.10 -10.23 4.04 18.79 0.00850702 1
139 20 Car -1 -1 -4.93061 239 165 375 245 5.62 1.38 1.87 -12.58 4.02 37.47 0.00912224 1
139 1 Car -1 -1 -4.92584 588 180 618 203 4.46 1.57 2.10 -10.20 4.02 18.27 0.00836442 1
140 20 Car -1 -1 -4.93062 169 160 343 257 5.59 1.42 1.82 -12.52 3.96 34.69 0.00712897 1
140 1 Car -1 -1 -4.92591 587 179 617 203 4.46 1.57 2.10 -10.18 3.97 17.73 0.00631769 1
141 20 Car -1 -1 -4.93001 68 156 300 274 5.58 1.49 1.74 -12.70 3.93 31.89 0.00696134 1
141 1 Car -1 -1 -4.92735 586 179 617 204 4.45 1.57 2.10 -10.17 3.93 17.20 0.00600047 1
142 20 Car -1 -1 -4.93239 0 150 243 302 5.55 1.46 1.81 -12.65 3.90 29.17 0.00754247 1
142 1 Car -1 -1 -4.92997 586 179 616 204 4.45 1.57 2.10 -10.15 3.88 16.73 0.00637816 1
143 1 Car -1 -1 -4.931 587 179 615 203 4.45 1.57 2.10 -10.12 3.80 16.18 0.00385987 1
144 1 Car -1 -1 -4.92879 588 175 614 200 4.45 1.57 2.10 -10.12 3.76 15.63 -0.000148207 1
145 1 Car -1 -1 -4.92765 587 175 614 197 4.45 1.57 2.10 -10.11 3.72 15.14 -0.00288484 1
146 22 Car -1 -1 -1.80182 370 183 428 212 4.53 1.58 1.89 -9.46 3.53 35.68 -3.13821 1
146 1 Car -1 -1 -4.9279 586 174 614 197 4.45 1.58 2.10 -10.04 3.72 14.69 -0.00301441 1
147 22 Car -1 -1 -1.7976 347 183 413 219 4.53 1.58 1.89 -10.38 3.63 35.16 -3.13743 1
147 1 Car -1 -1 -4.92854 586 175 614 197 4.45 1.58 2.10 -10.04 3.73 14.10 -0.00155525 1
148 22 Car -1 -1 -1.79162 318 185 398 224 4.53 1.58 1.89 -10.57 3.76 33.72 -3.13728 1
148 1 Car -1 -1 -4.92755 586 175 614 197 4.45 1.58 2.10 -10.00 3.78 13.58 -0.000221557 1
149 22 Car -1 -1 -1.78334 282 191 375 235 4.53 1.57 1.89 -11.20 3.91 34.72 -3.13859 1
149 1 Car -1 -1 -4.92098 585 175 614 199 4.45 1.58 2.10 -10.49 3.92 15.99 -0.000556032 1
150 22 Car -1 -1 -1.78798 235 194 346 246 4.54 1.58 1.89 -10.59 3.93 29.81 -3.13309 1
150 1 Car -1 -1 -4.93045 585 177 614 200 4.45 1.58 2.10 -9.92 3.84 12.50 0.00516625 1
151 22 Car -1 -1 -1.78838 171 193 312 257 4.54 1.58 1.89 -10.62 3.89 27.76 -3.13454 1
151 1 Car -1 -1 -4.92983 585 177 614 200 4.45 1.58 2.10 -9.91 3.82 11.95 0.00381719 1
152 22 Car -1 -1 -1.79049 77 194 264 267 4.54 1.58 1.89 -10.72 3.73 25.34 -3.13949 1
152 1 Car -1 -1 -4.92944 584 172 613 196 4.45 1.58 2.10 -9.89 3.70 11.42 -0.00213737 1
153 22 Car -1 -1 -8.07088 0 198 201 290 4.54 1.58 1.89 -10.83 3.72 22.91 3.14049 1
153 1 Car -1 -1 -4.92767 584 172 613 196 4.45 1.58 2.10 -9.87 3.67 10.89 -0.00520479 1
154 1 Car -1 -1 -4.92944 584 172 613 196 4.45 1.58 2.10 -9.85 3.67 10.33 -0.0033435 1
155 1 Car -1 -1 -4.93092 582 172 614 196 4.44 1.58 2.10 -9.83 3.71 9.79 -6.02834e-05 1
156 1 Car -1 -1 -4.89498 583 172 614 196 4.44 1.58 2.10 -9.73 4.64 9.34 0.000685609 1
157 1 Car -1 -1 -4.89788 584 175 615 198 4.44 1.59 2.10 -9.71 4.66 8.70 0.00413985 1
158 25 Car -1 -1 -4.9104 426 183 461 209 4.51 1.62 1.93 -12.75 4.17 45.68 -0.000153542 1
158 24 Car -1 -1 -8.0686 221 196 340 253 4.66 1.52 1.88 -9.90 3.83 24.94 3.1414 1
158 1 Car -1 -1 -4.90075 585 178 615 201 4.44 1.59 2.10 -9.67 4.69 8.14 0.00799591 1
159 25 Car -1 -1 -4.91143 415 183 456 212 4.51 1.62 1.93 -12.97 4.16 44.95 0.000443176 1
159 24 Car -1 -1 -1.78775 153 198 304 266 4.66 1.52 1.88 -11.21 3.79 23.06 -3.1411 1
159 1 Car -1 -1 -4.90267 585 179 616 201 4.45 1.59 2.10 -9.65 4.63 7.55 0.00806471 1
160 25 Car -1 -1 -4.91234 402 183 449 212 4.51 1.62 1.93 -13.17 4.10 44.34 -0.00100433 1
160 24 Car -1 -1 -8.07266 55 197 256 280 4.66 1.52 1.88 -11.18 3.72 21.27 3.14068 1
160 1 Car -1 -1 -4.9021 585 177 616 201 4.45 1.59 2.10 -9.62 4.60 7.09 0.00632258 1
161 25 Car -1 -1 -4.91798 391 180 444 212 4.51 1.62 1.93 -13.00 3.90 42.18 -0.00363057 1
161 24 Car -1 -1 -8.07583 0 202 188 304 4.66 1.52 1.88 -11.15 3.60 19.52 3.1381 1
161 1 Car -1 -1 -4.90179 586 175 616 199 4.45 1.59 2.10 -9.59 4.52 6.66 0.00343603 1
162 25 Car -1 -1 -4.91789 376 179 429 214 4.51 1.62 1.93 -12.84 3.89 40.08 -0.00405719 1
162 1 Car -1 -1 -4.90043 587 175 617 200 4.45 1.59 2.10 -9.54 4.54 6.19 0.00286822 1
163 25 Car -1 -1 -4.91763 358 183 417 221 4.51 1.62 1.93 -12.72 3.96 38.04 -0.00123812 1
163 1 Car -1 -1 -4.90331 586 178 617 201 4.45 1.59 2.10 -9.51 4.54 5.69 0.00553288 1
164 25 Car -1 -1 -4.91841 333 183 403 226 4.51 1.62 1.93 -12.72 3.96 36.12 -0.000699788 1
164 1 Car -1 -1 -4.90369 587 179 618 203 4.45 1.59 2.10 -9.48 4.54 5.24 0.00583518 1
165 25 Car -1 -1 -4.92125 304 183 387 229 4.51 1.62 1.93 -12.65 3.88 34.14 -0.00118881 1
165 1 Car -1 -1 -4.90452 588 179 619 202 4.45 1.59 2.10 -9.44 4.49 4.76 0.00513074 1
166 27 Car -1 -1 -5.17596 433 173 474 201 4.74 1.89 1.95 -10.47 1.08 46.63 0.00510143 1
166 25 Car -1 -1 -4.92397 267 183 364 238 4.51 1.62 1.93 -12.63 3.81 31.89 -0.00163469 1
166 23 Car -1 -1 -1.83943 58 190 96 212 4.28 1.61 1.88 -52.28 2.88 69.47 -3.13772 1
166 1 Car -1 -1 -4.90411 588 179 620 202 4.45 1.59 2.10 -9.40 4.49 4.23 0.00462265 1
167 27 Car -1 -1 -4.94719 425 172 468 206 4.74 1.89 1.95 -12.21 3.32 48.02 0.00472022 1
167 25 Car -1 -1 -4.92595 220 185 337 244 4.51 1.62 1.93 -12.62 3.76 29.71 -0.00200939 1
167 23 Car -1 -1 -1.75002 44 190 85 213 4.28 1.61 1.88 -51.43 4.83 69.01 -3.13788 1
167 1 Car -1 -1 -4.90348 587 179 617 201 4.45 1.59 2.10 -9.36 4.50 3.77 0.00430915 1
168 27 Car -1 -1 -4.93644 414 171 460 204 4.74 1.89 1.95 -13.33 3.47 48.97 0.00120243 1
168 25 Car -1 -1 -4.93005 156 184 301 257 4.51 1.62 1.93 -12.61 3.60 27.46 -0.00552208 1
168 23 Car -1 -1 -1.74407 30 190 73 211 4.28 1.61 1.88 -50.00 4.92 73.43 -3.14105 1
168 1 Car -1 -1 -4.90088 586 175 616 200 4.44 1.59 2.10 -9.31 4.47 3.24 0.000863761 1
169 27 Car -1 -1 -4.93088 403 169 455 204 4.74 1.89 1.94 -13.76 3.49 48.06 -0.00349326 1
169 25 Car -1 -1 -4.93434 64 182 252 270 4.51 1.62 1.93 -12.59 3.42 25.26 -0.0102079 1
169 23 Car -1 -1 -8.03242 15 187 59 210 4.28 1.61 1.88 -51.50 4.63 76.05 3.13801 1
169 1 Car -1 -1 -4.89727 586 172 615 196 4.44 1.59 2.10 -9.25 4.45 2.76 -0.00370468 1
170 27 Car -1 -1 -4.93009 392 169 443 205 4.75 1.88 1.94 -13.69 3.48 45.96 -0.00453972 1
170 25 Car -1 -1 -4.93402 0 184 187 290 4.51 1.62 1.93 -12.61 3.41 23.08 -0.0112472 1
170 23 Car -1 -1 -8.03243 0 187 40 208 4.28 1.61 1.88 -51.83 4.60 74.95 3.13723 1
170 1 Car -1 -1 -4.89662 585 171 614 195 4.44 1.59 2.10 -9.22 4.44 2.31 -0.00467329 1
171 27 Car -1 -1 -4.92759 376 170 439 210 4.75 1.88 1.94 -13.61 3.58 43.83 -0.00260891 1
171 1 Car -1 -1 -4.89871 585 172 611 196 4.44 1.59 2.10 -9.18 4.44 1.82 -0.00256129 1
172 1 Car -1 -1 -4.90307 585 176 611 200 4.45 1.59 2.10 -9.14 4.43 1.31 0.00163759 1
172 27 Car -1 -1 -4.91212 360 172 421 216 4.75 1.88 1.94 -14.01 4.04 43.13 0.00155374 1
173 1 Car -1 -1 -4.90677 584 175 610 200 4.45 1.59 2.10 -9.10 4.42 0.86 0.00489839 1
173 27 Car -1 -1 -4.91076 340 175 409 221 4.75 1.88 1.94 -13.99 4.16 41.10 0.00480871 1
173 28 Car -1 -1 -1.81931 339 175 409 221 4.85 1.79 1.97 -8.24 3.08 28.42 -3.13936 1
174 1 Car -1 -1 -4.90705 582 176 610 199 4.45 1.59 2.10 -9.05 4.40 0.38 0.0047348 1
174 27 Car -1 -1 -4.91181 316 174 394 223 4.75 1.88 1.94 -13.93 4.13 39.01 0.00461273 1
174 28 Car -1 -1 -1.79832 316 174 394 223 4.85 1.79 1.97 -6.22 3.46 32.68 -3.13952 1
175 1 Car -1 -1 -4.90435 582 174 610 196 4.45 1.60 2.10 -9.01 4.39 -0.12 0.00163247 1
175 27 Car -1 -1 -4.91414 287 172 385 227 4.76 1.88 1.94 -13.87 3.99 36.90 0.0014747 1
175 28 Car -1 -1 -8.0736 287 172 384 227 4.85 1.79 1.97 -6.32 3.56 32.57 3.14056 1
175 29 Car -1 -1 -5.02976 529 176 562 204 4.36 1.61 1.91 -1.72 2.25 44.43 0.00138879 1
176 1 Car -1 -1 -4.90204 580 173 607 193 4.45 1.60 2.10 -8.96 4.41 -0.62 -0.000156478 1
176 27 Car -1 -1 -4.91454 252 170 357 231 4.76 1.87 1.94 -13.79 3.93 34.79 -0.000428598 1
176 28 Car -1 -1 -8.06945 251 170 357 232 4.85 1.79 1.97 -6.43 3.61 32.50 3.13876 1
176 29 Car -1 -1 -4.98601 526 175 561 204 4.36 1.61 1.91 -1.49 2.75 44.38 -0.000409787 1
177 1 Car -1 -1 -4.90357 579 174 607 193 4.45 1.60 2.10 -8.90 4.39 -1.13 0.000818232 1
177 27 Car -1 -1 -4.91484 206 167 333 239 4.77 1.87 1.94 -13.72 3.95 32.67 0.000428321 1
177 28 Car -1 -1 -8.06979 206 167 333 239 4.85 1.79 1.97 -6.41 3.62 30.58 3.13973 1
177 29 Car -1 -1 -4.95029 522 175 559 205 4.36 1.61 1.91 -1.47 3.33 42.92 0.000556337 1
178 1 Car -1 -1 -4.90549 579 174 606 195 4.45 1.61 2.10 -8.88 4.37 -1.61 0.00197913 1
178 27 Car -1 -1 -4.91498 145 171 303 254 4.77 1.87 1.94 -14.70 3.97 30.62 0.00137474 1
178 28 Car -1 -1 -8.06864 145 171 303 254 4.85 1.79 1.97 -6.43 3.67 28.73 3.14088 1
178 29 Car -1 -1 -4.94907 519 176 558 208 4.36 1.61 1.91 -1.45 3.37 41.27 0.00170131 1
179 1 Car -1 -1 -4.90677 579 174 603 195 4.46 1.61 2.10 -8.86 4.36 -2.07 0.00317918 1
179 27 Car -1 -1 -4.91467 65 167 260 266 4.78 1.88 1.94 -14.63 4.00 28.55 0.0024529 1
179 28 Car -1 -1 -1.78436 65 165 260 266 4.85 1.81 1.97 -6.45 3.72 26.50 -3.14111 1
179 29 Car -1 -1 -4.94621 515 177 556 210 4.36 1.61 1.91 -1.40 3.45 39.69 0.00289257 1
180 1 Car -1 -1 -4.91098 578 177 603 200 4.46 1.61 2.11 -8.85 4.34 -2.55 0.00674194 1
180 28 Car -1 -1 -1.77936 0 173 207 287 4.85 1.81 1.97 -6.10 3.92 24.28 -3.13755 1
180 29 Car -1 -1 -4.9405 511 180 554 213 4.36 1.61 1.91 -1.37 3.63 38.12 0.00645349 1
181 1 Car -1 -1 -4.91536 578 182 604 204 4.46 1.61 2.11 -8.82 4.37 -3.04 0.0118973 1
181 29 Car -1 -1 -4.93273 507 184 552 222 4.36 1.61 1.91 -1.33 3.91 36.55 0.0116003 1
182 1 Car -1 -1 -4.91835 577 183 604 208 4.46 1.61 2.11 -8.78 4.33 -3.50 0.0136218 1
182 29 Car -1 -1 -4.93176 503 186 550 224 4.36 1.61 1.91 -1.28 3.98 35.00 0.0133572 1
183 1 Car -1 -1 -4.91935 578 185 605 208 4.47 1.61 2.11 -8.74 4.30 -3.95 0.0137347 1
183 29 Car -1 -1 -4.9317 499 187 549 227 4.36 1.61 1.91 -1.20 3.98 33.45 0.0134954 1
184 1 Car -1 -1 -4.91598 578 182 605 205 4.47 1.61 2.11 -8.72 4.29 -4.43 0.00970426 1
184 29 Car -1 -1 -4.93376 494 184 547 227 4.36 1.61 1.91 -1.13 3.84 31.89 0.00948597 1
185 1 Car -1 -1 -4.9121 577 179 606 203 4.47 1.61 2.11 -8.70 4.29 -4.88 0.00571995 1
185 29 Car -1 -1 -4.9356 488 181 546 226 4.36 1.61 1.91 -1.08 3.71 30.36 0.00551209 1
186 32 Car -1 -1 -1.78752 253 189 348 237 4.71 1.54 1.89 -8.18 3.85 28.37 -3.138 1
186 1 Car -1 -1 -4.90758 579 176 607 201 4.47 1.60 2.11 -8.67 4.32 -5.35 0.00225821 1
186 29 Car -1 -1 -4.93655 483 179 543 229 4.36 1.61 1.91 -1.01 3.62 28.80 0.00204156 1
187 32 Car -1 -1 -1.78572 208 191 323 245 4.71 1.54 1.89 -8.01 3.89 26.94 -3.1378 1
187 1 Car -1 -1 -4.90712 580 176 607 201 4.48 1.60 2.11 -8.62 4.33 -5.84 0.00244222 1
187 29 Car -1 -1 -4.93691 477 179 541 232 4.36 1.61 1.91 -0.91 3.62 27.24 0.0021954 1
188 32 Car -1 -1 -1.78361 149 195 290 257 4.71 1.54 1.89 -7.94 3.99 25.51 -3.13579 1
188 1 Car -1 -1 -4.9097 581 177 607 201 4.48 1.60 2.11 -8.58 4.32 -6.30 0.00444194 1
188 29 Car -1 -1 -4.9371 469 181 539 237 4.36 1.61 1.91 -0.80 3.65 26.01 0.00417956 1
189 32 Car -1 -1 -1.78351 67 198 249 274 4.71 1.54 1.89 -7.87 3.98 23.49 -3.13613 1
189 1 Car -1 -1 -4.9089 583 178 610 200 4.48 1.60 2.11 -8.56 4.33 -6.75 0.00409606 1
189 29 Car -1 -1 -4.93719 461 181 537 242 4.36 1.61 1.91 -0.73 3.65 24.56 0.00381861 1
190 33 Car -1 -1 -4.92823 297 187 358 223 4.45 1.52 1.86 -13.92 3.92 39.44 0.00529141 1
190 32 Car -1 -1 -1.78229 0 199 186 294 4.71 1.54 1.89 -6.19 3.97 20.94 -3.13798 1
190 1 Car -1 -1 -4.90695 584 175 611 200 4.48 1.60 2.11 -8.54 4.33 -7.21 0.0022567 1
190 29 Car -1 -1 -4.93537 451 180 535 246 4.36 1.61 1.91 -0.66 3.65 23.05 0.00199443 1
191 33 Car -1 -1 -4.92772 267 186 338 224 4.45 1.52 1.86 -15.48 3.80 41.14 -0.000501612 1
191 1 Car -1 -1 -4.8969 585 175 613 198 4.48 1.60 2.11 -8.63 4.46 -4.58 -0.00332609 1
191 29 Car -1 -1 -4.931 435 179 529 251 4.36 1.61 1.91 -0.77 3.62 24.88 -0.0036119 1
192 33 Car -1 -1 -4.93488 235 184 318 227 4.45 1.52 1.86 -15.25 3.67 36.66 0.000395783 1
192 1 Car -1 -1 -4.90306 583 172 613 195 4.48 1.60 2.11 -8.48 4.30 -8.13 -0.00278841 1
192 29 Car -1 -1 -4.93443 422 176 525 256 4.36 1.61 1.91 -0.56 3.56 20.17 -0.00303702 1
193 33 Car -1 -1 -4.93766 191 187 289 237 4.45 1.52 1.86 -14.89 3.61 33.46 0.000484926 1
193 1 Car -1 -1 -4.90469 586 172 614 194 4.48 1.60 2.11 -8.26 4.26 -8.59 -0.00258699 1
193 29 Car -1 -1 -4.9348 404 177 519 266 4.36 1.61 1.91 -0.38 3.56 18.57 -0.00284708 1
194 33 Car -1 -1 -4.90279 137 193 254 250 4.45 1.52 1.85 -15.05 4.35 31.15 -0.00273793 1
194 1 Car -1 -1 -4.89 586 174 614 198 4.48 1.60 2.11 -8.76 4.61 -9.15 -0.00511357 1
194 29 Car -1 -1 -4.92087 381 179 512 279 4.37 1.61 1.92 -0.69 3.80 18.03 -0.00544615 1
195 33 Car -1 -1 -4.91356 64 198 211 265 4.45 1.52 1.85 -14.88 4.34 28.17 0.0074814 1
195 1 Car -1 -1 -4.91303 588 176 616 201 4.48 1.60 2.11 -8.28 4.24 -9.75 0.00485731 1
195 29 Car -1 -1 -4.93261 352 183 504 296 4.37 1.61 1.92 -0.27 3.76 16.41 0.00455369 1
196 33 Car -1 -1 -4.91617 0 202 154 276 4.46 1.52 1.85 -15.14 4.29 25.51 0.0082648 1
196 1 Car -1 -1 -4.91503 589 178 616 201 4.47 1.60 2.11 -8.27 4.21 -10.18 0.00554539 1
196 29 Car -1 -1 -4.93189 313 185 495 314 4.38 1.61 1.93 -0.24 3.79 15.55 0.00525181 1
197 1 Car -1 -1 -4.90997 591 174 618 197 4.47 1.61 2.11 -8.23 4.21 -10.58 0.0006814 1
197 29 Car -1 -1 -4.92922 259 181 482 334 4.38 1.62 1.93 -0.21 3.74 14.49 0.000416487 1
198 35 Pedestrian -1 -1 -5.13893 742 165 770 245 1.90 1.85 0.71 2.14 1.26 16.02 -0.00220329 1
198 1 Car -1 -1 -4.90467 592 171 620 194 4.47 1.61 2.11 -8.19 4.22 -11.09 -0.00404921 1
198 29 Car -1 -1 -4.92672 178 179 466 358 4.38 1.62 1.93 -0.15 3.69 12.83 -0.00430393 1
199 35 Pedestrian -1 -1 -5.07238 761 156 793 255 1.88 1.83 0.75 2.21 1.74 14.62 -0.000637547 1
199 1 Car -1 -1 -4.90603 593 171 621 194 4.47 1.61 2.11 -8.14 4.21 -11.56 -0.0033499 1
200 1 Car -1 -1 -4.91283 595 173 623 197 4.47 1.61 2.11 -8.14 4.15 -12.10 0.00113616 1
201 35 Pedestrian -1 -1 -5.06987 782 154 808 212 1.86 1.81 0.69 2.44 1.83 14.11 0.00766248 1
201 1 Car -1 -1 -4.9172 596 175 625 200 4.47 1.61 2.11 -8.09 4.12 -12.65 0.00450083 1
202 35 Pedestrian -1 -1 -5.0703 808 152 837 215 1.82 1.79 0.66 2.49 1.82 12.64 0.00467567 1
202 1 Car -1 -1 -4.91664 598 175 626 199 4.48 1.60 2.11 -8.08 4.10 -13.17 0.00303468 1
203 1 Car -1 -1 -4.91562 600 175 628 199 4.48 1.60 2.10 -8.03 4.11 -13.72 0.00217238 1
204 1 Car -1 -1 -4.92146 601 176 628 201 4.48 1.60 2.10 -7.95 4.04 -14.17 0.00515312 1
205 1 Car -1 -1 -4.93308 602 182 629 205 4.51 1.58 2.09 -7.90 3.91 -14.70 0.0110001 1
206 1 Car -1 -1 -4.93952 601 183 629 209 4.51 1.59 2.09 -7.81 3.84 -15.23 0.0146358 1
207 1 Car -1 -1 -4.93396 601 183 629 209 4.52 1.58 2.08 -7.72 3.89 -15.70 0.0109134 1
208 1 Car -1 -1 -4.92678 601 178 629 203 4.52 1.58 2.08 -7.60 3.94 -16.23 0.0062449 1
209 38 Car -1 -1 -3.09143 178 195 312 253 4.86 1.57 1.92 -10.90 -0.72 22.19 -3.12366 1
209 1 Car -1 -1 -4.92402 601 178 629 202 4.53 1.58 2.07 -7.72 3.98 -16.95 0.005058 1
210 38 Car -1 -1 -3.28006 95 200 263 267 4.86 1.57 1.91 -11.95 -0.91 21.71 -3.12456 1
210 1 Car -1 -1 -4.92306 601 178 629 201 4.54 1.57 2.06 -7.47 3.99 -17.24 0.00417504 1
211 38 Car -1 -1 -3.42831 0 202 197 287 4.86 1.57 1.91 -11.91 -1.06 19.45 -3.12455 1
211 1 Car -1 -1 -4.92487 601 176 629 201 4.55 1.57 2.06 -7.39 3.94 -17.72 0.0040907 1
212 41 Car -1 -1 -8.06704 95 187 230 252 4.75 1.58 1.91 -14.43 3.74 25.22 3.1376 1
212 1 Car -1 -1 -4.92325 600 176 628 200 4.57 1.56 2.04 -7.32 3.95 -18.29 0.00262309 1
213 41 Car -1 -1 -8.05967 0 191 168 269 4.75 1.57 1.91 -16.23 3.92 23.67 3.1378 1
213 1 Car -1 -1 -4.92408 599 176 627 201 4.58 1.56 2.02 -7.21 3.94 -18.82 0.00283105 1
214 40 Car -1 -1 -3.68634 407 179 451 206 4.64 1.55 1.92 -13.09 -1.37 49.44 -3.13591 1
214 1 Car -1 -1 -4.91648 599 172 626 199 4.60 1.56 2.01 -7.14 4.01 -19.32 -0.00166974 1
215 40 Car -1 -1 -3.62717 391 183 440 209 4.64 1.55 1.92 -13.16 -1.29 47.45 -3.13489 1
215 1 Car -1 -1 -4.91829 599 175 627 199 4.61 1.56 2.00 -7.06 4.00 -19.85 -0.00042959 1
216 40 Car -1 -1 -3.52577 372 186 425 214 4.64 1.55 1.92 -13.17 -1.17 45.30 -3.13112 1
216 1 Car -1 -1 -4.92693 599 176 626 201 4.61 1.56 1.99 -6.97 3.88 -20.38 0.00332055 1
217 40 Car -1 -1 -3.47631 350 187 409 219 4.64 1.55 1.92 -13.53 -1.11 43.10 -3.12913 1
217 1 Car -1 -1 -4.93129 599 179 626 202 4.61 1.57 2.00 -6.89 3.83 -20.97 0.0053019 1
218 40 Car -1 -1 -3.55225 320 185 391 222 4.64 1.55 1.92 -13.53 -1.20 40.90 -3.1302 1
218 1 Car -1 -1 -4.93009 599 176 626 202 4.61 1.57 2.00 -6.83 3.83 -21.53 0.00416048 1
219 40 Car -1 -1 -3.60803 287 187 368 225 4.64 1.55 1.92 -13.63 -1.27 38.93 -3.13175 1
219 1 Car -1 -1 -4.92775 599 175 626 201 4.61 1.57 2.00 -6.74 3.85 -22.09 0.00267477 1
220 40 Car -1 -1 -3.72001 245 187 341 230 4.64 1.55 1.92 -13.73 -1.42 36.94 -3.13606 1
220 1 Car -1 -1 -4.91959 600 172 626 197 4.62 1.57 2.00 -6.64 3.94 -22.63 -0.00153203 1
221 40 Car -1 -1 -3.721 190 187 306 241 4.64 1.55 1.92 -13.82 -1.42 34.99 -3.1376 1
221 1 Car -1 -1 -4.91631 600 172 626 196 4.62 1.57 2.00 -6.58 3.98 -23.19 -0.00281948 1
222 40 Car -1 -1 -3.65516 117 193 263 255 4.64 1.55 1.92 -14.02 -1.33 33.02 -3.13566 1
222 1 Car -1 -1 -4.92067 600 172 626 197 4.62 1.57 1.99 -6.51 3.93 -23.78 -0.00068392 1
223 40 Car -1 -1 -3.5368 11 200 204 274 4.64 1.55 1.92 -14.07 -1.18 31.23 -3.13009 1
223 1 Car -1 -1 -4.93309 600 176 626 201 4.61 1.57 2.00 -6.43 3.78 -24.23 0.00483801 1
224 1 Car -1 -1 -4.93934 600 179 626 204 4.61 1.57 2.00 -6.35 3.72 -24.86 0.00868823 1
225 1 Car -1 -1 -4.94061 599 179 627 204 4.61 1.57 2.00 -6.27 3.70 -25.46 0.00902177 1
226 1 Car -1 -1 -4.94195 599 179 626 204 4.61 1.57 2.00 -6.18 3.67 -26.05 0.00884683 1
227 1 Car -1 -1 -4.94237 598 179 625 204 4.61 1.57 2.00 -6.11 3.66 -26.65 0.00884904 1
228 1 Car -1 -1 -4.9464 598 182 625 207 4.61 1.57 2.01 -6.04 3.64 -27.23 0.0115003 1
229 1 Car -1 -1 -4.94734 597 182 625 208 4.61 1.57 2.01 -5.95 3.61 -27.85 0.0113233 1
230 1 Car -1 -1 -4.94062 597 179 625 204 4.60 1.57 2.01 -5.84 3.68 -28.42 0.00797609 1
231 1 Car -1 -1 -4.93332 597 178 625 203 4.60 1.57 2.01 -5.74 3.77 -28.98 0.00484696 1
232 42 Car -1 -1 -1.84102 381 186 425 210 4.39 1.55 1.87 -12.92 2.94 42.86 -3.13435 1
232 1 Car -1 -1 -4.93281 597 177 625 203 4.60 1.57 2.01 -5.62 3.77 -29.56 0.00442054 1
233 42 Car -1 -1 -1.79781 365 186 413 212 4.39 1.55 1.87 -14.85 3.68 42.84 -3.13563 1
233 1 Car -1 -1 -4.93108 596 175 625 201 4.60 1.57 2.01 -5.56 3.78 -30.16 0.00315913 1
234 42 Car -1 -1 -1.79817 346 183 399 213 4.39 1.55 1.87 -14.81 3.62 40.42 -3.13823 1
234 1 Car -1 -1 -4.92535 596 174 625 200 4.60 1.57 2.01 -5.50 3.85 -30.75 0.000583357 1
235 42 Car -1 -1 -1.79124 323 185 382 219 4.39 1.55 1.87 -14.79 3.77 39.46 -3.13768 1
235 1 Car -1 -1 -4.92692 597 175 625 200 4.60 1.57 2.01 -5.41 3.83 -31.38 0.00113921 1
236 42 Car -1 -1 -1.7904 297 187 364 225 4.39 1.55 1.87 -15.55 3.85 37.09 -3.13498 1
236 1 Car -1 -1 -4.93425 596 175 625 201 4.60 1.57 2.01 -5.30 3.73 -32.00 0.00385595 1
237 42 Car -1 -1 -1.78682 264 190 339 231 4.40 1.55 1.87 -15.50 3.97 34.71 -3.13344 1
237 1 Car -1 -1 -4.93921 597 176 625 202 4.60 1.57 2.02 -5.20 3.66 -32.65 0.0053925 1
238 44 Car -1 -1 -1.78187 290 188 380 236 4.69 1.55 1.88 -12.53 3.90 32.46 -3.1413 1
238 42 Car -1 -1 -1.7857 225 192 309 238 4.40 1.55 1.87 -15.45 4.00 32.34 -3.13331 1
238 1 Car -1 -1 -4.93975 597 176 625 203 4.59 1.57 2.02 -5.13 3.65 -33.30 0.0055335 1
239 44 Car -1 -1 -8.06524 235 190 346 248 4.69 1.55 1.88 -12.52 3.87 30.90 3.14098 1
239 42 Car -1 -1 -1.78693 175 193 262 245 4.40 1.54 1.88 -15.95 3.95 29.99 -3.13421 1
239 1 Car -1 -1 -4.93764 597 176 625 202 4.59 1.57 2.02 -5.05 3.68 -33.90 0.00463979 1
240 44 Car -1 -1 -8.03402 150 194 298 264 4.69 1.55 1.89 -12.51 4.68 29.31 3.14039 1
240 42 Car -1 -1 -1.78918 109 197 203 256 4.40 1.54 1.88 -15.88 3.88 27.60 -3.13481 1
240 1 Car -1 -1 -4.93771 597 175 625 201 4.59 1.57 2.02 -4.97 3.66 -34.55 0.0040497 1
241 44 Car -1 -1 -8.03378 150 194 298 264 4.69 1.55 1.89 -12.50 4.66 27.71 3.13932 1
241 42 Car -1 -1 -1.79021 24 196 234 287 4.40 1.54 1.88 -15.82 3.84 25.21 -3.13587 1
241 1 Car -1 -1 -4.93516 597 175 625 201 4.58 1.57 2.03 -4.91 3.69 -35.19 0.00299033 1
242 1 Car -1 -1 -4.93099 597 175 625 200 4.58 1.57 2.03 -4.82 3.75 -35.86 0.00170314 1
243 1 Car -1 -1 -4.93859 597 175 625 202 4.57 1.57 2.04 -4.71 3.65 -36.52 0.00426456 1
244 1 Car -1 -1 -4.94561 597 177 625 204 4.57 1.57 2.05 -4.63 3.55 -37.18 0.00644475 1
245 43 Car -1 -1 -8.07066 331 187 406 230 4.62 1.50 1.85 -10.88 3.79 30.23 3.14139 1
245 1 Car -1 -1 -4.9439 598 176 625 202 4.56 1.57 2.06 -4.52 3.57 -37.87 0.00568075 1
246 43 Car -1 -1 -8.07375 291 188 381 236 4.62 1.50 1.85 -11.10 3.69 28.67 3.13974 1
246 1 Car -1 -1 -4.94057 597 175 625 200 4.56 1.57 2.06 -4.45 3.60 -38.57 0.00405461 1
247 43 Car -1 -1 -8.07406 239 191 350 248 4.62 1.50 1.85 -11.02 3.71 26.07 3.14098 1
247 1 Car -1 -1 -4.94454 597 175 625 201 4.55 1.57 2.06 -4.39 3.55 -39.27 0.00534112 1
248 43 Car -1 -1 -1.77069 167 196 309 264 4.62 1.50 1.85 -11.01 4.23 23.49 -3.13972 1
248 1 Car -1 -1 -4.95291 598 176 626 202 4.55 1.57 2.06 -4.36 3.44 -39.95 0.00790185 1
249 43 Car -1 -1 -1.77094 56 199 252 286 4.62 1.50 1.85 -11.16 4.23 21.59 -3.13971 1
249 1 Car -1 -1 -4.95369 599 176 626 201 4.55 1.57 2.06 -4.26 3.42 -40.70 0.00792473 1
250 43 Car -1 -1 -1.77223 0 205 168 315 4.62 1.50 1.86 -11.33 4.21 19.68 -3.13909 1
250 1 Car -1 -1 -4.95668 599 176 626 203 4.55 1.57 2.06 -4.21 3.38 -41.45 0.00845091 1
251 1 Car -1 -1 -4.96351 598 179 626 204 4.55 1.57 2.06 -4.14 3.29 -42.09 0.010384 1
252 1 Car -1 -1 -4.9704 598 179 626 205 4.54 1.57 2.06 -4.10 3.20 -42.80 0.0122802 1
253 1 Car -1 -1 -4.97108 598 179 628 205 4.54 1.57 2.07 -4.02 3.19 -43.51 0.0124826 1
254 1 Car -1 -1 -4.9661 599 179 627 204 4.53 1.57 2.07 -3.98 3.25 -44.22 0.0110378 1
255 1 Car -1 -1 -4.96714 599 179 628 204 4.52 1.57 2.07 -3.92 3.23 -44.97 0.0108595 1
256 1 Car -1 -1 -4.96421 598 179 627 204 4.52 1.57 2.08 -3.83 3.27 -45.60 0.00975561 1
257 1 Car -1 -1 -4.95449 598 176 628 203 4.52 1.57 2.08 -3.74 3.39 -46.31 0.00677441 1
258 1 Car -1 -1 -4.93921 598 174 628 200 4.51 1.57 2.08 -3.63 3.61 -47.09 0.00298249 1
259 1 Car -1 -1 -4.93697 598 172 628 198 4.51 1.57 2.08 -3.24 3.62 -47.93 0.00131913 1
260 1 Car -1 -1 -4.93318 598 172 628 199 4.51 1.57 2.08 -3.43 3.69 -48.54 0.000813323 1
261 1 Car -1 -1 -4.94533 597 175 626 201 4.50 1.57 2.09 -3.34 3.51 -49.26 0.00434992 1
262 1 Car -1 -1 -4.96045 597 176 626 204 4.50 1.57 2.09 -3.22 3.30 -50.01 0.00830977 1
263 1 Car -1 -1 -4.96358 596 178 626 204 4.50 1.57 2.09 -3.09 3.26 -50.77 0.00914296 1
264 1 Car -1 -1 -4.94991 596 175 627 203 4.50 1.57 2.09 -2.96 3.45 -51.49 0.00578949 1
265 1 Car -1 -1 -4.94114 596 172 626 199 4.50 1.57 2.09 -2.84 3.57 -52.25 0.00331232 1
266 1 Car -1 -1 -4.93702 595 172 626 196 4.49 1.57 2.09 -2.70 3.63 -52.96 0.00206643 1
267 1 Car -1 -1 -4.93497 593 171 625 193 4.49 1.57 2.09 -2.62 3.66 -53.73 0.00117827 1
268 1 Car -1 -1 -4.93072 593 171 624 199 4.49 1.57 2.09 -2.50 3.72 -54.45 0.000176343 1
269 1 Car -1 -1 -4.94893 593 175 624 202 4.48 1.58 2.09 -2.39 3.45 -55.18 0.00495799 1
270 1 Car -1 -1 -4.9826 592 179 623 206 4.48 1.58 2.10 -2.24 3.01 -55.91 0.0128604 1
271 1 Car -1 -1 -4.98536 592 180 623 209 4.47 1.58 2.10 -2.13 2.98 -56.66 0.013692 1
272 1 Car -1 -1 -4.978 590 180 623 210 4.47 1.58 2.10 -2.03 3.10 -57.38 0.0137859 1
273 1 Car -1 -1 -4.9732 590 179 622 209 4.46 1.58 2.10 -1.96 3.15 -58.08 0.0121335 1
274 1 Car -1 -1 -4.9699 589 179 621 208 4.46 1.58 2.10 -1.72 3.18 -58.75 0.0110037 1
275 1 Car -1 -1 -4.96443 588 179 619 207 4.46 1.59 2.10 -1.73 3.25 -59.46 0.00956773 1
276 1 Car -1 -1 -4.95488 588 178 618 205 4.45 1.59 2.11 -1.65 3.38 -60.15 0.00734379 1
277 1 Car -1 -1 -4.94562 587 175 618 204 4.45 1.59 2.11 -1.56 3.51 -60.84 0.00515472 1
278 1 Car -1 -1 -4.9428 587 175 618 204 4.44 1.59 2.11 -1.45 3.55 -61.51 0.00439513 1
279 1 Car -1 -1 -4.93801 586 175 617 204 4.44 1.59 2.11 -1.39 3.63 -62.19 0.00343131 1
280 1 Car -1 -1 -4.93697 586 173 618 202 4.44 1.59 2.11 -1.34 3.64 -62.87 0.00310024 1
281 1 Car -1 -1 -4.93529 586 172 618 201 4.44 1.59 2.11 -1.33 3.67 -63.53 0.00256376 1
282 1 Car -1 -1 -4.93692 586 172 618 201 4.43 1.59 2.11 -1.26 3.64 -64.19 0.0026983 1
283 1 Car -1 -1 -4.93223 585 172 618 198 4.43 1.59 2.11 -1.24 3.72 -64.88 0.00180375 1
284 1 Car -1 -1 -4.93052 585 171 618 199 4.43 1.59 2.11 -1.18 3.74 -65.54 0.00126207 1
285 1 Car -1 -1 -4.93691 586 171 618 200 4.43 1.60 2.11 -1.15 3.63 -66.22 0.00236604 1
286 1 Car -1 -1 -4.93915 586 172 618 201 4.43 1.60 2.11 -1.08 3.60 -66.91 0.00301534 1
287 1 Car -1 -1 -4.94144 586 172 618 202 4.43 1.60 2.11 -1.06 3.56 -67.55 0.0037064 1
288 1 Car -1 -1 -4.95234 586 174 618 204 4.43 1.60 2.11 -1.03 3.40 -68.18 0.0059077 1
289 1 Car -1 -1 -4.95748 587 173 618 204 4.43 1.60 2.11 -1.02 3.32 -68.83 0.00683035 1
290 1 Car -1 -1 -4.94532 587 172 618 201 4.43 1.59 2.11 -1.02 3.50 -69.49 0.00444647 1
291 1 Car -1 -1 -4.93627 588 171 618 200 4.43 1.59 2.11 -1.05 3.64 -70.11 0.00228086 1
292 1 Car -1 -1 -4.93868 588 169 618 198 4.43 1.59 2.11 -1.04 3.60 -70.79 0.00263174 1
293 1 Car -1 -1 -4.94646 588 171 619 200 4.43 1.59 2.11 -1.05 3.48 -71.44 0.00419293 1
294 1 Car -1 -1 -4.95335 588 172 619 200 4.43 1.59 2.11 -1.04 3.37 -72.11 0.00563013 1
295 1 Car -1 -1 -4.95727 589 172 620 200 4.43 1.59 2.11 -0.98 3.31 -72.77 0.00627536 1
296 1 Car -1 -1 -4.96053 589 172 621 200 4.43 1.59 2.11 -1.05 3.27 -73.44 0.00681097 1
297 1 Car -1 -1 -4.96338 590 173 621 201 4.43 1.59 2.11 -1.06 3.22 -74.10 0.00720919 1
298 1 Car -1 -1 -4.96642 590 174 621 201 4.43 1.59 2.11 -1.05 3.18 -74.75 0.00760318 1
299 1 Car -1 -1 -4.96917 591 174 621 202 4.42 1.59 2.10 -1.09 3.14 -75.38 0.00813593 1
300 1 Car -1 -1 -4.96803 591 174 621 201 4.42 1.59 2.10 -1.13 3.16 -76.04 0.00795252 1
301 1 Car -1 -1 -4.9705 592 175 622 201 4.42 1.59 2.10 -1.15 3.13 -76.65 0.00843507 1
302 1 Car -1 -1 -4.97261 592 175 622 202 4.42 1.59 2.10 -1.16 3.10 -77.33 0.00881592 1
303 1 Car -1 -1 -4.97708 593 175 623 201 4.42 1.59 2.10 -1.14 3.04 -77.94 0.00946468 1
304 1 Car -1 -1 -4.9898 593 176 624 204 4.42 1.59 2.10 -1.20 2.88 -78.55 0.0114881 1
305 1 Car -1 -1 -4.99848 593 177 625 205 4.42 1.59 2.10 -1.18 2.77 -79.16 0.0128699 1
306 1 Car -1 -1 -4.99872 593 177 625 204 4.42 1.59 2.10 -1.13 2.77 -79.79 0.0127674 1
307 1 Car -1 -1 -4.99089 593 176 624 203 4.42 1.59 2.10 -1.04 2.86 -80.44 0.0115412 1
308 1 Car -1 -1 -4.99742 593 178 624 204 4.42 1.59 2.10 -1.04 2.78 -81.13 0.012606 1
309 1 Car -1 -1 -5.01388 593 179 625 208 4.42 1.60 2.10 -1.01 2.60 -81.77 0.0150216 1
310 1 Car -1 -1 -5.02716 593 180 625 208 4.42 1.60 2.10 -0.92 2.46 -82.42 0.0165492 1
311 1 Car -1 -1 -5.02079 593 179 623 207 4.42 1.60 2.10 -0.82 2.52 -83.08 0.0154614 1
312 1 Car -1 -1 -5.02406 592 180 623 208 4.42 1.60 2.10 -0.75 2.48 -83.78 0.0158926 1
