0.500000000 0.382299 0.013721 7.339020 -0.000584 0.066974 -0.005097 0.997741
0.550000000 0.498906 0.011630 7.990741 0.000273 0.080054 -0.005397 0.996776
0.600000000 0.646070 -0.014802 8.512523 0.002409 0.094515 -0.006376 0.995500
0.650000000 0.791480 -0.022529 9.109112 0.005496 0.111276 -0.007938 0.993743
0.700000000 0.955634 -0.024939 9.715053 0.007944 0.129300 -0.008492 0.991537
0.750000000 1.211763 -0.028804 10.310239 0.009242 0.147440 -0.007849 0.988997
0.800000000 1.399765 -0.054325 10.887144 0.010412 0.167464 -0.007970 0.985791
0.850000000 1.651257 -0.072027 11.428242 0.011783 0.187578 -0.008267 0.982144
0.900000000 1.923510 -0.094429 11.978700 0.012067 0.208051 -0.008332 0.978008
0.950000000 2.298866 -0.094894 12.547465 0.012883 0.227509 -0.007408 0.973663
1.000000000 2.525023 -0.124589 13.024403 0.013443 0.248229 -0.005367 0.968593
1.050000000 3.171101 -0.154948 13.399042 0.014171 0.265407 -0.003869 0.964025
1.100000000 3.202307 -0.191842 14.034764 0.014968 0.288313 -0.003718 0.957412
1.150000000 3.597910 -0.206236 14.504452 0.015339 0.309016 -0.005421 0.950918
1.200000000 4.000554 -0.221614 14.994105 0.015038 0.330575 -0.008619 0.943621
1.250000000 4.394271 -0.238218 15.411243 0.014649 0.352562 -0.009796 0.935622
1.300000000 4.882202 -0.255138 15.834854 0.013414 0.375257 -0.008885 0.926781
1.350000000 5.349265 -0.278186 16.264610 0.012901 0.399120 -0.008209 0.916771
1.400000000 5.856689 -0.286543 16.626150 0.013256 0.422704 -0.008143 0.906134
1.450000000 6.390301 -0.306814 17.031753 0.012975 0.446716 -0.008764 0.894539
1.500000000 6.939468 -0.327180 17.376300 0.011809 0.470385 -0.009562 0.882330
1.550000000 7.513294 -0.346060 17.675865 0.010515 0.493573 -0.010430 0.869578
1.600000000 8.102594 -0.363910 17.970228 0.010487 0.516761 -0.009774 0.856010
1.650000000 8.706496 -0.382949 18.204070 0.010437 0.539690 -0.008551 0.841756
1.700000000 9.352688 -0.399149 18.425584 0.010906 0.562015 -0.006916 0.827026
1.750000000 9.982728 -0.408729 18.605838 0.011263 0.582976 -0.005964 0.812389
1.800000000 10.615303 -0.428173 18.752745 0.011985 0.601548 -0.004627 0.798733
1.850000000 11.304169 -0.437123 18.895006 0.013118 0.617170 -0.003288 0.786713
1.900000000 12.021594 -0.448564 19.012625 0.014638 0.630204 -0.001921 0.776290
1.950000000 12.896292 -0.461358 19.026573 0.015776 0.640187 -0.001300 0.768056
2.000000000 13.447459 -0.473797 19.224883 0.015654 0.650266 -0.001147 0.759544
2.050000000 14.192299 -0.490168 19.314519 0.015855 0.657515 -0.000744 0.753274
2.100000000 14.977632 -0.507134 19.410694 0.016867 0.662962 0.000196 0.748463
2.150000000 15.757795 -0.523613 19.491386 0.018294 0.666531 0.001051 0.745252
2.200000000 16.593680 -0.522896 19.573515 0.019299 0.668487 0.001443 0.743472
2.250000000 17.416582 -0.542341 19.642809 0.020122 0.669331 0.002224 0.742689
2.300000000 18.287204 -0.557010 19.739019 0.020910 0.669838 0.002803 0.742208
2.350000000 19.172883 -0.571294 19.836564 0.020986 0.669931 0.003233 0.742120
2.400000000 20.049996 -0.584534 19.930434 0.021006 0.669685 0.003828 0.742338
2.450000000 20.980733 -0.594897 20.029300 0.020929 0.669222 0.004416 0.742755
2.500000000 21.909267 -0.617385 20.146935 0.021524 0.668981 0.004405 0.742955
2.550000000 22.823349 -0.637490 20.232768 0.022257 0.668531 0.003823 0.743341
2.600000000 23.779189 -0.650351 20.349252 0.022780 0.668199 0.003992 0.743623
2.650000000 24.789926 -0.662801 20.462806 0.022240 0.667709 0.004891 0.744074
2.700000000 25.750125 -0.683427 20.577854 0.021981 0.667372 0.006050 0.744376
2.750000000 26.782865 -0.706053 20.710915 0.021728 0.667078 0.005713 0.744649
2.800000000 27.830044 -0.720226 20.846095 0.022701 0.666645 0.005050 0.745013
2.850000000 28.839531 -0.735464 20.959588 0.022796 0.666012 0.003260 0.745585
2.900000000 29.919425 -0.764474 21.089294 0.022430 0.665351 0.002114 0.746191
2.950000000 30.996974 -0.791781 21.216816 0.020880 0.664536 0.001475 0.746963
3.000000000 32.072860 -0.803428 21.344899 0.019601 0.663696 0.001313 0.747744
3.050000000 33.207475 -0.820827 21.488907 0.018077 0.662664 0.001584 0.748697
3.100000000 34.304025 -0.838476 21.632847 0.017671 0.661767 0.002464 0.749497
3.150000000 35.425588 -0.869878 21.759086 0.017474 0.660577 0.003511 0.750546
3.200000000 36.525956 -0.880449 21.937001 0.018037 0.659797 0.003523 0.751219
3.250000000 37.621907 -0.915325 22.083440 0.019682 0.658747 0.003745 0.752098
3.300000000 38.714556 -0.937240 22.229593 0.020958 0.657685 0.003961 0.752991
3.350000000 39.826175 -0.954891 22.383180 0.019690 0.656774 0.004444 0.753817
3.400000000 40.997900 -0.970213 22.552841 0.017870 0.655958 0.007234 0.754552
3.450000000 42.156458 -0.990891 22.723523 0.016424 0.655371 0.008841 0.755076
3.500000000 43.268089 -1.015298 22.883807 0.017651 0.654969 0.009129 0.755394
3.550000000 44.424377 -1.023771 23.056050 0.020498 0.654671 0.006429 0.755608
3.600000000 45.509819 -1.054418 23.215195 0.021764 0.654468 0.004135 0.755765
3.650000000 46.706523 -1.073623 23.384628 0.021656 0.654425 0.003669 0.755808
3.700000000 47.874065 -1.102757 23.538074 0.020439 0.654440 0.004123 0.755827
3.750000000 49.048503 -1.130767 23.729881 0.019498 0.654836 0.004932 0.755503
3.800000000 50.244957 -1.144785 23.913046 0.019666 0.655063 0.005019 0.755302
3.850000000 51.451620 -1.156836 24.096289 0.020527 0.655232 0.005323 0.755130
3.900000000 52.648873 -1.171826 24.293915 0.020266 0.655543 0.005729 0.754864
3.950000000 53.860034 -1.190154 24.468018 0.020304 0.655796 0.006416 0.754638
4.000000000 55.052346 -1.200657 24.615412 0.020174 0.655857 0.006633 0.754586
4.050000000 56.294023 -1.210184 24.788351 0.019523 0.656147 0.008544 0.754332
4.100000000 57.562677 -1.251004 24.952921 0.018229 0.656295 0.012164 0.754186
4.150000000 58.752956 -1.252817 25.134807 0.018357 0.656600 0.014223 0.753881
4.200000000 59.979200 -1.270510 25.323691 0.020262 0.656981 0.016866 0.753446
4.250000000 61.217240 -1.264503 25.490142 0.021651 0.656874 0.016529 0.753509
4.300000000 62.515045 -1.260644 25.656537 0.024302 0.656725 0.016759 0.753552
4.350000000 63.733783 -1.279386 25.809375 0.025314 0.656398 0.015374 0.753834
4.400000000 64.968185 -1.305825 25.989543 0.026181 0.656247 0.013358 0.753974
4.450000000 66.233974 -1.321357 26.146912 0.026572 0.655651 0.011862 0.754503
4.500000000 67.510286 -1.348798 26.349784 0.025592 0.655630 0.011313 0.754564
4.550000000 68.774964 -1.369790 26.528505 0.024763 0.655238 0.010382 0.754945
4.600000000 70.089370 -1.390365 26.743424 0.025544 0.654985 0.010252 0.755141
4.650000000 71.377575 -1.416643 26.934585 0.026862 0.654438 0.009840 0.755574
4.700000000 72.725192 -1.434569 27.120630 0.027762 0.653662 0.008498 0.756229
4.750000000 74.058700 -1.448056 27.345856 0.027793 0.653213 0.007932 0.756623
4.800000000 75.434182 -1.487757 27.501132 0.026101 0.652164 0.007640 0.757590
4.850000000 76.838891 -1.514393 27.693210 0.024757 0.651371 0.007802 0.758316
4.900000000 78.208845 -1.551883 27.894461 0.023866 0.650596 0.007250 0.759014
4.950000000 79.617621 -1.568211 28.110860 0.023452 0.649758 0.007116 0.759746
5.000000000 80.996068 -1.609081 28.329595 0.022910 0.649087 0.007933 0.760327
5.050000000 82.328050 -1.640153 28.537400 0.022142 0.648506 0.008618 0.760838
5.100000000 83.719083 -1.666062 28.757363 0.021802 0.647800 0.008567 0.761450
5.150000000 85.141939 -1.694549 29.004075 0.022099 0.647130 0.008591 0.762011
5.200000000 86.534086 -1.726664 29.235802 0.022669 0.646430 0.009091 0.762583
5.250000000 87.957979 -1.741357 29.469214 0.022821 0.645599 0.009887 0.763272
5.300000000 89.386061 -1.810399 29.571017 0.022306 0.643680 0.010499 0.764898
5.350000000 90.763095 -1.804874 29.957910 0.022405 0.644390 0.011363 0.764284
5.400000000 92.154771 -1.816323 30.211183 0.021764 0.644054 0.011782 0.764580
5.450000000 93.543554 -1.828242 30.459236 0.021741 0.643839 0.012381 0.764752
5.500000000 94.950655 -1.852043 30.703281 0.022049 0.643499 0.012496 0.765027
5.550000000 96.351639 -1.888324 30.948906 0.022942 0.643172 0.012635 0.765274
5.600000000 97.780113 -1.892943 31.198617 0.023603 0.642897 0.011551 0.765502
5.650000000 99.192431 -1.922611 31.461789 0.024106 0.642731 0.011138 0.765632
5.700000000 100.621248 -1.952149 31.742541 0.024173 0.642754 0.010235 0.765623
5.750000000 102.015474 -1.973507 31.968756 0.025022 0.642377 0.008532 0.765933
5.800000000 103.442406 -2.025146 32.230597 0.025346 0.642144 0.007644 0.766126
5.850000000 104.851804 -2.058314 32.495262 0.024398 0.642003 0.007257 0.766279
5.900000000 106.258912 -2.098460 32.735148 0.023538 0.641684 0.007939 0.766566
5.950000000 107.662010 -2.141283 32.985175 0.023135 0.641317 0.007640 0.766889
6.000000000 109.042141 -2.184105 33.222301 0.023344 0.640818 0.007040 0.767305
6.050000000 110.451963 -2.207943 33.481713 0.022802 0.640386 0.005823 0.767693
6.100000000 111.853839 -2.273679 33.731061 0.022127 0.639939 0.006657 0.768078
6.150000000 113.302631 -2.302647 33.999573 0.020428 0.639354 0.007761 0.768602
6.200000000 114.682074 -2.324496 34.261084 0.019862 0.638781 0.008919 0.769081
6.250000000 116.099813 -2.354221 34.530515 0.021535 0.638223 0.009208 0.769495
6.300000000 117.520209 -2.370594 34.789027 0.022452 0.637592 0.009742 0.769986
6.350000000 118.888579 -2.399347 35.071849 0.021977 0.636965 0.009761 0.770517
6.400000000 120.301461 -2.429671 35.337545 0.022523 0.636198 0.010281 0.771128
6.450000000 121.709205 -2.456959 35.610840 0.021925 0.635596 0.009849 0.771648
6.500000000 123.076767 -2.487955 35.908309 0.021296 0.635147 0.009720 0.772036
6.550000000 124.467638 -2.500447 36.187011 0.021439 0.634554 0.010139 0.772515
6.600000000 125.916810 -2.523296 36.460966 0.021876 0.633770 0.010862 0.773136
6.650000000 127.348669 -2.546233 36.754463 0.021983 0.633207 0.011391 0.773587
6.700000000 128.785605 -2.579579 37.042568 0.022798 0.632683 0.011582 0.773988
6.750000000 130.219550 -2.616047 37.324400 0.024143 0.632006 0.010198 0.774520
6.800000000 131.665802 -2.636664 37.624335 0.025193 0.631550 0.008404 0.774881
6.850000000 133.140689 -2.667905 37.933691 0.024863 0.631412 0.007058 0.775017
6.900000000 134.603037 -2.708051 38.255346 0.024029 0.631244 0.005875 0.775190
6.950000000 136.065999 -2.753723 38.564896 0.023733 0.630937 0.005558 0.775451
7.000000000 137.543526 -2.793514 38.874503 0.022562 0.630820 0.005557 0.775581
7.050000000 138.986888 -2.832409 39.191696 0.021441 0.630785 0.004267 0.775649
7.100000000 140.488218 -2.853675 39.504311 0.020724 0.630616 0.002684 0.775814
7.150000000 141.888111 -2.886284 39.828746 0.019197 0.630550 0.002799 0.775906
7.200000000 143.416666 -2.902773 40.137227 0.017651 0.630343 0.003866 0.776107
7.250000000 144.865666 -2.945743 40.430611 0.016818 0.630067 0.005087 0.776342
7.300000000 146.275579 -2.970021 40.749341 0.017324 0.629899 0.006044 0.776460
7.350000000 147.746305 -2.996670 41.060951 0.018507 0.629626 0.006620 0.776650
7.400000000 149.208273 -3.035984 41.387848 0.020201 0.629497 0.008010 0.776699
7.450000000 150.651541 -3.059656 41.690845 0.022197 0.629098 0.008906 0.776958
7.500000000 152.087505 -3.083864 42.006791 0.023528 0.628696 0.008163 0.777252
7.550000000 153.560894 -3.119996 42.307179 0.023053 0.628438 0.008502 0.777471
7.600000000 155.020012 -3.165210 42.638195 0.019686 0.628536 0.009209 0.777477
7.650000000 156.481797 -3.189077 42.956500 0.018692 0.628664 0.009894 0.777389
7.700000000 157.931392 -3.217255 43.264965 0.019251 0.628391 0.009033 0.777607
7.750000000 159.417698 -3.232784 43.565140 0.021348 0.627920 0.009178 0.777931
7.800000000 160.883577 -3.255680 43.878358 0.022336 0.627293 0.010053 0.778398
7.850000000 162.333187 -3.281887 44.186345 0.023776 0.626324 0.009076 0.779148
7.900000000 163.826524 -3.314754 44.497868 0.025941 0.625444 0.008895 0.779787
7.950000000 165.312573 -3.370825 44.831651 0.024731 0.624941 0.007316 0.780246
8.000000000 166.719682 -3.409425 45.156204 0.023221 0.624484 0.006262 0.780667
8.050000000 168.181880 -3.454434 45.461923 0.021233 0.623719 0.006210 0.781336
8.100000000 169.623819 -3.526983 45.786705 0.020781 0.623063 0.005731 0.781874
8.150000000 171.083521 -3.566513 46.121042 0.021495 0.622425 0.004263 0.782373
8.200000000 172.495553 -3.624756 46.465819 0.021045 0.622160 0.003309 0.782600
8.250000000 173.940388 -3.647419 46.819332 0.020146 0.621892 0.002582 0.782840
8.300000000 175.426717 -3.693888 47.190152 0.019796 0.621649 0.002510 0.783042
8.350000000 176.843602 -3.804808 47.359594 0.019363 0.620407 0.003108 0.784035
8.400000000 178.287129 -3.771195 47.911567 0.018682 0.621527 0.004001 0.783159
8.450000000 179.730371 -3.788004 48.273565 0.017161 0.621440 0.005693 0.783253
8.500000000 181.118905 -3.824960 48.605005 0.017082 0.621457 0.006691 0.783234
8.550000000 182.532246 -3.836913 48.942216 0.018206 0.621452 0.005941 0.783218
8.600000000 183.929652 -3.863249 49.274738 0.020032 0.621424 0.004916 0.783203
8.650000000 185.326665 -3.917213 49.603947 0.021431 0.621344 0.004404 0.783233
8.700000000 186.760233 -3.954363 49.953453 0.021475 0.621427 0.004665 0.783164
8.750000000 188.195411 -3.994719 50.299789 0.020201 0.621516 0.005587 0.783121
8.800000000 189.692028 -4.028728 50.653199 0.019614 0.621483 0.006143 0.783158
8.850000000 191.099283 -4.050375 51.012494 0.020294 0.621650 0.006204 0.783008
8.900000000 192.475770 -4.067813 51.330685 0.021287 0.621710 0.006869 0.782928
8.950000000 193.822223 -4.093995 51.627180 0.022096 0.621443 0.006810 0.783118
9.000000000 195.199509 -4.120424 51.938804 0.023623 0.621149 0.005792 0.783315
9.050000000 196.581803 -4.186767 52.264334 0.026119 0.621011 0.004658 0.783352
9.100000000 197.977434 -4.239157 52.598372 0.025746 0.620600 0.002432 0.783701
9.150000000 199.315652 -4.291043 52.941119 0.025029 0.620121 0.001136 0.784106
9.200000000 200.747686 -4.329816 53.285611 0.022610 0.619320 0.000921 0.784813
9.250000000 202.159528 -4.375489 53.628268 0.020738 0.618821 0.001678 0.785257
9.300000000 203.579936 -4.432255 53.981800 0.019520 0.618150 0.002814 0.785813
9.350000000 204.995073 -4.475872 54.334961 0.020436 0.617287 0.004158 0.786462
9.400000000 206.395810 -4.509315 54.683541 0.021741 0.616186 0.004378 0.787289
9.450000000 207.803627 -4.547373 55.037199 0.022048 0.615163 0.004864 0.788076
9.500000000 209.209621 -4.596940 55.391212 0.020881 0.614183 0.004636 0.788874
9.550000000 210.600859 -4.617234 55.705429 0.019413 0.612962 0.004790 0.789859
9.600000000 211.988221 -4.619742 56.095613 0.018074 0.612844 0.004553 0.789984
9.650000000 213.413424 -4.663043 56.492009 0.018646 0.612510 0.005833 0.790221
9.700000000 214.788794 -4.696847 56.841375 0.021229 0.611756 0.006988 0.790731
9.750000000 216.162957 -4.733701 57.209203 0.023040 0.610982 0.005453 0.791290
9.800000000 217.537613 -4.752857 57.574044 0.023075 0.609884 0.004598 0.792141
9.850000000 218.939572 -4.764254 57.969187 0.020430 0.609091 0.004481 0.792824
9.900000000 220.359212 -4.806307 58.369409 0.017872 0.608281 0.005300 0.793503
9.950000000 221.797181 -4.840077 58.738124 0.018754 0.606962 0.005903 0.794487
10.000000000 223.185684 -4.871607 59.126867 0.020854 0.605708 0.005108 0.795397
10.050000000 224.623583 -4.907907 59.512035 0.023387 0.604543 0.005701 0.796209
10.100000000 226.064905 -4.953651 59.897189 0.022053 0.603308 0.005172 0.797187
10.150000000 227.487290 -5.000027 60.294325 0.022179 0.602466 0.006280 0.797812
10.200000000 228.846415 -5.076512 60.691392 0.022219 0.601964 0.004084 0.798203
10.250000000 230.247923 -5.109025 61.088210 0.023479 0.601655 0.000657 0.798410
10.300000000 231.689793 -5.167661 61.502780 0.024606 0.601499 -0.000910 0.798494
10.350000000 233.157397 -5.210848 61.935816 0.022759 0.601434 -0.000908 0.798598
10.400000000 234.553784 -5.257266 62.365093 0.020698 0.601587 0.000309 0.798539
10.450000000 235.881940 -5.320524 62.662369 0.020552 0.600868 0.001108 0.799084
10.500000000 237.316251 -5.347393 63.131661 0.020373 0.601478 0.001487 0.798628
10.550000000 238.668817 -5.383982 63.499437 0.019628 0.601514 0.000619 0.798621
10.600000000 240.185458 -5.422006 63.960862 0.018651 0.602217 0.000197 0.798115
10.650000000 241.652573 -5.457683 64.373182 0.018929 0.602799 0.000340 0.797669
10.700000000 240.111500 -5.505508 63.496953 0.016428 0.603153 0.003609 0.797448
10.750000000 244.493865 -5.548071 65.147447 0.018392 0.602860 0.002504 0.797631
10.800000000 245.951993 -5.584883 65.576510 0.019703 0.602941 0.001459 0.797541
10.850000000 247.398180 -5.620366 65.999141 0.020348 0.603013 0.000517 0.797472
10.900000000 248.835805 -5.682774 66.394376 0.019627 0.602715 0.000831 0.797715
10.950000000 250.299976 -5.725953 66.832627 0.019319 0.602791 0.001777 0.797663
11.000000000 251.783853 -5.755915 67.264379 0.018126 0.602745 0.003634 0.797720
11.050000000 253.265107 -5.797661 67.679401 0.018650 0.602472 0.005575 0.797902
11.100000000 250.843272 -5.739031 66.952138 0.019752 0.604477 0.007476 0.796343
11.150000000 256.308397 -5.824106 68.556801 0.022540 0.602201 0.003573 0.798018
11.200000000 257.778768 -5.882498 68.973041 0.024042 0.602218 0.002201 0.797966
11.250000000 259.285559 -5.937632 69.410849 0.023480 0.602360 0.000891 0.797879
11.300000000 260.733147 -5.983659 69.823976 0.022835 0.602539 0.000432 0.797763
11.350000000 262.227016 -6.043193 70.252758 0.022157 0.602678 -0.000647 0.797677
11.400000000 263.695705 -6.097073 70.686651 0.022795 0.602858 -0.001804 0.797521
11.450000000 265.196297 -6.155000 71.139362 0.022168 0.603229 -0.002316 0.797257
11.500000000 266.709080 -6.172725 71.584846 0.020424 0.603570 -0.002365 0.797045
11.550000000 268.198360 -6.238837 72.031968 0.019174 0.603776 -0.001162 0.796922
11.600000000 269.682749 -6.281412 72.470819 0.019142 0.603999 -0.000885 0.796755
11.650000000 271.212319 -6.313065 72.890315 0.018845 0.603887 -0.000062 0.796847
11.700000000 272.712146 -6.346348 73.331574 0.018280 0.604071 0.001273 0.796720
11.750000000 274.212601 -6.384287 73.776176 0.018809 0.604166 0.001118 0.796636
11.800000000 275.714590 -6.417085 74.210087 0.020148 0.604158 0.000511 0.796609
11.850000000 277.219190 -6.467122 74.656539 0.020751 0.604232 0.000353 0.796538
11.900000000 278.736597 -6.499003 75.098644 0.021032 0.604301 0.000331 0.796478
11.950000000 280.279968 -6.545837 75.517592 0.020777 0.604050 0.000570 0.796675
12.000000000 281.821118 -6.574933 75.954105 0.020445 0.603921 0.000737 0.796781
12.050000000 283.361782 -6.619553 76.398201 0.020092 0.603830 0.001062 0.796859
12.100000000 284.928999 -6.662417 76.834306 0.020238 0.603753 0.001887 0.796912
12.150000000 286.465261 -6.717031 77.280229 0.021233 0.603731 0.000958 0.796905
12.200000000 288.003534 -6.757081 77.713517 0.022445 0.603578 0.000760 0.796988
12.250000000 289.582963 -6.809232 78.169286 0.022412 0.603596 0.001332 0.796974
12.300000000 291.137613 -6.876527 78.593879 0.021772 0.603521 0.002416 0.797046
12.350000000 292.750588 -6.931811 79.033410 0.022840 0.603192 0.002827 0.797264
12.400000000 294.376899 -6.976721 79.478317 0.024346 0.602944 0.002811 0.797407
12.450000000 295.981607 -7.013105 79.949917 0.024539 0.602938 0.002735 0.797406
12.500000000 297.578935 -7.052956 80.394702 0.024115 0.602798 0.001458 0.797528
12.550000000 299.357017 -7.202487 80.730396 0.024643 0.601512 0.002189 0.798481
12.600000000 300.705844 -7.207093 81.282269 0.024807 0.602866 -0.000348 0.797456
12.650000000 302.246646 -7.266739 81.729769 0.024546 0.602933 -0.001206 0.797413
12.700000000 303.848889 -7.334683 82.180399 0.023575 0.602781 -0.001492 0.797557
12.750000000 305.483711 -7.397418 82.648712 0.022686 0.602836 -0.002548 0.797539
12.800000000 307.045963 -7.458920 83.113731 0.021539 0.603064 -0.003188 0.797396
12.850000000 308.606844 -7.523102 83.549936 0.019978 0.603122 -0.002699 0.797394
12.900000000 310.255805 -7.555276 84.037706 0.018898 0.603191 -0.001110 0.797372
12.950000000 311.869613 -7.597891 84.497497 0.018264 0.603309 0.000132 0.797299
13.000000000 313.553504 -7.759967 84.688802 0.017761 0.601695 0.000278 0.798528
13.050000000 315.115898 -7.700718 85.411098 0.020441 0.603590 0.000003 0.797033
13.100000000 316.738975 -7.747555 85.866994 0.022240 0.603730 -0.000990 0.796878
13.150000000 318.370133 -7.804963 86.353032 0.022293 0.604037 -0.001504 0.796643
13.200000000 320.000642 -7.888326 86.795494 0.020994 0.604228 -0.000355 0.796535
13.250000000 321.653787 -7.935610 87.268692 0.020224 0.604580 0.000736 0.796288
13.300000000 323.245716 -7.989934 87.723243 0.019949 0.604995 0.001636 0.795978
13.350000000 325.194211 -7.939557 88.071454 0.020649 0.603248 0.001611 0.797285
13.400000000 326.575641 -8.073082 88.624064 0.020129 0.605131 0.003218 0.795865
13.450000000 328.183293 -8.110294 89.063652 0.022521 0.605300 0.002362 0.795675
13.500000000 329.784702 -8.169244 89.501109 0.026231 0.605383 0.000914 0.795502
13.550000000 331.390954 -8.249785 89.946338 0.026319 0.605562 0.000137 0.795363
13.600000000 332.971490 -8.320556 90.385120 0.025593 0.605865 -0.000868 0.795156
13.650000000 334.578498 -8.383494 90.832275 0.023218 0.606363 -0.002445 0.794845
13.700000000 336.168806 -8.455639 91.285270 0.021082 0.606953 -0.004123 0.794448
13.750000000 337.750236 -8.512995 91.735823 0.019334 0.607476 -0.005522 0.794084
13.800000000 339.353458 -8.587871 92.179390 0.018140 0.607773 -0.005210 0.793886
13.850000000 340.947865 -8.640403 92.611142 0.017406 0.607914 -0.004261 0.793800
13.900000000 342.560345 -8.682359 93.038341 0.017464 0.608041 -0.003648 0.793705
13.950000000 344.132807 -8.731367 93.474666 0.017762 0.608019 -0.002504 0.793719
14.000000000 345.739695 -8.788525 93.912173 0.018116 0.607942 -0.001594 0.793773
14.050000000 347.359663 -8.839891 94.324724 0.018009 0.607550 -0.001034 0.794077
14.100000000 348.953662 -8.883677 94.762702 0.017776 0.607392 -0.001430 0.794202
14.150000000 350.546804 -8.950288 95.191460 0.017680 0.607173 -0.001030 0.794372
14.200000000 352.130549 -8.996202 95.620315 0.017691 0.606834 -0.000225 0.794632
14.250000000 353.663847 -9.031074 96.025841 0.018140 0.606405 -0.000214 0.794949
14.300000000 355.297105 -9.089033 96.446083 0.018695 0.605980 -0.000455 0.795260
14.350000000 356.805606 -9.130556 96.881066 0.019471 0.605780 -0.000219 0.795394
14.400000000 358.359988 -9.199106 97.301152 0.020461 0.605382 -0.000162 0.795672
14.450000000 359.917501 -9.241331 97.728049 0.020891 0.605016 -0.000216 0.795939
14.500000000 361.494874 -9.295876 98.177194 0.020256 0.604699 0.000469 0.796196
14.550000000 363.045032 -9.325608 98.596703 0.019380 0.604285 0.000782 0.796532
14.600000000 364.601135 -9.346552 99.038547 0.019549 0.603858 0.000710 0.796852
14.650000000 366.118369 -9.408713 99.481282 0.020133 0.603416 0.000403 0.797172
14.700000000 367.685497 -9.454767 99.938646 0.020572 0.603006 -0.000435 0.797471
14.750000000 369.240923 -9.507608 100.395292 0.020579 0.602732 -0.000988 0.797677
14.800000000 370.824950 -9.574082 100.823832 0.020436 0.602068 -0.001431 0.798182
14.850000000 372.384609 -9.631729 101.259262 0.020569 0.601494 -0.001666 0.798611
14.900000000 373.948082 -9.675795 101.715361 0.021030 0.601055 -0.001262 0.798930
14.950000000 375.512951 -9.738044 102.159629 0.021544 0.600421 -0.001006 0.799393
15.000000000 377.061304 -9.787422 102.619160 0.021490 0.600052 -0.001165 0.799672
15.050000000 378.594494 -9.834231 103.064558 0.021841 0.599616 -0.001484 0.799989
15.100000000 380.181307 -9.870421 103.506021 0.022544 0.598989 -0.001213 0.800439
15.150000000 381.682724 -9.921398 103.965460 0.023253 0.598523 -0.000717 0.800768
15.200000000 383.174689 -9.982484 104.418887 0.024472 0.597941 -0.000558 0.801166
15.250000000 384.711060 -10.036762 104.889277 0.025305 0.597685 -0.000932 0.801331
15.300000000 386.249282 -10.095776 105.348693 0.025378 0.597535 -0.000988 0.801441
15.350000000 387.764150 -10.151152 105.817762 0.024696 0.597530 -0.000913 0.801466
15.400000000 389.332905 -10.225139 106.281716 0.025408 0.597317 -0.000983 0.801602
15.450000000 390.865895 -10.282370 106.742509 0.025757 0.597126 -0.003154 0.801728
15.500000000 392.403983 -10.354155 107.196160 0.025673 0.597009 -0.004068 0.801813
15.550000000 393.948180 -10.430452 107.664361 0.024708 0.596933 -0.004004 0.801901
15.600000000 395.483109 -10.501056 108.128219 0.025709 0.596929 -0.003077 0.801876
