11 0 Car 1 1 -4.97221 1.38532 213.401 126.261 269.613 4.76 1.73 2.00  -23.65 2.91 31.53  0.000779206 0
12 0 Car 1 1 -4.97144 -39.477 216.099 98.8834 276.674 4.76 1.73 2.00  -23.59 2.92 29.64  0.00081827 0
13 0 Car 1 1 -4.97342 -85.3884 217.333 68.6147 282.762 4.76 1.73 2.00  -23.56 2.87 27.80  -0.000746497 0
14 0 Car 1 1 -4.97549 -139.949 219.062 33.4302 290.229 4.76 1.73 2.00  -23.53 2.82 25.93  -0.00174315 0
15 0 Car 1 1 -4.97767 -205.886 221.102 -8.13977 299.209 4.76 1.73 2.00  -23.53 2.78 24.01  -0.00267274 0
16 0 Car 1 1 -4.97715 -283.01 224.61 -55.1025 311.218 4.76 1.73 2.00  -23.50 2.77 22.12  -0.00360213 0
17 1 Car 1 1 -4.98138 23.4288 210.177 143.131 264.254 4.71 1.67 1.99  -23.37 2.79 32.30  -0.000295428 0
17 0 Car 1 1 -4.977 -378.24 228.886 -111.166 326.015 4.76 1.73 2.00  -23.49 2.77 20.21  -0.00390365 0
18 1 Car 1 1 -4.98107 -14.7561 212.221 117.155 270.278 4.71 1.67 1.99  -23.34 2.79 30.43  -0.000834183 0
18 0 Car 1 1 -4.97632 -492.308 234.009 -175.12 344.104 4.76 1.73 2.00  -23.46 2.77 18.34  -0.00440413 0
19 1 Car 1 1 -4.98153 -59.8888 214.637 87.0995 277.541 4.71 1.67 1.99  -23.26 2.78 28.44  -0.000755536 0
19 0 Car 1 1 -4.97686 -643.016 240.25 -254.482 368.101 4.76 1.73 2.00  -23.35 2.76 16.35  -0.00431919 0
20 1 Car 1 1 -4.97613 -111.292 219.905 53.1973 288.29 4.71 1.67 1.99  -23.31 2.88 26.63  0.000907151 0
20 0 Car 1 1 -4.97301 -834.003 251.116 -350.528 401.872 4.76 1.73 2.00  -23.43 2.84 14.54  -0.00260034 0
21 1 Car 1 1 -4.97682 -171.598 222.721 14.6137 297.566 4.71 1.67 1.99  -23.29 2.87 24.74  0.000470825 0
22 1 Car 1 1 -4.97541 -242.915 226.273 -29.7579 309.057 4.71 1.67 1.99  -23.29 2.87 22.86  -0.00108917 0
23 1 Car 1 1 -4.97268 -326.097 230.55 -79.7503 322.933 4.71 1.67 1.99  -23.29 2.87 21.03  -0.00324597 0
24 1 Car 1 1 -4.97005 -427.816 236.388 -138.75 340.563 4.71 1.67 1.99  -23.30 2.90 19.20  -0.00390858 0
25 1 Car 1 1 -4.96842 -552.787 242.966 -207.741 361.966 4.71 1.67 1.99  -23.29 2.92 17.37  -0.00421863 0
26 1 Car 1 1 -4.9687 -713.176 250.548 -291.864 388.624 4.71 1.67 1.99  -23.30 2.93 15.55  -0.00329837 0
31 2 Car 1 1 -2.07259 92.8418 174.113 189.693 213.171 4.43 1.63 1.88  -24.04 1.01 37.26  -3.14065 0
32 2 Car 1 1 -1.79791 162.159 214.684 238.069 253.481 4.44 1.64 1.88  -23.83 3.52 42.19  -3.14113 0
33 2 Car 1 1 -1.79458 132.424 217.857 214.42 258.529 4.44 1.64 1.88  -24.42 3.61 40.60  -3.13984 0
34 2 Car 1 1 -1.78888 106.11 221.25 198.147 264.38 4.44 1.64 1.88  -24.59 3.71 38.99  -3.1408 0
35 2 Car 1 1 -1.78616 84.7305 224.235 182.482 269.562 4.44 1.64 1.88  -24.60 3.78 37.51  -3.14058 0
36 2 Car 1 1 -1.78519 61.423 226.574 165.544 274.239 4.44 1.64 1.88  -24.62 3.79 36.02  -3.14069 0
37 2 Car 1 1 -1.78615 35.7535 228.035 147.077 278.235 4.44 1.64 1.88  -24.63 3.76 34.52  -3.14129 0
38 2 Car 1 1 -8.06745 8.5694 230.948 127.685 284 4.44 1.64 1.88  -24.65 3.79 33.07  3.1415 0
39 2 Car 1 1 -1.78252 -22.0962 234.901 106.106 291.172 4.44 1.64 1.88  -24.67 3.86 31.59  -3.14057 0
40 2 Car 1 1 -1.78096 -55.933 238.962 82.5715 298.848 4.44 1.64 1.88  -24.68 3.91 30.10  -3.13985 0
41 2 Car 1 1 -1.77978 -92.3977 243.469 57.6205 307.323 4.44 1.64 1.88  -24.68 3.97 28.65  -3.1386 0
42 4 Car 1 1 -4.97369 601.261 216.699 651.493 276.408 4.62 1.69 1.96  0.61 2.91 29.46  0.0012085 0
42 2 Car 1 1 -1.77785 -133.462 248.761 29.8097 317.204 4.44 1.64 1.88  -24.70 4.04 27.19  -3.13754 0
43 4 Car 1 1 -4.93679 624.942 229.985 676.946 290.843 4.62 1.69 1.96  1.64 3.54 29.99  0.000287895 0
43 2 Car 1 1 -1.77665 -176.593 253.029 0.461087 326.174 4.44 1.64 1.89  -24.81 4.08 25.92  -3.13726 0
44 4 Car 1 1 -4.93679 626.91 232.774 682.088 297.619 4.62 1.69 1.96  1.69 3.54 28.49  0.000296893 0
44 2 Car 1 1 -1.77769 -229.407 257.057 -33.6286 336.276 4.44 1.64 1.89  -24.74 4.05 24.35  -3.13723 0
45 4 Car 1 1 -4.93761 627.959 232.999 683.483 298.143 4.62 1.69 1.96  1.73 3.54 28.36  0.00099605 0
46 4 Car 1 1 -4.93775 629.175 233.995 685.06 299.487 4.62 1.69 1.96  1.77 3.56 28.21  0.00242773 0
47 4 Car 1 1 -4.93733 629.668 235.325 685.766 301.224 4.62 1.69 1.96  1.79 3.61 28.07  0.0039988 0
48 4 Car 1 1 -4.93281 628.54 234.607 684.058 299.737 4.62 1.69 1.96  1.76 3.62 28.52  0.000276314 0
48 3 Car 1 1 -4.97095 179.251 204.472 235.048 238.306 4.32 1.57 1.83  -25.22 3.00 45.38  0.000322494 0
49 4 Car 1 1 -4.93413 630.387 233.281 686.4 298.454 4.62 1.69 1.96  1.84 3.56 28.47  -0.00119231 0
49 3 Car 1 1 -4.97448 167.128 204.054 225.478 238.899 4.32 1.57 1.83  -25.22 2.92 44.19  -0.00117965 0
50 4 Car 1 1 -4.9344 631.432 232.871 687.765 298.268 4.62 1.69 1.96  1.88 3.54 28.38  -0.00208775 0
50 3 Car 1 1 -4.97586 154.073 204.3 215.282 240.233 4.32 1.57 1.83  -25.23 2.89 43.01  -0.00213108 0
51 4 Car 1 1 -4.93416 632.318 233.401 688.978 299.078 4.62 1.69 1.96  1.91 3.55 28.27  -0.00176199 0
51 3 Car 1 1 -4.97527 137.464 205.504 202.357 242.776 4.32 1.57 1.83  -25.27 2.90 41.64  -0.00189577 0
52 4 Car 1 1 -4.93366 633.143 233.887 689.981 299.84 4.62 1.69 1.96  1.94 3.57 28.19  -0.00163382 0
52 3 Car 1 1 -4.97257 119.995 207.303 188.989 246.157 4.32 1.57 1.83  -25.26 2.94 40.23  -0.00178422 0
53 4 Car 1 1 -4.93431 633.991 233.759 690.945 299.845 4.62 1.69 1.96  1.97 3.55 28.12  -0.00153591 0
53 3 Car 1 1 -4.97093 101.496 208.938 174.948 249.469 4.32 1.57 1.83  -25.25 2.97 38.83  -0.00167636 0
54 4 Car 1 1 -4.9344 634.752 233.837 691.801 300.193 4.62 1.69 1.96  2.00 3.55 28.03  -0.00161083 0
54 3 Car 1 1 -4.96791 81.522 211.027 159.886 253.445 4.32 1.57 1.83  -25.24 3.02 37.44  -0.00169533 0
55 4 Car 1 1 -4.93468 636.164 233.758 693.466 300.406 4.62 1.69 1.96  2.05 3.54 27.94  -0.00182979 0
55 3 Car 1 1 -4.96507 60.1674 213.206 144.035 257.718 4.32 1.57 1.83  -25.21 3.06 36.03  -0.0018369 0
56 4 Car 1 1 -4.93583 637.293 232.662 694.771 299.442 4.62 1.69 1.96  2.09 3.49 27.88  -0.00302082 0
56 3 Car 1 1 -4.96314 37.9062 214.856 127.659 261.561 4.32 1.57 1.83  -25.19 3.07 34.70  -0.00293258 0
57 4 Car 1 1 -4.93679 638.17 232.273 695.858 299.198 4.62 1.69 1.96  2.12 3.47 27.81  -0.003175 0
57 3 Car 1 1 -4.96159 12.9195 216.907 109.331 265.964 4.32 1.57 1.83  -25.19 3.09 33.34  -0.00307338 0
58 4 Car 1 1 -4.93713 638.965 232.191 696.739 299.228 4.62 1.69 1.96  2.15 3.47 27.77  -0.00316033 0
58 3 Car 1 1 -4.95818 -13.9001 219.803 89.8993 271.498 4.32 1.57 1.83  -25.20 3.15 32.01  -0.00300707 0
59 4 Car 1 1 -4.93882 639.157 231.567 696.87 298.823 4.62 1.69 1.96  2.15 3.43 27.64  -0.00331851 0
59 3 Car 1 1 -4.95789 -44.4174 221.814 68.139 276.343 4.32 1.57 1.83  -25.20 3.15 30.63  -0.00316035 0
60 6 Car 1 1 -8.35652 42.5223 173.819 150.721 217.055 4.63 1.58 1.95  -24.81 1.03 35.13  3.14131 0
60 5 Car 1 1 -5.20876 343.391 174.293 377.576 194.132 4.36 1.53 1.87  -24.33 1.08 70.63  -0.000378303 0
60 4 Car 1 1 -4.93921 639.799 231.973 697.656 299.032 4.62 1.69 1.96  2.17 3.44 27.63  -0.00241875 0
60 3 Car 1 1 -4.9542 -75.8527 224.581 46.0063 282.45 4.32 1.57 1.83  -25.17 3.19 29.30  -0.00481615 0
61 6 Car 1 1 -8.36315 20.7657 173.246 135.505 218.201 4.63 1.58 1.95  -24.76 1.00 33.86  3.14105 0
61 5 Car 1 1 -5.20992 339.051 174.211 373.33 193.949 4.36 1.53 1.87  -24.90 1.07 71.04  -0.00067074 0
61 4 Car 1 1 -4.93938 640.786 231.767 698.862 298.948 4.62 1.69 1.96  2.21 3.43 27.58  -0.00278994 0
61 3 Car 1 1 -4.9536 -112.419 227.249 21.0827 289.027 4.32 1.57 1.83  -25.03 3.19 27.79  -0.00524206 0
62 6 Car 1 1 -8.16453 20.0593 199.521 132.188 248.17 4.63 1.58 1.95  -24.95 2.32 33.98  3.14119 0
62 5 Car 1 1 -1.86861 327.693 188.41 374.664 208.125 4.36 1.53 1.87  -25.72 2.51 71.90  -3.14003 0
62 4 Car 1 1 -4.93684 641.551 232.469 699.574 300.659 4.62 1.69 1.96  2.23 3.46 27.46  -0.0039044 0
62 3 Car 1 1 -4.95354 -151.588 229.659 -5.4541 295.413 4.32 1.57 1.83  -24.96 3.18 26.41  -0.00579404 0
63 6 Car 1 1 -1.88223 -4.66635 200.42 114.849 251.242 4.63 1.58 1.95  -24.94 2.32 32.70  -3.14147 0
63 5 Car 1 1 -1.86262 334.477 189.485 381.915 209.439 4.36 1.53 1.87  -24.72 2.60 71.02  -3.13884 0
63 4 Car 1 1 -4.93134 642.126 233.23 700.663 301.92 4.62 1.69 1.96  2.26 3.49 27.41  -0.00783352 0
63 3 Car 1 1 -4.95278 -196.163 233.185 -34.946 303.7 4.32 1.57 1.83  -24.84 3.20 24.97  -0.00549141 0
64 6 Car 1 1 -1.88185 -30.8916 202.07 96.699 255.194 4.63 1.58 1.95  -24.93 2.34 31.44  -3.13947 0
64 5 Car 1 1 -1.83228 376.78 193.833 423.523 213.733 4.36 1.53 1.87  -20.75 3.05 71.51  -3.13688 0
64 4 Car 1 1 -4.93431 642.348 235.444 701.499 306.018 4.62 1.69 1.96  2.28 3.61 27.43  0.00109215 0
64 3 Car 1 1 -4.95244 -245.321 237.682 -66.8713 313.52 4.32 1.57 1.83  -24.70 3.23 23.54  -0.00377609 0
65 6 Car 1 1 -1.879 -60.2668 204.127 76.487 259.914 4.63 1.58 1.95  -24.94 2.38 30.18  -3.1387 0
65 5 Car 1 1 -4.9629 381.389 194.746 407.32 215.805 4.36 1.53 1.87  -21.11 3.15 70.90  0.000522312 0
65 4 Car 1 1 -4.93303 642.992 240.454 700.632 309.769 4.62 1.69 1.96  2.26 3.75 27.25  0.00643797 0
65 3 Car 1 1 -4.95 -303.389 243.255 -103.685 325.666 4.32 1.57 1.82  -24.61 3.29 22.11  -0.00293185 0
66 6 Car 1 1 -1.88116 -92.0985 205.03 54.9027 263.582 4.63 1.58 1.95  -24.95 2.37 28.92  -3.13801 0
66 5 Car 1 1 -4.90509 370.88 194.822 411.345 219.344 4.36 1.53 1.87  -21.16 3.29 70.07  -0.0494202 0
66 4 Car 1 1 -4.93268 642.583 244.667 701.583 314.671 4.62 1.69 1.96  2.25 3.90 27.09  0.0125791 0
66 3 Car 1 1 -4.95031 -369.71 247.828 -144.605 337.523 4.32 1.57 1.82  -24.50 3.30 20.69  -0.00242745 0
67 6 Car 1 1 -1.88146 -126.71 206.362 31.6872 268.026 4.63 1.58 1.95  -24.95 2.37 27.67  -3.13777 0
67 5 Car 1 1 -4.95793 362.879 196.135 407.748 218.027 4.36 1.53 1.87  -21.34 3.23 68.81  0.000128063 0
67 4 Car 1 1 -4.91262 643.375 248.223 700.899 319.91 4.62 1.69 1.96  2.25 4.04 26.99  -0.00145394 0
67 3 Car 1 1 -4.9493 -446.381 253.534 -190.45 352.063 4.32 1.57 1.82  -24.40 3.32 19.28  -0.00219707 0
68 6 Car 1 1 -1.88136 -163.094 207.501 7.63661 272.605 4.63 1.58 1.95  -24.94 2.36 26.46  -3.13864 0
68 5 Car 1 1 -4.95995 358.609 196.03 403.953 218.437 4.36 1.53 1.87  -21.28 3.18 67.44  -0.000943529 0
68 4 Car 1 1 -4.9138 644.291 248.573 702.143 320.064 4.62 1.69 1.96  2.29 4.06 27.01  0.000308184 0
68 3 Car 1 1 -4.94708 -532.997 259.818 -240.349 368.908 4.32 1.57 1.82  -24.27 3.34 17.91  -0.00308097 0
69 6 Car 1 1 -1.88105 -204.017 209.141 -19.0011 278.049 4.63 1.58 1.95  -24.94 2.36 25.24  -3.13856 0
69 5 Car 1 1 -4.96115 354.474 196.36 401.061 219.322 4.36 1.53 1.87  -21.12 3.16 65.92  -0.000829363 0
69 4 Car 1 1 -4.91369 645.234 248.649 703.137 320.12 4.62 1.69 1.96  2.33 4.06 27.03  0.0003807 0
69 3 Car 1 1 -4.94556 -637.799 267.341 -298.53 389.3 4.32 1.57 1.82  -24.16 3.37 16.52  -0.00301964 0
70 6 Car 1 1 -1.88082 -248.581 210.874 -47.52 283.952 4.63 1.58 1.95  -24.94 2.36 24.05  -3.13849 0
70 5 Car 1 1 -4.96141 350.344 196.802 398.105 220.288 4.36 1.53 1.87  -21.01 3.16 64.58  -0.000748215 0
70 4 Car 1 1 -4.91351 646.262 248.761 704.192 320.204 4.62 1.69 1.96  2.37 4.07 27.04  0.000446842 0
70 3 Car 1 1 -4.94411 -762.635 275.882 -364.715 413.558 4.32 1.57 1.82  -24.04 3.40 15.17  -0.00295855 0
71 6 Car 1 1 -1.88133 -298.009 212.415 -78.5615 290.144 4.63 1.58 1.95  -24.94 2.36 22.86  -3.13872 0
71 5 Car 1 1 -4.96264 346.078 197.032 395.064 221.061 4.36 1.53 1.87  -20.89 3.13 63.24  -0.000926578 0
71 4 Car 1 1 -4.91345 647.412 248.568 705.39 319.949 4.62 1.69 1.96  2.41 4.07 27.07  0.000206325 0
71 3 Car 1 1 -4.94283 -916.117 285.426 -441.703 442.925 4.32 1.57 1.82  -23.93 3.42 13.81  -0.00320693 0
72 6 Car 1 1 -1.8825 -353.321 214.025 -112.593 296.915 4.63 1.58 1.95  -24.94 2.35 21.68  -3.13855 0
72 5 Car 1 1 -4.96368 341.787 197.44 392.123 222.06 4.36 1.53 1.87  -20.73 3.12 61.83  -0.000589121 0
72 4 Car 1 1 -4.91328 648.456 248.687 706.46 320.071 4.62 1.69 1.96  2.46 4.07 27.08  0.000310435 0
72 3 Car 1 1 -4.94214 -1109.53 296.446 -532.8 479.347 4.32 1.57 1.82  -23.82 3.43 12.47  -0.00315786 0
73 6 Car 1 1 -1.88172 -414.911 216.556 -149.665 305.37 4.63 1.58 1.95  -24.95 2.36 20.52  -3.13816 0
73 5 Car 1 1 -4.96004 335.941 198.678 387.62 223.895 4.36 1.53 1.87  -20.75 3.19 60.60  -0.000263978 0
73 4 Car 1 1 -4.9051 650.007 250.302 706.204 322.777 4.62 1.69 1.96  2.48 4.15 27.10  -0.00468082 0
73 3 Car 1 1 -4.94078 -1358.13 310.656 -640.791 527.888 4.32 1.57 1.82  -23.72 3.47 11.13  -0.00274376 0
74 6 Car 1 1 -1.88464 -486.23 218.253 -191.481 313.627 4.63 1.58 1.95  -24.95 2.34 19.33  -3.1373 0
74 5 Car 1 1 -4.95692 329.553 200.156 385.761 224.863 4.36 1.53 1.87  -20.70 3.23 59.28  -0.000665557 0
74 4 Car 1 1 -4.90992 649.672 253.077 708.028 325.092 4.62 1.69 1.96  2.50 4.24 27.04  0.00338309 0
74 3 Car 1 1 -4.94182 -1700.28 326.03 -775.059 590.828 4.33 1.56 1.82  -23.61 3.46 9.78  -0.00196834 0
75 6 Car 1 1 -1.88315 -563.071 220.875 -235.468 323.943 4.63 1.58 1.95  -24.96 2.34 18.21  -3.13818 0
75 5 Car 1 1 -4.95712 294.473 199.681 353.144 225.356 4.36 1.53 1.87  -23.50 3.23 59.48  -0.000633469 0
75 4 Car 1 1 -4.90188 649.732 255.811 708.704 328.717 4.62 1.69 1.96  2.51 4.35 27.02  -0.000466228 0
75 3 Car 1 1 -4.93893 -2161.74 346.88 -933.689 681.009 4.33 1.56 1.82  -23.51 3.50 8.50  -0.00281045 0
76 6 Car 1 1 -1.88252 -653.651 223.87 -285.708 335.964 4.63 1.58 1.95  -24.97 2.35 17.07  -3.13833 0
76 5 Car 1 1 -4.95795 289.9 200.298 349.487 225.691 4.36 1.53 1.87  -23.46 3.22 58.44  -0.000320664 0
76 4 Car 1 1 -4.90913 650.689 257.236 709.591 329.174 4.62 1.69 1.96  2.55 4.40 27.07  0.00841097 0
76 3 Car 1 1 -4.93714 -2878.06 373.472 -1140.18 819.476 4.33 1.56 1.82  -23.41 3.53 7.19  -0.00297558 0
77 6 Car 1 1 -1.88276 -757.292 226.942 -341.155 349.377 4.63 1.58 1.95  -24.97 2.35 15.95  -3.13823 0
77 5 Car 1 1 -4.95811 301.64 200.602 361.818 226.328 4.36 1.53 1.87  -22.22 3.22 57.73  -0.000292334 0
77 4 Car 1 1 -5.68105 644.24 228.171 707.429 353.319 4.62 1.69 1.96  2.54 4.50 27.12  0.783864 0
78 6 Car 1 1 -1.88263 -880.816 230.757 -404.793 365.686 4.63 1.58 1.95  -24.99 2.35 14.82  -3.1378 0
78 5 Car 1 1 -4.95751 296.106 201.293 358.418 228.35 4.36 1.53 1.87  -22.06 3.25 56.53  0.00072222 0
78 4 Car 1 1 -5.29307 645.313 238.495 709.372 323.589 4.62 1.69 1.96  2.47 4.22 27.49  0.385934 0
79 6 Car 1 1 -1.88355 -1028.66 234.939 -477.456 384.818 4.63 1.58 1.95  -25.02 2.35 13.70  -3.1368 0
79 5 Car 1 1 -4.91128 291.033 201.199 352.891 231.568 4.36 1.53 1.87  -22.00 3.31 55.37  -0.042045 0
79 4 Car 1 1 -4.99666 643.091 247.903 707.898 308.79 4.62 1.69 1.96  2.42 3.93 27.61  0.0780245 0
80 6 Car 1 1 -1.88351 -1202.23 239.67 -558.551 407.594 4.63 1.58 1.95  -25.05 2.36 12.61  -3.13643 0
80 5 Car 1 1 -4.91003 282.979 202.254 346.843 233.427 4.36 1.53 1.87  -22.00 3.34 54.04  -0.0417113 0
80 4 Car 1 1 -4.99625 642.865 248.179 707.342 308.891 4.62 1.69 1.96  2.41 3.95 27.68  0.0783496 0
81 6 Car 1 1 -1.88521 -1412.15 243.862 -650.186 433.787 4.63 1.58 1.95  -25.06 2.34 11.54  -3.13645 0
81 5 Car 1 1 -4.9124 276.961 202.546 342.644 234.453 4.36 1.53 1.87  -21.85 3.30 52.78  -0.0411174 0
81 4 Car 1 1 -4.99722 643.462 247.79 708.116 308.554 4.62 1.69 1.96  2.43 3.93 27.62  0.0783726 0
82 6 Car 1 1 -1.88471 -1690.88 250.203 -763.079 470.629 4.63 1.58 1.95  -25.07 2.34 10.41  -3.13672 0
82 5 Car 1 1 -4.91349 270.413 202.927 338.078 235.681 4.36 1.53 1.87  -21.72 3.28 51.51  -0.0413838 0
82 4 Car 1 1 -4.99766 644.119 247.694 709.13 308.777 4.62 1.69 1.96  2.45 3.91 27.49  0.0781165 0
83 6 Car 1 1 -1.88441 -2045.55 257.591 -893.463 517.812 4.63 1.58 1.95  -25.08 2.34 9.32  -3.13676 0
83 5 Car 1 1 -4.914 263.555 203.427 333.126 236.98 4.36 1.53 1.87  -21.65 3.27 50.38  -0.041489 0
83 4 Car 1 1 -4.99821 644.681 247.575 709.958 308.84 4.62 1.69 1.96  2.47 3.90 27.41  0.0781088 0
84 7 Car 1 1 -5.29742 216.739 167.279 303.888 201.543 4.42 1.55 1.92  -20.66 0.69 42.76  -0.0148436 0
84 6 Car 1 1 -1.88492 -2522.93 265.845 -1049.14 580.84 4.63 1.58 1.95  -25.09 2.34 8.24  -3.13672 0
84 5 Car 1 1 -4.91466 256.488 203.932 327.982 238.267 4.36 1.53 1.87  -21.60 3.26 49.30  -0.041425 0
84 4 Car 1 1 -4.99855 645.197 247.537 710.651 308.924 4.62 1.69 1.96  2.49 3.89 27.35  0.0781298 0
85 7 Car 1 1 -5.30749 207.212 166.523 296.807 201.727 4.42 1.55 1.92  -20.63 0.65 41.71  -0.0156412 0
85 6 Car 1 1 -1.88619 -3227.46 275.138 -1246.96 672.654 4.63 1.58 1.95  -25.13 2.32 7.14  -3.13706 0
85 5 Car 1 1 -4.9172 248.792 203.995 322.371 239.122 4.36 1.53 1.87  -21.56 3.22 48.20  -0.0414489 0
85 4 Car 1 1 -4.99872 645.131 247.353 710.593 308.912 4.62 1.69 1.96  2.48 3.88 27.28  0.0776549 0
86 7 Car 1 1 -5.31549 197.46 165.859 289.555 202.016 4.42 1.55 1.92  -20.61 0.63 40.70  -0.0164542 0
86 6 Car 1 1 -1.88742 -4285.17 286.546 -1486.4 813.272 4.63 1.58 1.95  -25.16 2.31 6.08  -3.13726 0
86 5 Car 1 1 -4.9196 240.841 204.117 316.522 240.034 4.36 1.53 1.87  -21.54 3.18 47.15  -0.0413355 0
86 4 Car 1 1 -4.99883 645.011 247.146 710.407 308.719 4.62 1.69 1.96  2.47 3.87 27.26  0.0773189 0
87 7 Car 1 1 -5.30764 188.586 166.426 278.96 201.785 4.42 1.55 1.92  -21.63 0.65 41.61  -0.0164764 0
87 6 Car 1 1 -1.8879 -6047.38 301.501 -1782.14 1056.29 4.63 1.58 1.95  -25.18 2.30 5.06  -3.13736 0
87 5 Car 1 1 -4.92088 233.013 204.445 310.849 241.213 4.36 1.53 1.87  -21.50 3.15 46.13  -0.0414208 0
87 4 Car 1 1 -4.99959 645.123 246.621 710.448 308.066 4.62 1.69 1.96  2.47 3.85 27.27  0.0772146 0
88 7 Car 1 1 -5.28738 178.769 167.74 265.87 201.676 4.42 1.55 1.92  -23.22 0.71 43.33  -0.0165807 0
88 5 Car 1 1 -4.92079 224.367 205.3 304.564 242.997 4.36 1.53 1.87  -21.47 3.16 45.07  -0.041024 0
88 4 Car 1 1 -4.99984 645.118 246.755 710.416 308.208 4.62 1.69 1.96  2.47 3.85 27.26  0.0775828 0
89 7 Car 1 1 -5.27183 170.488 168.775 254.392 201.34 4.42 1.55 1.92  -24.80 0.76 45.13  -0.0165751 0
89 5 Car 1 1 -4.92108 215.924 205.945 298.457 244.564 4.36 1.53 1.87  -21.44 3.16 44.08  -0.040966 0
89 4 Car 1 1 -5.00021 645.213 246.451 710.342 307.697 4.62 1.69 1.96  2.48 3.84 27.31  0.0776484 0
90 7 Car 1 1 -5.26506 162.09 169.253 243.19 200.642 4.42 1.55 1.92  -26.38 0.79 46.84  -0.0170118 0
90 5 Car 1 1 -4.92259 206.209 206.269 291.425 245.909 4.36 1.53 1.87  -21.41 3.13 43.01  -0.0412365 0
90 4 Car 1 1 -5.00027 645.385 246.211 710.552 307.572 4.62 1.69 1.96  2.48 3.83 27.27  0.0771112 0
91 7 Car 1 1 -5.27139 152.961 168.903 234.143 200.247 4.42 1.55 1.92  -27.02 0.76 46.93  -0.0172919 0
91 5 Car 1 1 -4.92394 196.17 206.682 284.172 247.381 4.36 1.53 1.87  -21.39 3.11 41.96  -0.0413587 0
91 4 Car 1 1 -5.00063 645.503 245.842 710.645 307.159 4.62 1.69 1.96  2.48 3.81 27.26  0.076822 0
92 7 Car 1 1 -5.27 143.227 168.929 225.073 200.447 4.42 1.55 1.92  -27.50 0.77 46.70  -0.0175583 0
92 5 Car 1 1 -4.92428 185.222 207.562 276.189 249.375 4.36 1.53 1.87  -21.38 3.11 40.92  -0.0409017 0
92 4 Car 1 1 -5.00095 645.397 245.895 710.543 307.177 4.62 1.69 1.96  2.48 3.81 27.26  0.0771635 0
93 7 Car 1 1 -5.25834 133.556 169.59 215.905 201.178 4.42 1.55 1.92  -28.02 0.81 46.56  -0.0170615 0
93 5 Car 1 1 -4.92273 173.912 208.789 267.934 251.815 4.36 1.53 1.87  -21.40 3.13 39.92  -0.0410089 0
93 4 Car 1 1 -5.0008 644.759 245.95 709.746 307.129 4.62 1.69 1.96  2.46 3.82 27.31  0.0773282 0
94 7 Car 1 1 -5.24169 123.938 170.579 206.801 202.232 4.42 1.55 1.92  -28.53 0.87 46.41  -0.016414 0
94 5 Car 1 1 -4.92071 162.128 210.304 259.351 254.595 4.36 1.53 1.87  -21.42 3.17 38.94  -0.0407983 0
94 4 Car 1 1 -5.00083 644.141 246.181 708.982 307.258 4.62 1.69 1.96  2.44 3.83 27.35  0.0779195 0
95 7 Car 1 1 -5.22966 114.488 171.432 198.034 203.172 4.42 1.55 1.92  -28.95 0.92 46.15  -0.0149302 0
95 5 Car 1 1 -4.91868 150.224 211.546 250.803 257.217 4.36 1.53 1.87  -21.42 3.19 37.98  -0.0415721 0
95 4 Car 1 1 -5.00151 643.394 245.564 707.984 306.383 4.62 1.69 1.96  2.41 3.82 27.43  0.0779228 0
96 7 Car 1 1 -5.84718 117.3 151.734 175.844 183.651 4.42 1.55 1.92  -29.31 -0.31 45.82  0.000398211 0
96 5 Car 1 1 -4.96422 140.142 213.676 241.742 258.365 4.36 1.53 1.87  -21.15 3.14 36.65  0.00082853 0
96 4 Car 1 1 -4.92433 645.976 240.959 703.863 309.883 4.62 1.69 1.96  2.40 3.80 27.49  -0.000234542 0
97 7 Car 1 1 -5.82273 107.321 152.096 167.19 184.234 4.42 1.55 1.92  -29.68 -0.28 45.49  2.67172e-06 0
97 5 Car 1 1 -4.96242 126.913 214.893 232.229 261.106 4.36 1.53 1.87  -21.15 3.15 35.69  -0.000256935 0
97 4 Car 1 1 -4.92424 645.35 240.47 703.043 309.252 4.62 1.69 1.96  2.38 3.78 27.55  -0.000830324 0
98 7 Car 1 1 -5.79218 96.7246 152.508 158.263 185.055 4.42 1.55 1.92  -29.93 -0.24 44.95  7.24857e-06 0
98 5 Car 1 1 -4.96238 106.724 217.406 221.242 267.618 4.36 1.53 1.87  -20.43 3.13 33.29  -0.00120983 0
98 4 Car 1 1 -4.9248 644.496 239.755 701.886 308.23 4.62 1.69 1.96  2.35 3.77 27.66  -0.00108258 0
99 7 Car 1 1 -5.8001 85.7014 152.046 149.116 185.082 4.42 1.55 1.92  -30.12 -0.25 44.31  -0.00078549 0
99 5 Car 1 1 -4.96195 91.7493 218.425 210.906 270.46 4.36 1.53 1.87  -20.41 3.13 32.35  -0.00209424 0
99 4 Car 1 1 -4.92459 643.592 239.109 700.622 307.276 4.62 1.69 1.96  2.32 3.75 27.77  -0.00193009 0
100 7 Car 1 1 -5.77141 73.6944 152.273 139.44 185.944 4.42 1.55 1.92  -30.23 -0.21 43.52  0.000120055 0
100 5 Car 1 1 -4.96144 74.7906 220.445 199.327 274.538 4.36 1.53 1.87  -20.36 3.15 31.31  -0.000976467 0
100 4 Car 1 1 -4.92406 642.899 239.921 699.741 308.014 4.62 1.69 1.96  2.29 3.79 27.80  -0.000933116 0
101 7 Car 1 1 -5.72864 61.0504 152.882 129.369 187.235 4.42 1.55 1.92  -30.33 -0.15 42.70  0.00121409 0
101 5 Car 1 1 -4.95932 57.4092 222.569 187.088 278.36 4.36 1.53 1.87  -20.48 3.20 30.54  -0.000450285 0
101 4 Car 1 1 -4.92452 641.969 240.599 698.691 308.622 4.62 1.69 1.96  2.25 3.81 27.81  0.000687555 0
102 7 Car 1 1 -5.6774 47.3165 153.781 118.391 188.874 4.42 1.55 1.92  -30.44 -0.08 41.85  0.00261271 0
102 5 Car 1 1 -4.95668 38.3676 225.097 173.662 282.842 4.36 1.53 1.87  -20.59 3.25 29.72  4.26963e-05 0
102 4 Car 1 1 -4.92451 641.251 241.46 698.033 309.575 4.62 1.69 1.96  2.22 3.84 27.79  0.00205215 0
103 7 Car 1 1 -5.6248 33.8154 154.875 107.675 190.71 4.42 1.55 1.92  -30.52 0.01 41.03  0.00419775 0
103 5 Car 1 1 -4.95472 19.4981 227.705 160.072 287.36 4.36 1.53 1.87  -20.71 3.30 28.97  0.0012505 0
103 4 Car 1 1 -4.92414 640.806 242.603 697.578 310.754 4.62 1.69 1.96  2.21 3.89 27.79  0.00360419 0
104 8 Car 1 1 -5.18697 100.096 174.965 188.171 213.336 4.41 1.69 1.92  -24.90 1.09 38.81  -0.00345493 0
104 7 Car 1 1 -5.60932 19.8602 154.954 96.6479 191.542 4.42 1.55 1.92  -30.62 0.03 40.24  0.00512439 0
104 5 Car 1 1 -4.95523 -0.269035 229.39 145.803 290.875 4.36 1.53 1.87  -20.85 3.32 28.24  0.00252868 0
104 4 Car 1 1 -4.92379 639.945 243.557 696.661 311.826 4.62 1.69 1.96  2.17 3.92 27.75  0.00465764 0
105 8 Car 1 1 -5.18799 87.5337 174.91 178.476 214.045 4.41 1.69 1.92  -25.03 1.08 38.10  -0.00357825 0
105 7 Car 1 1 -5.6202 5.12842 154.201 85.0786 191.609 4.42 1.55 1.92  -30.70 0.01 39.40  0.0048568 0
105 5 Car 1 1 -4.95628 -21.2315 230.392 130.84 293.859 4.36 1.53 1.87  -20.98 3.30 27.50  0.00266401 0
105 4 Car 1 1 -4.92357 639.209 243.661 695.864 312.031 4.62 1.69 1.96  2.14 3.92 27.72  0.00448227 0
106 8 Car 1 1 -5.1956 74.7078 174.144 168.609 214.066 4.41 1.69 1.92  -25.16 1.04 37.42  -0.00497336 0
106 7 Car 1 1 -5.65529 -9.98735 152.7 73.219 190.933 4.42 1.55 1.92  -30.79 -0.04 38.60  0.00328115 0
106 5 Car 1 1 -4.95753 -42.8904 230.775 115.369 296.303 4.36 1.53 1.87  -21.12 3.26 26.80  0.00175479 0
106 4 Car 1 1 -4.92285 638.216 243.203 694.68 311.663 4.62 1.69 1.96  2.09 3.91 27.71  0.00301386 0
107 8 Car 1 1 -5.20863 60.5985 173.062 158.063 213.863 4.41 1.69 1.92  -25.21 0.98 36.58  -0.00522312 0
107 7 Car 1 1 -5.6752 -26.3845 151.605 60.4417 190.742 4.42 1.55 1.92  -30.87 -0.07 37.77  0.00284239 0
107 5 Car 1 1 -4.95908 -66.6344 231.648 98.6317 299.412 4.36 1.53 1.87  -21.26 3.24 26.06  0.00185538 0
107 4 Car 1 1 -4.92277 637.407 243.164 693.832 311.736 4.62 1.69 1.96  2.06 3.90 27.66  0.00269532 0
108 8 Car 1 1 -5.20289 45.6872 173.648 146.902 215.489 4.41 1.69 1.92  -25.27 1.01 35.74  -0.00428326 0
108 7 Car 1 1 -5.67225 -43.0867 151.171 47.5083 191.227 4.42 1.55 1.92  -30.96 -0.07 36.95  0.00355698 0
108 5 Car 1 1 -4.96037 -91.0499 233.19 81.5919 303.234 4.36 1.53 1.87  -21.39 3.24 25.34  0.00305102 0
108 4 Car 1 1 -4.92267 636.65 243.804 693.019 312.382 4.62 1.69 1.96  2.03 3.92 27.65  0.00356134 0
109 8 Car 1 1 -5.19349 28.8011 174.658 134.303 217.678 4.41 1.69 1.92  -25.34 1.06 34.84  -0.00297035 0
109 7 Car 1 1 -5.65869 -63.0178 150.98 32.1482 192.146 4.42 1.55 1.92  -31.05 -0.05 36.02  0.00471843 0
109 5 Car 1 1 -4.96123 -118.695 235.173 62.2807 307.761 4.36 1.53 1.87  -21.55 3.25 24.60  0.00444688 0
109 4 Car 1 1 -4.92292 635.231 244.659 691.67 313.436 4.62 1.69 1.96  1.97 3.95 27.57  0.00482908 0
110 8 Car 1 1 -5.18952 11.1458 175.082 121.114 219.313 4.41 1.69 1.92  -25.45 1.08 34.01  -0.00273695 0
110 7 Car 1 1 -5.66779 -83.7155 150.056 16.2469 192.366 4.42 1.55 1.92  -31.15 -0.06 35.12  0.00469097 0
110 5 Car 1 1 -4.96245 -147.867 236.653 42.0153 311.961 4.36 1.53 1.87  -21.71 3.24 23.88  0.00508822 0
110 4 Car 1 1 -4.92239 633.647 245.231 690.056 314.232 4.62 1.69 1.96  1.90 3.96 27.51  0.00497134 0
111 8 Car 1 1 -5.18897 -6.16047 175.131 108.264 220.488 4.41 1.69 1.92  -25.57 1.08 33.26  -0.00301966 0
111 7 Car 1 1 -5.68017 -103.887 149.046 0.924153 192.468 4.42 1.55 1.92  -31.25 -0.08 34.29  0.00426807 0
111 5 Car 1 1 -4.96329 -177.205 237.906 21.6094 315.928 4.36 1.53 1.87  -21.89 3.22 23.21  0.00507808 0
111 4 Car 1 1 -4.92213 631.913 245.276 688.052 314.397 4.62 1.69 1.96  1.83 3.96 27.47  0.00463697 0
112 8 Car 1 1 -5.19068 -24.2097 174.905 94.9009 221.509 4.41 1.69 1.92  -25.66 1.07 32.47  -0.00371497 0
112 7 Car 1 1 -5.69846 -125.628 147.769 -15.7004 192.413 4.42 1.55 1.92  -31.34 -0.11 33.43  0.00343285 0
112 5 Car 1 1 -4.96388 -207.219 239.189 1.25535 320.26 4.36 1.53 1.87  -22.01 3.21 22.52  0.00470881 0
112 4 Car 1 1 -4.92168 630.936 244.881 687.134 313.801 4.62 1.69 1.96  1.80 3.95 27.55  0.00388737 0
113 8 Car 1 1 -5.18667 -43.7108 175.396 80.5566 223.274 4.41 1.69 1.92  -25.78 1.09 31.69  -0.00344836 0
113 7 Car 1 1 -5.69205 -148.946 147.273 -33.3117 193.176 4.42 1.55 1.92  -31.44 -0.10 32.56  0.00374089 0
113 5 Car 1 1 -4.96389 -241.034 241.235 -21.5789 325.699 4.36 1.53 1.87  -22.15 3.21 21.81  0.00487093 0
113 4 Car 1 1 -4.92211 629.697 244.768 685.802 313.606 4.62 1.69 1.96  1.75 3.95 27.56  0.00417045 0
114 8 Car 1 1 -5.17836 -62.995 176.348 66.4136 225.55 4.41 1.69 1.92  -25.89 1.13 30.96  -0.00329587 0
114 7 Car 1 1 -5.67526 -172.206 147.17 -50.746 194.326 4.42 1.55 1.92  -31.53 -0.07 31.75  0.00396239 0
114 5 Car 1 1 -4.96282 -274.967 243.743 -44.2788 331.782 4.36 1.53 1.87  -22.28 3.23 21.15  0.00488751 0
114 4 Car 1 1 -4.9219 628.614 244.845 684.541 313.533 4.62 1.69 1.96  1.71 3.96 27.62  0.00434847 0
115 8 Car 1 1 -5.17461 -83.625 176.866 51.3794 227.416 4.41 1.69 1.92  -26.02 1.15 30.24  -0.00305602 0
115 7 Car 1 1 -5.67297 -199.351 146.382 -70.6579 195.133 4.42 1.55 1.92  -31.57 -0.07 30.79  0.00408085 0
115 5 Car 1 1 -4.96326 -311.935 245.824 -68.8171 337.57 4.36 1.53 1.87  -22.43 3.23 20.48  0.00530004 0
115 4 Car 1 1 -4.92153 627.199 245.205 683.069 313.93 4.62 1.69 1.96  1.66 3.97 27.62  0.00454676 0
116 8 Car 1 1 -5.16838 -104.815 177.726 36.0235 229.676 4.41 1.69 1.92  -26.15 1.18 29.53  -0.00272565 0
116 7 Car 1 1 -5.65868 -227.241 146.078 -91.0163 196.403 4.42 1.55 1.92  -31.62 -0.05 29.89  0.00445524 0
116 5 Car 1 1 -4.96292 -350.632 248.287 -94.2866 344.022 4.36 1.53 1.87  -22.58 3.24 19.83  0.00551321 0
116 4 Car 1 1 -4.92156 625.833 245.385 681.564 314.095 4.62 1.69 1.96  1.60 3.98 27.63  0.00489494 0
117 8 Car 1 1 -5.16386 -126.682 178.353 20.2789 231.768 4.41 1.69 1.92  -26.27 1.20 28.84  -0.00287669 0
117 7 Car 1 1 -5.65117 -256.479 145.507 -112.162 197.501 4.42 1.55 1.92  -31.68 -0.04 29.00  0.00435583 0
117 4 Car 1 1 -4.9215 624.49 245.288 680.048 313.965 4.62 1.69 1.96  1.55 3.98 27.64  0.00476126 0
118 8 Car 1 1 -5.16091 -152.823 178.84 1.87971 234.108 4.41 1.69 1.92  -26.35 1.22 28.00  -0.00303387 0
118 7 Car 1 1 -5.65027 -291.73 144.439 -137.211 198.537 4.42 1.55 1.92  -31.69 -0.03 27.97  0.00414205 0
118 4 Car 1 1 -4.9212 624.142 245.615 680.099 314.676 4.62 1.69 1.96  1.54 3.98 27.53  0.00458293 0
119 8 Car 1 1 -5.15156 -171.489 180.221 -11.2557 236.822 4.41 1.69 1.92  -26.45 1.27 27.47  -0.00283384 0
119 7 Car 1 1 -5.62114 -324.335 144.72 -159.662 200.874 4.42 1.55 1.92  -31.63 0.01 27.03  0.00458834 0
119 4 Car 1 1 -4.92143 623.585 245.323 679.003 313.973 4.62 1.69 1.96  1.51 3.98 27.67  0.00487177 0
120 8 Car 1 1 -5.14607 -194.256 181.124 -26.9378 239.394 4.41 1.69 1.92  -26.51 1.30 26.82  -0.00298627 0
120 7 Car 1 1 -5.60635 -361.835 144.323 -185.403 202.77 4.42 1.55 1.92  -31.61 0.04 26.06  0.00458352 0
120 4 Car 1 1 -4.92165 623.677 245.058 679.045 313.632 4.62 1.69 1.96  1.52 3.98 27.69  0.00477078 0
121 8 Car 1 1 -5.14358 -215.21 181.555 -41.1152 241.38 4.41 1.69 1.92  -26.56 1.31 26.23  -0.00347172 0
121 7 Car 1 1 -5.60341 -398.478 143.382 -210.013 204.099 4.42 1.55 1.92  -31.57 0.04 25.17  0.00414913 0
121 4 Car 1 1 -4.92179 624.328 244.538 679.462 312.913 4.62 1.69 1.96  1.54 3.96 27.75  0.00430028 0
122 8 Car 1 1 -5.13824 -238.726 182.475 -56.7847 244.102 4.41 1.69 1.92  -26.60 1.34 25.61  -0.00385742 0
122 7 Car 1 1 -5.58904 -439.879 142.963 -237.351 206.232 4.42 1.55 1.92  -31.54 0.06 24.25  0.00393662 0
122 4 Car 1 1 -4.922 625.322 244.274 680.306 312.734 4.62 1.69 1.96  1.57 3.95 27.72  0.00397357 0
123 8 Car 1 1 -5.13364 -257.796 183.163 -69.45 246.365 4.41 1.69 1.92  -26.64 1.36 25.12  -0.00473043 0
123 7 Car 1 1 -5.58036 -467.311 142.664 -255.228 207.665 4.42 1.55 1.92  -31.50 0.08 23.66  0.00306201 0
123 4 Car 1 1 -4.92111 626.419 243.948 681.133 312.116 4.62 1.69 1.96  1.62 3.95 27.84  0.00309425 0
124 8 Car 1 1 -5.12486 -281.996 184.868 -85.4645 250.003 4.41 1.69 1.92  -26.69 1.41 24.54  -0.00445913 0
124 7 Car 1 1 -5.55435 -501.755 143.294 -277.449 210.402 4.42 1.55 1.92  -31.48 0.12 22.99  0.00343586 0
124 4 Car 1 1 -4.92054 627.376 244.463 681.93 312.686 4.62 1.69 1.96  1.65 3.97 27.84  0.00340377 0
125 8 Car 1 1 -5.14028 -264.858 182.849 -75.2686 245.545 4.41 1.69 1.92  -26.88 1.34 25.13  -0.00126694 0
125 7 Car 1 1 -5.61169 -479.429 140.543 -262.895 206.029 4.42 1.55 1.92  -31.59 0.03 23.50  0.00621477 0
125 4 Car 1 1 -4.92517 624.567 241.178 675.794 305.436 4.62 1.69 1.96  1.55 3.93 28.99  0.00647012 0
126 8 Car 1 1 -5.11833 -343.287 187.208 -125.906 256.714 4.41 1.69 1.92  -26.82 1.47 23.20  -0.0020405 0
126 7 Car 1 1 -5.54092 -590.329 141.815 -333.763 214.236 4.42 1.55 1.92  -31.48 0.15 21.47  0.0055883 0
126 4 Car 1 1 -4.92072 628.558 246.222 683.068 314.785 4.62 1.69 1.96  1.69 4.02 27.70  0.00574373 0
127 8 Car 1 1 -5.11313 -376.14 188.901 -147.149 260.832 4.41 1.69 1.92  -26.88 1.51 22.54  -0.000717207 0
127 7 Car 1 1 -5.52605 -639.04 141.643 -364.09 216.99 4.42 1.55 1.92  -31.48 0.18 20.73  0.00691149 0
127 4 Car 1 1 -4.92092 629.408 247.128 684.008 315.856 4.62 1.69 1.96  1.72 4.05 27.64  0.00707569 0
128 8 Car 1 1 -5.10563 -409.773 191.114 -168.767 265.619 4.41 1.69 1.92  -26.95 1.57 21.92  0.000371801 0
128 7 Car 1 1 -5.50135 -686.727 142.468 -393.683 220.594 4.42 1.55 1.92  -31.51 0.23 20.07  0.00812288 0
128 4 Car 1 1 -4.92096 629.848 247.877 684.471 316.655 4.62 1.69 1.96  1.74 4.08 27.63  0.00821533 0
129 8 Car 1 1 -5.10093 -447.263 192.789 -192.661 270.117 4.41 1.69 1.92  -27.03 1.61 21.28  0.00101167 0
129 7 Car 1 1 -5.48801 -740.502 142.403 -426.644 223.651 4.42 1.55 1.92  -31.56 0.26 19.39  0.00875542 0
129 4 Car 1 1 -4.92075 629.967 248.476 684.595 317.328 4.62 1.69 1.96  1.74 4.10 27.61  0.0088568 0
130 8 Car 1 1 -5.09644 -486.981 194.266 -217.731 274.686 4.41 1.69 1.92  -27.11 1.64 20.63  0.00068094 0
130 7 Car 1 1 -5.47583 -798.328 142.287 -461.574 226.901 4.42 1.55 1.92  -31.60 0.29 18.71  0.00854786 0
130 4 Car 1 1 -4.92069 630.222 248.35 684.881 317.28 4.62 1.69 1.96  1.75 4.09 27.59  0.00856765 0
131 8 Car 1 1 -5.09336 -531.078 195.369 -245.194 279.242 4.41 1.69 1.92  -27.18 1.65 19.96  -0.000203211 0
131 7 Car 1 1 -5.46943 -863.602 141.557 -500.309 229.991 4.42 1.55 1.92  -31.64 0.30 18.00  0.00776282 0
131 4 Car 1 1 -4.92066 630.513 247.877 685.28 316.93 4.62 1.69 1.96  1.76 4.07 27.56  0.0077129 0
132 8 Car 1 1 -5.09025 -578.409 196.898 -274.188 284.392 4.41 1.69 1.92  -27.26 1.68 19.30  7.16535e-05 0
132 7 Car 1 1 -5.46222 -934.373 140.848 -541.341 233.394 4.42 1.55 1.92  -31.68 0.32 17.31  0.00798677 0
132 4 Car 1 1 -4.92041 630.684 248.273 685.466 317.43 4.62 1.69 1.96  1.76 4.09 27.53  0.00797148 0
133 8 Car 1 1 -5.08643 -630.722 198.666 -305.776 290.244 4.41 1.69 1.92  -27.34 1.71 18.63  8.79758e-05 0
133 7 Car 1 1 -5.45225 -1013.8 140.378 -586.431 237.533 4.42 1.55 1.92  -31.73 0.34 16.59  0.00804948 0
133 4 Car 1 1 -4.92039 630.909 248.482 685.798 317.872 4.62 1.69 1.96  1.77 4.09 27.46  0.00800439 0
134 8 Car 1 1 -5.08131 -687.371 200.898 -339.418 297.048 4.41 1.69 1.92  -27.42 1.74 17.95  2.93536e-06 0
134 7 Car 1 1 -5.43777 -1101.67 140.438 -635.161 242.711 4.42 1.55 1.92  -31.78 0.37 15.88  0.00806034 0
134 4 Car 1 1 -4.92017 631.053 248.728 686.102 318.352 4.62 1.69 1.96  1.77 4.09 27.40  0.00795285 0
135 8 Car 1 1 -5.0773 -753.022 203.171 -377.561 304.591 4.41 1.69 1.92  -27.50 1.78 17.23  0.000197817 0
135 4 Car 1 1 -4.92006 631.296 249.195 686.638 319.175 4.62 1.69 1.96  1.78 4.10 27.30  0.00816203 0
136 8 Car 1 1 -5.07376 -810.429 205.082 -410.452 311.134 4.41 1.69 1.92  -27.58 1.80 16.66  1.82825e-06 0
136 4 Car 1 1 -4.88574 628.886 245.55 689.979 322.821 4.62 1.69 1.96  1.79 4.10 27.33  -0.0263217 0
137 8 Car 1 1 -5.07123 -887.551 207.148 -453.626 319.367 4.41 1.69 1.92  -27.66 1.82 15.95  4.3976e-06 0
137 4 Car 1 1 -4.88562 628.916 245.701 690.08 323.094 4.62 1.69 1.96  1.79 4.10 27.30  -0.0263171 0
138 8 Car 1 1 -5.07084 -970.073 208.595 -498.767 327.286 4.41 1.69 1.92  -27.74 1.83 15.27  7.41001e-06 0
138 4 Car 1 1 -4.8854 629.102 245.905 690.368 323.522 4.62 1.69 1.96  1.80 4.10 27.25  -0.0263745 0
139 8 Car 1 1 -5.07061 -1050.19 209.72 -541.43 334.803 4.41 1.69 1.92  -27.80 1.82 14.66  -0.000465892 0
139 4 Car 1 1 -4.88515 629.707 245.612 690.946 323.174 4.62 1.69 1.96  1.82 4.10 27.28  -0.0269088 0
140 8 Car 1 1 -5.07405 -1160.49 211.31 -597.433 344.563 4.41 1.69 1.92  -27.81 1.81 13.89  0.00167168 0
140 4 Car 1 1 -4.88317 629.905 245.688 691.396 323.651 4.62 1.69 1.96  1.83 4.10 27.22  -0.0288873 0
141 8 Car 1 1 -5.07473 -1285.52 215.558 -659.624 357.751 4.41 1.69 1.92  -27.91 1.85 13.16  0.00705227 0
141 4 Car 1 1 -4.87245 629.534 246.101 692.829 325.074 4.62 1.69 1.96  1.84 4.11 27.10  -0.038981 0
142 8 Car 1 1 -5.07626 -1422.63 216.91 -723.818 370.429 4.41 1.69 1.92  -27.88 1.84 12.40  0.00658051 0
142 4 Car 1 1 -4.87201 630.098 246.098 693.495 325.238 4.62 1.69 1.96  1.86 4.11 27.07  -0.0394864 0
143 8 Car 1 1 -5.08055 -1606.59 217.852 -806.255 386.041 4.41 1.69 1.92  -27.87 1.80 11.55  0.00667004 0
143 4 Car 1 1 -4.87204 630.117 246.346 693.765 325.891 4.62 1.69 1.96  1.86 4.11 26.96  -0.039461 0
144 4 Car 1 1 -4.8725 630.424 246.25 694.353 326.146 4.62 1.69 1.96  1.86 4.10 26.86  -0.0395395 0
145 4 Car 1 1 -4.87232 630.956 245.949 695.008 326.033 4.62 1.69 1.96  1.88 4.08 26.82  -0.0403116 0
146 4 Car 1 1 -4.87233 631.288 246.15 695.617 326.322 4.62 1.69 1.96  1.90 4.08 26.76  -0.0403218 0
147 4 Car 1 1 -4.91381 632.858 250.439 696.007 324.025 4.62 1.69 1.96  1.92 4.08 26.51  0.00120083 0
148 4 Car 1 1 -4.91414 633.386 251.02 696.724 324.74 4.62 1.69 1.96  1.94 4.10 26.46  0.00214422 0
149 4 Car 1 1 -4.9142 633.745 251.358 697.196 325.273 4.62 1.69 1.96  1.95 4.10 26.40  0.00243787 0
150 4 Car 1 1 -4.91409 634.36 251.638 697.968 325.757 4.62 1.69 1.96  1.97 4.11 26.34  0.00250286 0
151 4 Car 1 1 -4.91438 636.956 252.33 700.396 326.665 4.62 1.69 1.96  2.05 4.12 26.18  0.00310319 0
152 4 Car 1 1 -4.91425 638.962 253.069 702.848 327.906 4.62 1.69 1.96  2.11 4.13 26.05  0.00351095 0
153 4 Car 1 1 -4.91369 640.561 253.854 704.725 329.219 4.62 1.69 1.96  2.17 4.15 25.94  0.00365192 0
154 4 Car 1 1 -4.91371 642.508 254.235 706.945 329.905 4.62 1.69 1.96  2.24 4.16 25.87  0.00398904 0
155 4 Car 1 1 -4.91392 644.015 254.328 708.429 330.002 4.62 1.69 1.96  2.29 4.16 25.87  0.00431703 0
156 4 Car 1 1 -4.91405 645.313 254.576 709.821 330.528 4.62 1.69 1.96  2.33 4.16 25.80  0.00450194 0
157 4 Car 1 1 -4.9144 647.269 254.338 711.905 330.371 4.62 1.69 1.96  2.40 4.15 25.77  0.00434474 0
158 4 Car 1 1 -4.9144 648.663 254.377 713.434 330.652 4.62 1.69 1.96  2.45 4.14 25.71  0.00419921 0
159 4 Car 1 1 -4.91446 650.068 254.699 714.95 331.185 4.62 1.69 1.96  2.49 4.15 25.66  0.00449854 0
160 4 Car 1 1 -4.91437 651.31 255.193 716.352 331.947 4.62 1.69 1.96  2.53 4.16 25.60  0.00483082 0
161 4 Car 1 1 -4.91393 652.34 255.896 717.499 332.903 4.62 1.69 1.96  2.57 4.18 25.55  0.00520613 0
162 4 Car 1 1 -4.91386 653.379 256.477 718.487 333.492 4.62 1.69 1.96  2.60 4.20 25.55  0.00592649 0
163 4 Car 1 1 -4.91397 654.475 257.333 719.898 334.726 4.62 1.69 1.96  2.64 4.22 25.46  0.00678437 0
164 4 Car 1 1 -4.91395 655.615 258.139 721.314 335.903 4.62 1.69 1.96  2.67 4.24 25.37  0.00746736 0
165 4 Car 1 1 -4.91395 656.296 258.756 722.031 336.65 4.62 1.69 1.96  2.69 4.26 25.35  0.00820938 0
166 4 Car 1 1 -4.91355 657.397 259.456 723.447 337.801 4.62 1.69 1.96  2.73 4.28 25.26  0.00840067 0
167 4 Car 1 1 -4.91361 659.255 259.966 725.958 338.649 4.62 1.69 1.96  2.79 4.28 25.13  0.00853064 0
168 4 Car 1 1 -4.90778 661.186 260.405 729.413 340.752 4.62 1.69 1.96  2.85 4.27 24.88  0.00253977 0
169 4 Car 1 1 -4.90979 663.128 261.252 735.635 343.672 4.62 1.69 1.96  2.93 4.25 24.43  0.00377994 0
170 4 Car 1 1 -4.90927 668.334 262.537 747.536 349.766 4.62 1.69 1.96  3.07 4.19 23.46  0.000936534 0
171 4 Car 1 1 -4.90892 669.592 262.405 749.119 350.135 4.62 1.69 1.96  3.10 4.17 23.35  -0.000107577 0
172 4 Car 1 1 -4.90869 671.369 261.669 751.001 349.403 4.62 1.69 1.96  3.16 4.15 23.34  -0.00127695 0
173 4 Car 1 1 -4.90851 672.537 261.528 752.231 349.44 4.62 1.69 1.96  3.20 4.14 23.31  -0.00175969 0
174 4 Car 1 1 -4.90842 673.873 261.885 753.838 350.071 4.62 1.69 1.96  3.23 4.15 23.25  -0.0016865 0
175 4 Car 1 1 -4.90841 675.211 261.994 755.413 350.391 4.62 1.69 1.96  3.27 4.14 23.20  -0.00176032 0
176 4 Car 1 1 -4.90938 676.425 261.908 756.937 350.449 4.62 1.69 1.96  3.31 4.13 23.15  -0.00122336 0
177 11 Car 1 1 -1.72681 1304.17 247.379 1417.72 285.581 4.62 1.59 1.97  44.91 5.58 43.22  -3.14128 0
177 4 Car 1 1 -4.90982 677.466 262.672 758.573 351.792 4.62 1.69 1.96  3.33 4.14 23.02  -0.000403467 0
178 4 Car 1 1 -4.90284 686.523 266.327 773.558 359.45 4.62 1.69 1.96  3.62 4.21 22.48  -0.00480233 0
179 4 Car 1 1 -4.90971 679.822 262.713 762.507 353.404 4.62 1.69 1.96  3.38 4.11 22.71  -0.00183831 0
180 4 Car 1 1 -4.91043 681.088 260.943 764.436 352.163 4.62 1.69 1.96  3.41 4.03 22.57  -0.00409043 0
181 4 Car 1 1 -4.91105 682.114 260.172 765.967 351.842 4.62 1.69 1.96  3.43 4.00 22.46  -0.00500148 0
182 4 Car 1 1 -4.91156 684.038 260.351 768.7 352.635 4.62 1.69 1.96  3.48 3.98 22.32  -0.00496371 0
183 4 Car 1 1 -4.91315 683.24 259.159 764.72 349.134 4.62 1.69 1.96  3.48 4.00 22.74  -0.00294084 0
184 4 Car 1 1 -4.91448 685.204 259.24 767.671 349.917 4.62 1.69 1.96  3.52 3.97 22.56  -0.00243954 0
185 4 Car 1 1 -4.9144 685.664 258.236 767.998 348.712 4.62 1.69 1.96  3.54 3.95 22.60  -0.003672 0
186 4 Car 1 1 -4.91499 692.482 260.904 775.676 354.315 4.62 1.69 1.96  3.65 3.94 21.92  -0.00319921 0
187 4 Car 1 1 -4.92305 693.636 262.142 779.637 356.573 4.62 1.69 1.96  3.68 3.95 21.70  0.00524715 0
187 10 Car 1 1 -2.06313 515.971 173.631 553.261 211.745 4.80 1.63 2.03  -4.17 1.06 40.78  -3.13996 0
188 4 Car 1 1 -4.92335 694.424 262.698 780.822 357.562 4.62 1.69 1.96  3.70 3.96 21.62  0.00585113 0
188 10 Car 1 1 -2.05354 513.647 174.477 551.232 212.54 4.80 1.63 2.03  -4.30 1.11 40.83  -3.13936 0
189 15 Car 1 1 -2.08639 242.844 177.544 439.929 324.693 4.34 1.57 1.81  -3.85 0.99 11.17  -3.14001 0
189 14 Car 1 1 -1.97641 185.628 182.603 268.309 220.331 4.41 1.60 1.93  -21.23 1.54 40.26  -3.14017 0
189 4 Car 1 1 -4.92417 695.253 262.857 782.036 358.018 4.62 1.69 1.96  3.72 3.96 21.56  0.00651049 0
189 10 Car 1 1 -2.04584 511.237 175.154 549.19 213.256 4.80 1.63 2.03  -4.43 1.15 40.85  -3.1387 0
190 15 Car 1 1 -2.08288 188.448 179.53 424.572 349.65 4.34 1.57 1.81  -3.84 1.01 9.99  -3.13808 0
190 14 Car 1 1 -1.96256 173.089 184.759 259.377 223.776 4.41 1.60 1.93  -21.19 1.64 39.09  -3.13863 0
190 4 Car 1 1 -4.92457 695.942 264.124 782.961 359.466 4.62 1.69 1.96  3.74 3.99 21.54  0.00841135 0
190 10 Car 1 1 -2.04026 503.987 176.108 546.917 218.769 4.80 1.63 2.03  -4.21 1.18 36.76  -3.13681 0
191 15 Car 1 1 -2.08109 -7.43807 182.405 378.425 434.271 4.34 1.57 1.81  -3.82 1.02 7.50  -3.13677 0
191 14 Car 1 1 -1.95685 159.47 186.03 249.671 226.364 4.41 1.60 1.93  -21.16 1.69 37.92  -3.13749 0
191 4 Car 1 1 -4.92456 697.31 265.322 784.77 360.962 4.62 1.69 1.96  3.78 4.03 21.50  0.00970754 0
191 10 Car 1 1 -2.04141 494.707 176.442 543.558 224.388 4.80 1.63 2.03  -4.05 1.18 32.98  -3.13552 0
192 15 Car 1 1 -2.08092 -545.711 185.545 302.871 667.262 4.34 1.57 1.81  -3.77 1.02 5.00  -3.13711 0
192 14 Car 1 1 -1.9582 145.334 186.179 239.732 227.936 4.41 1.60 1.93  -21.11 1.67 36.75  -3.13791 0
192 4 Car 1 1 -4.92401 698.53 265.326 786.091 360.888 4.62 1.69 1.96  3.82 4.03 21.53  0.00935885 0
192 10 Car 1 1 -2.0522 483.971 175.466 539.713 229.45 4.80 1.63 2.03  -3.91 1.13 29.57  -3.13587 0
193 15 Car 1 1 -2.08184 -11330.5 191.049 131.937 5229.1 4.34 1.57 1.81  -3.81 1.02 2.47  -3.13779 0
193 14 Car 1 1 -1.9607 129.163 186.107 228.364 229.413 4.41 1.60 1.93  -21.10 1.65 35.57  -3.13876 0
193 4 Car 1 1 -4.92394 698.228 264.674 785.348 360.059 4.62 1.69 1.96  3.81 4.02 21.56  0.00866273 0
193 10 Car 1 1 -2.06746 468.847 173.627 533.676 235.004 4.80 1.63 2.03  -3.84 1.05 26.31  -3.13658 0
194 15 Car 1 1 -2.0849 -988.278 -448.923 2060.85 835.899 4.34 1.57 1.81  -3.79 1.01 -0.05  -3.13693 0
194 14 Car 1 1 -1.96352 112.172 186.359 216.493 231.233 4.41 1.60 1.93  -21.07 1.64 34.37  -3.13756 0
194 4 Car 1 1 -4.92374 698.811 265.393 785.646 360.464 4.62 1.69 1.96  3.83 4.04 21.61  0.00955592 0
194 10 Car 1 1 -2.07694 450.61 172.394 526.773 242.927 4.80 1.63 2.03  -3.76 1.02 23.18  -3.13567 0
195 15 Car 1 1 -2.0891 1057.09 -3380.08 8498.48 161.342 4.34 1.57 1.81  -3.78 0.99 -2.58  -3.13659 0
195 14 Car 1 1 -1.96397 92.6966 186.94 203.464 233.909 4.41 1.60 1.93  -20.95 1.64 32.99  -3.13678 0
195 4 Car 1 1 -4.92353 699.203 265.696 785.64 360.379 4.62 1.69 1.96  3.85 4.06 21.67  0.00994049 0
195 10 Car 1 1 -2.08882 426.344 170.351 517.84 252.769 4.80 1.63 2.03  -3.69 0.97 20.16  -3.13527 0
196 15 Car 1 1 -2.08785 899.436 -293.014 1724.24 165.29 4.34 1.57 1.81  -3.77 0.99 -5.14  -3.13784 0
196 14 Car 1 1 -1.97469 70.4128 185.81 188.507 235.002 4.41 1.60 1.93  -20.86 1.57 31.60  -3.13738 0
196 4 Car 1 1 -4.92218 699.726 265.653 785.81 360.152 4.62 1.69 1.96  3.87 4.06 21.71  0.00875629 0
196 10 Car 1 1 -2.10361 391.848 166.873 506.006 265.949 4.80 1.63 2.03  -3.63 0.90 17.16  -3.13644 0
197 15 Car 1 1 -2.08974 822.64 -76.062 1208.84 167.997 4.34 1.57 1.81  -3.75 0.98 -7.68  -3.13845 0
197 14 Car 1 1 -1.98765 45.8862 184.467 172.253 236.026 4.41 1.60 1.93  -20.76 1.48 30.19  -3.13755 0
197 4 Car 1 1 -4.92163 700.18 265.397 785.965 359.512 4.62 1.69 1.96  3.89 4.06 21.77  0.00818055 0
197 10 Car 1 1 -2.11977 340.704 161.456 490.102 285.505 4.80 1.63 2.03  -3.57 0.84 14.21  -3.137 0
198 15 Car 1 1 -2.08586 776.901 2.33595 1016.25 168.207 4.34 1.57 1.81  -3.73 0.99 -10.27  -3.13899 0
198 14 Car 1 1 -1.98927 18.7445 184.649 153.823 238.777 4.41 1.60 1.93  -20.79 1.47 28.92  -3.13768 0
198 4 Car 1 1 -4.92027 700.975 266.002 786.744 360.171 4.62 1.69 1.96  3.92 4.08 21.78  0.00768423 0
198 10 Car 1 1 -2.12851 255.066 154.867 467.221 320.693 4.80 1.63 2.03  -3.52 0.80 11.25  -3.13749 0
199 15 Car 1 1 -2.0842 748.609 43.5522 917.806 168.623 4.34 1.57 1.81  -3.75 1.00 -12.90  -3.13825 0
199 14 Car 1 1 -1.98062 -12.9159 186.615 132.244 243.725 4.41 1.60 1.93  -20.87 1.53 27.65  -3.13692 0
199 4 Car 1 1 -4.9193 701.192 267.482 787.056 362.019 4.62 1.69 1.96  3.92 4.13 21.75  0.0084306 0
199 10 Car 1 1 -2.13078 79.916 145.042 429.01 393.435 4.80 1.63 2.03  -3.51 0.80 8.31  -3.13674 0
200 15 Car 1 1 -2.09884 726.31 71.1888 856.062 171.622 4.34 1.57 1.81  -3.70 0.95 -15.45  -3.13694 0
200 14 Car 1 1 -1.9811 -45.1666 187.428 110.651 247.353 4.41 1.60 1.93  -20.94 1.54 26.46  -3.13536 0
200 4 Car 1 1 -4.92034 701.698 267.255 787.051 360.756 4.62 1.69 1.96  3.95 4.13 21.90  0.00976633 0
200 10 Car 1 1 -2.14746 -395.131 105.972 369.297 583.901 4.80 1.63 2.03  -3.45 0.75 5.48  -3.13539 0
201 15 Car 1 1 -2.09713 711.124 87.8678 815.269 171.554 4.34 1.57 1.81  -3.70 0.95 -18.09  -3.13741 0
201 14 Car 1 1 -1.97729 -83.177 188.617 85.368 252.144 4.41 1.60 1.93  -21.02 1.56 25.20  -3.13596 0
201 4 Car 1 1 -4.92035 701.925 266.546 787.005 359.643 4.62 1.69 1.96  3.97 4.12 21.97  0.00927781 0
201 10 Car 1 1 -2.15638 -14737.9 -915.033 234.19 6583.22 4.80 1.63 2.03  -3.43 0.71 2.60  -3.13589 0
202 15 Car 1 1 -2.08241 699.369 98.2856 785.706 169.889 4.34 1.57 1.81  -3.70 1.01 -20.77  -3.13937 0
202 14 Car 1 1 -1.97317 -127.07 189.631 56.5511 257.498 4.41 1.60 1.93  -21.10 1.57 23.90  -3.13819 0
202 4 Car 1 1 -4.91973 702.283 265.224 787.314 358.234 4.62 1.69 1.96  3.99 4.09 22.01  0.00729162 0
202 10 Car 1 1 -2.15835 -808.339 -291.111 1771.03 752.574 4.80 1.63 2.03  -3.43 0.70 -0.25  -3.13788 0
203 15 Car 1 1 -2.07513 690.382 106.885 763.923 169.361 4.34 1.57 1.81  -3.71 1.03 -23.45  -3.1403 0
203 14 Car 1 1 -1.96878 -177.064 191.076 24.2551 263.774 4.41 1.60 1.93  -21.20 1.59 22.59  -3.13934 0
203 4 Car 1 1 -4.92027 702.204 263.778 786.941 356.349 4.62 1.69 1.96  3.99 4.05 22.07  0.00633123 0
203 10 Car 1 1 -2.16468 954.983 -1599.57 5073.13 522.044 4.80 1.63 2.03  -3.43 0.68 -3.09  -3.13885 0
204 14 Car 1 1 -1.95997 -231.061 193.808 -9.78323 271.971 4.41 1.60 1.93  -21.28 1.65 21.33  -3.13979 0
204 4 Car 1 1 -4.92086 702.359 262.56 786.397 354.092 4.62 1.69 1.96  4.02 4.03 22.26  0.00626556 0
204 10 Car 1 1 -2.17144 837.296 -173.866 1484.42 245.824 4.80 1.63 2.03  -3.42 0.66 -5.88  -3.13893 0
205 14 Car 1 1 -1.94676 -292.57 198.035 -47.923 282.655 4.41 1.60 1.93  -21.38 1.74 20.09  -3.14005 0
205 4 Car 1 1 -4.92122 702.484 262.356 786.487 353.752 4.62 1.69 1.96  4.04 4.03 22.30  0.00661138 0
205 10 Car 1 1 -2.17438 780.939 -19.5702 1097.96 214.372 4.80 1.63 2.03  -3.43 0.65 -8.66  -3.1386 0
206 14 Car 1 1 -8.2258 -364.827 199.848 -91.3649 291.929 4.41 1.60 1.93  -21.47 1.76 18.82  3.14076 0
206 4 Car 1 1 -4.92083 702.796 260.681 786.539 351.807 4.62 1.69 1.96  4.05 3.99 22.36  0.0044208 0
206 10 Car 1 1 -2.16625 747.438 38.4775 948.718 200.585 4.80 1.63 2.03  -3.45 0.67 -11.44  -3.1408 0
207 14 Car 1 1 -8.22266 -447.97 201.636 -139.707 302.323 4.41 1.60 1.93  -21.55 1.76 17.55  3.13848 0
207 4 Car 1 1 -4.92109 703.229 258.585 786.709 349.244 4.62 1.69 1.96  4.08 3.93 22.44  0.00232641 0
207 10 Car 1 1 -8.44251 724.557 69.2507 869.266 193.501 4.80 1.63 2.03  -3.45 0.68 -14.20  3.14028 0
208 14 Car 1 1 -8.21931 -541.856 205.205 -194.038 315.014 4.41 1.60 1.93  -21.72 1.80 16.38  3.14057 0
208 4 Car 1 1 -4.92135 702.63 259.656 785.455 349.87 4.62 1.69 1.96  4.06 3.97 22.51  0.00427954 0
208 10 Car 1 1 -2.17816 710.439 91.2367 822.889 191.984 4.80 1.63 2.03  -3.50 0.63 -16.95  -3.14094 0
209 14 Car 1 1 -1.92936 -653.108 211.176 -255.159 332.625 4.41 1.60 1.93  -21.83 1.89 15.18  -3.13902 0
209 4 Car 1 1 -4.92068 704.668 263.996 789.241 355.987 4.62 1.69 1.96  4.09 4.07 22.21  0.00778821 0
209 10 Car 1 1 -2.20504 696.811 106.732 787.715 191.492 4.80 1.63 2.03  -3.47 0.56 -19.68  -3.13743 0
210 16 Car 1 1 -5.14658 591.507 184.173 637.737 239.3 4.42 1.63 1.93  0.17 1.41 27.71  0.0117605 0
210 4 Car 1 1 -4.9194 708.921 270.555 798.698 368.494 4.62 1.69 1.96  4.10 4.16 21.23  0.00974055 0
210 10 Car 1 1 -2.22924 688.433 117.795 764.782 190.987 4.80 1.63 2.03  -3.50 0.50 -22.37  -3.13546 0
211 16 Car 1 1 -5.14796 590.918 184.489 639.865 242.948 4.42 1.63 1.93  0.18 1.40 26.28  0.011469 0
211 4 Car 1 1 -4.91857 715.904 277.739 815.242 386.11 4.62 1.69 1.96  4.10 4.17 19.71  0.00945525 0
212 16 Car 1 1 -5.15692 590.386 183.263 642.315 245.275 4.42 1.63 1.93  0.20 1.34 24.93  0.00959848 0
212 4 Car 1 1 -4.91857 727.251 286.569 842.889 412.171 4.62 1.69 1.96  4.11 4.12 17.68  0.0075969 0
213 16 Car 1 1 -5.17411 590.425 180.375 642.035 241.654 4.42 1.63 1.93  0.20 1.23 25.11  0.00790663 0
213 4 Car 1 1 -4.91853 742.818 299.351 883.781 451.572 4.62 1.69 1.96  4.12 4.08 15.40  0.00591331 0
214 16 Car 1 1 -5.1835 590.603 178.975 641.73 239.502 4.42 1.63 1.93  0.20 1.18 25.30  0.00736077 0
214 4 Car 1 1 -4.91851 764.769 318.86 947.529 514.669 4.62 1.69 1.96  4.14 4.07 12.96  0.0053624 0
215 16 Car 1 1 -5.18873 590.969 178.223 641.84 238.283 4.42 1.63 1.93  0.21 1.16 25.46  0.00729188 0
215 4 Car 1 1 -4.9183 799.579 350.433 1064.57 630.872 4.62 1.69 1.96  4.16 4.07 10.27  0.00530393 0
216 16 Car 1 1 -5.19434 591.56 177.435 642.071 237.042 4.42 1.63 1.93  0.23 1.13 25.64  0.00833607 0
216 4 Car 1 1 -4.92031 858.811 402.436 1331.92 892.466 4.62 1.69 1.96  4.19 4.05 7.35  0.00635237 0
217 17 Car 1 1 -2.07271 378.785 179.33 489.954 282.967 4.62 1.52 1.84  -3.55 1.07 15.35  -3.13936 0
217 16 Car 1 1 -5.19648 591.387 177.144 641.768 236.598 4.42 1.63 1.93  0.22 1.13 25.70  0.00881547 0
217 4 Car 1 1 -4.92139 972.73 505.501 2423.87 1970.02 4.62 1.69 1.96  4.19 4.03 4.32  0.00683253 0
218 17 Car 1 1 -2.07142 351.109 180.518 480.016 296.888 4.62 1.52 1.84  -3.54 1.08 13.94  -3.13812 0
218 16 Car 1 1 -5.19398 591.269 177.6 641.451 236.828 4.42 1.63 1.93  0.22 1.14 25.79  0.0100363 0
218 4 Car 1 1 -4.92326 -3087.85 -3469.75 1614.64 1169.57 4.62 1.69 1.96  4.19 4.02 1.33  0.00805143 0
219 17 Car 1 1 -2.07233 270.151 182.694 454.147 336.451 4.62 1.52 1.84  -3.52 1.09 11.14  -3.13592 0
219 16 Car 1 1 -5.1864 591.223 178.904 641.172 237.866 4.42 1.63 1.93  0.21 1.19 25.90  0.0122417 0
219 4 Car 1 1 -4.9267 -308.148 -728.964 6181.8 5658.81 4.62 1.69 1.96  4.20 3.99 -1.64  0.0102563 0
220 17 Car 1 1 -2.07404 109.288 185.658 414.249 415.417 4.62 1.52 1.84  -3.49 1.09 8.27  -3.13427 0
220 16 Car 1 1 -5.18028 591.215 180.002 640.964 238.753 4.42 1.63 1.93  0.21 1.23 25.96  0.0138237 0
220 4 Car 1 1 -4.93071 -983.3 -1377.48 261.246 -131.299 4.62 1.69 1.96  4.20 3.93 -4.60  0.0118308 0
221 17 Car 1 1 -2.07678 -363.827 189.157 342.699 643.276 4.62 1.52 1.84  -3.48 1.08 5.39  -3.13471 0
221 16 Car 1 1 -5.18029 590.807 179.965 640.374 238.521 4.42 1.63 1.93  0.19 1.23 26.02  0.0133176 0
221 4 Car 1 1 -4.93175 -78.2845 -497.278 368.188 -36.8896 4.62 1.69 1.96  4.18 3.89 -7.59  0.0113164 0
222 17 Car 1 1 -2.08464 -12998.9 192.94 195.593 6695.48 4.62 1.52 1.84  -3.44 1.04 2.57  -3.13537 0
222 16 Car 1 1 -5.18438 591.088 179.251 640.316 237.423 4.42 1.63 1.93  0.20 1.21 26.16  0.0125964 0
222 4 Car 1 1 -4.93285 155.387 -265.425 420.47 10.7915 4.62 1.69 1.96  4.17 3.85 -10.31  0.0105881 0
223 17 Car 1 1 -2.0905 -990.656 -364.405 1696.86 893.511 4.62 1.52 1.84  -3.40 1.01 -0.31  -3.13678 0
223 16 Car 1 1 -5.1873 591.257 178.694 640.459 236.838 4.42 1.63 1.93  0.21 1.18 26.16  0.0111632 0
224 17 Car 1 1 -2.08999 937.953 -1481.91 3929.48 162.52 4.62 1.52 1.84  -3.38 1.01 -3.19  -3.13753 0
224 16 Car 1 1 -4.96528 622.601 222.53 673.157 285.449 4.42 1.63 1.93  1.41 3.04 27.90  -0.000784346 0
225 17 Car 1 1 -2.08923 823.1 -200.4 1416.22 166 4.62 1.52 1.84  -3.37 1.01 -6.08  -3.13886 0
225 16 Car 1 1 -4.96469 622.704 222.16 673.162 285.138 4.42 1.63 1.93  1.41 3.03 27.92  -0.00212026 0
226 19 Car 1 1 -8.33889 416.467 180.33 519.798 274.193 4.49 1.54 1.83  -3.13 1.12 16.78  3.13928 0
226 17 Car 1 1 -2.08886 767.451 -36.8096 1067.43 167.791 4.62 1.52 1.84  -3.36 1.00 -8.97  -3.14013 0
226 16 Car 1 1 -4.96495 622.673 221.464 673.011 284.394 4.42 1.63 1.93  1.41 3.00 27.95  -0.00339106 0
227 19 Car 1 1 -8.34327 394.928 179.913 512.31 284.222 4.49 1.54 1.83  -3.13 1.10 15.33  3.13852 0
227 17 Car 1 1 -2.09048 734.802 27.789 928.969 169.236 4.62 1.52 1.84  -3.35 0.99 -11.86  -3.14091 0
227 16 Car 1 1 -4.9655 622.296 220.893 672.478 283.729 4.42 1.63 1.93  1.39 2.98 27.98  -0.00416028 0
228 19 Car 1 1 -8.3422 337.317 181.683 493.933 314.447 4.49 1.54 1.83  -3.14 1.10 12.57  3.13929 0
228 17 Car 1 1 -2.09761 712.27 63.0767 853.423 171.034 4.62 1.52 1.84  -3.32 0.97 -14.76  -3.14019 0
228 16 Car 1 1 -4.96461 621.473 221.499 671.547 284.221 4.42 1.63 1.93  1.36 3.01 28.02  -0.00339827 0
229 19 Car 1 1 -1.98342 296.445 211.105 492.392 386.903 4.49 1.54 1.83  -2.85 1.58 10.58  -3.13238 0
229 17 Car 1 1 -8.49042 698.878 118.602 804.769 204.477 4.62 1.52 1.84  -3.51 0.41 -18.64  3.07224 0
229 16 Car 1 1 -4.99695 621.454 221.481 674.726 282.943 4.42 1.63 1.93  1.47 3.10 29.01  0.0342637 0
230 19 Car 1 1 -1.98545 143.863 220.108 461.069 490.074 4.49 1.54 1.83  -2.84 1.56 7.83  -3.13314 0
230 17 Car 1 1 -8.4967 686.15 126.492 773.313 200.371 4.62 1.52 1.84  -3.46 0.40 -21.56  3.07147 0
230 16 Car 1 1 -4.99929 620.629 220.225 673.789 281.451 4.42 1.63 1.93  1.43 3.05 29.06  0.033504 0
231 19 Car 1 1 -1.98743 -323.209 236.989 403.375 802.395 4.49 1.54 1.83  -2.85 1.55 5.05  -3.13289 0
231 18 Car 1 1 -2.04302 514.394 176.629 547.578 214.842 4.70 1.57 1.97  -4.28 1.20 39.82  -3.13593 0
231 16 Car 1 1 -5.00047 619.737 219.809 672.572 280.736 4.42 1.63 1.93  1.40 3.03 29.13  0.0337456 0
232 19 Car 1 1 -1.99163 -94831.6 274.733 286.176 65156.7 4.49 1.54 1.83  -2.79 1.53 2.28  -3.13081 0
232 18 Car 1 1 -2.03843 505.489 177.581 542.27 219.302 4.70 1.57 1.97  -4.29 1.24 36.66  -3.13384 0
232 16 Car 1 1 -4.99959 619.066 220.865 671.883 281.556 4.42 1.63 1.93  1.37 3.08 29.21  0.0358258 0
233 19 Car 1 1 -1.99379 -867.028 -464.623 1544.66 1189.79 4.49 1.54 1.83  -2.78 1.52 -0.48  -3.13032 0
233 18 Car 1 1 -2.0428 494.779 177.583 536.161 223.534 4.70 1.57 1.97  -4.30 1.22 33.49  -3.13335 0
233 16 Car 1 1 -4.99806 618.033 221.462 670.549 281.942 4.42 1.63 1.93  1.33 3.11 29.33  0.0363139 0
234 19 Car 1 1 -1.98887 865.987 -1598.51 3140.38 94.233 4.49 1.54 1.83  -2.74 1.53 -3.25  -3.1335 0
234 18 Car 1 1 -2.06519 482.007 175.174 529.108 226.302 4.70 1.57 1.97  -4.29 1.10 30.33  -3.13652 0
234 16 Car 1 1 -4.99849 617.134 219.792 669.412 280.087 4.42 1.63 1.93  1.30 3.05 29.45  0.033142 0
235 19 Car 1 1 -8.05418 829.515 -162.163 1048.2 30.801 4.49 1.54 1.83  -5.28 3.77 -12.32  3.12475 0
235 18 Car 1 1 -8.11304 509.166 218.139 558.228 278.906 4.70 1.57 1.97  -3.01 2.98 29.35  3.14078 0
235 16 Car 1 1 -4.9625 624.91 214.905 669.72 264.622 4.42 1.63 1.93  1.72 3.08 34.10  -0.000845239 0
236 20 Car 1 1 -5.13547 195.041 176.702 257.861 216.065 5.32 1.87 2.13  -22.26 1.31 42.15  0.0037754 0
236 19 Car 1 1 -8.05531 791.566 -87.254 948.796 54.5913 4.49 1.54 1.83  -5.24 3.76 -15.18  3.12534 0
236 18 Car 1 1 -8.11345 497.486 222.708 553.297 291.556 4.70 1.57 1.97  -3.00 2.98 26.48  3.14135 0
236 16 Car 1 1 -4.96188 624.214 215.291 668.997 265.009 4.42 1.63 1.93  1.68 3.10 34.12  -0.00022465 0
237 20 Car 1 1 -5.13057 177.384 177.424 244.91 218.451 5.32 1.87 2.13  -22.27 1.34 40.58  0.00433356 0
237 19 Car 1 1 -8.05481 773.71 -44.8485 899.249 69.0888 4.49 1.54 1.83  -5.39 3.78 -17.77  3.12593 0
237 18 Car 1 1 -1.8288 480.972 229.163 546.175 308.696 4.70 1.57 1.97  -3.03 3.01 23.60  -3.14125 0
237 16 Car 1 1 -4.95947 623.205 216.271 667.665 266.02 4.42 1.63 1.93  1.63 3.15 34.15  0.000360151 0
238 20 Car 1 1 -5.1338 158.756 177.134 231.066 219.918 5.32 1.87 2.13  -22.28 1.32 39.02  0.00347678 0
238 19 Car 1 1 -8.05316 749.236 -11.7273 849.774 81.3961 4.49 1.54 1.83  -5.27 3.79 -20.60  3.12491 0
238 18 Car 1 1 -8.11192 462.905 235.464 539.494 329.002 4.70 1.57 1.97  -3.00 3.00 20.78  3.14092 0
238 16 Car 1 1 -4.95962 622.654 215.714 667.109 265.345 4.42 1.63 1.93  1.61 3.14 34.25  -0.00062664 0
239 20 Car 1 1 -5.14551 138.544 176.063 216.894 220.896 5.32 1.87 2.13  -22.14 1.25 37.24  0.00341619 0
239 19 Car 1 1 -8.05435 732.948 13.9712 816.591 92.2547 4.49 1.54 1.83  -5.23 3.76 -23.43  3.12478 0
239 18 Car 1 1 -8.11355 437.912 243.166 530.948 355.963 4.70 1.57 1.97  -2.96 2.97 17.97  3.14079 0
239 16 Car 1 1 -4.9609 622.468 215.127 666.764 264.537 4.42 1.63 1.93  1.60 3.11 34.36  -0.000743861 0
240 20 Car 1 1 -1.82745 157.214 205.239 269.433 249.346 5.32 1.87 2.13  -21.84 2.94 39.87  -3.13752 0
240 19 Car 1 1 -1.7654 773.304 56.6099 806.675 105.144 4.49 1.54 1.83  -9.44 4.73 -37.76  -3.12676 0
240 18 Car 1 1 -1.82371 450.412 258.681 559.157 398.801 4.70 1.57 1.97  -2.06 3.10 15.39  -3.14096 0
240 16 Car 1 1 -4.95439 622.74 216.449 662.633 263.994 4.42 1.63 1.93  1.57 3.25 35.56  0.00066892 0
241 20 Car 1 1 -1.82756 137.982 206.532 256.024 252.771 5.32 1.87 2.13  -21.80 2.94 38.24  -3.13749 0
241 18 Car 1 1 -1.82491 408.493 274.546 551.029 460.617 4.70 1.57 1.97  -2.03 3.09 12.57  -3.14036 0
241 16 Car 1 1 -4.95402 622.57 216.683 662.34 264.073 4.42 1.63 1.93  1.57 3.26 35.66  0.00128047 0
242 20 Car 1 1 -1.82858 116.412 207.635 241.218 256.179 5.32 1.87 2.13  -21.77 2.92 36.63  -3.13747 0
242 18 Car 1 1 -1.82494 333.135 298.139 538.036 570.295 4.70 1.57 1.97  -2.02 3.09 9.75  -3.14039 0
242 16 Car 1 1 -4.95333 622.145 216.759 661.704 263.981 4.42 1.63 1.93  1.55 3.28 35.79  0.00125724 0
243 20 Car 1 1 -1.82511 91.3461 208.328 223.153 261.83 5.32 1.87 2.13  -21.85 2.93 35.16  -3.14062 0
243 18 Car 1 1 -8.09074 231.82 325.233 539.051 773.133 4.70 1.57 1.97  -1.75 3.06 7.24  3.1235 0
243 16 Car 1 1 -4.92641 622.119 215.191 663.306 265.286 4.42 1.63 1.93  1.59 3.28 35.88  -0.0256165 0
244 20 Car 1 1 -1.82648 65.3291 209.221 205.825 265.593 5.32 1.87 2.13  -21.89 2.90 33.63  -3.1411 0
244 18 Car 1 1 -8.09203 -301.182 388.311 513.415 1624.48 4.70 1.57 1.97  -1.70 3.03 4.35  3.12314 0
244 16 Car 1 1 -4.92807 622.38 214.442 663.517 264.36 4.42 1.63 1.93  1.60 3.24 35.95  -0.025958 0
245 20 Car 1 1 -8.08289 76.2204 218.038 191.86 275.988 5.32 1.87 2.13  -21.83 3.33 33.44  3.14018 0
245 18 Car 1 1 -8.11629 148.287 -4065.02 3771.74 895.667 4.70 1.57 1.97  -1.94 2.92 1.62  3.1402 0
245 16 Car 1 1 -4.95107 624.123 216.515 661.967 263.277 4.42 1.63 1.93  1.62 3.29 36.15  -0.000321352 0
246 20 Car 1 1 -8.08443 45.7503 219.22 171.88 280.961 5.32 1.87 2.13  -21.78 3.28 31.72  3.13915 0
246 18 Car 1 1 -8.11597 -959.48 -623.49 1198.08 2839.43 4.70 1.57 1.97  -1.90 2.91 -1.23  3.13918 0
246 16 Car 1 1 -4.95195 624.285 215.748 662.081 262.401 4.42 1.63 1.93  1.63 3.25 36.23  -0.00135691 0
247 20 Car 1 1 -8.08431 12.0972 221.797 149.96 287.588 5.32 1.87 2.13  -21.79 3.29 30.10  3.13959 0
247 18 Car 1 1 -8.13134 784.848 -1291.01 1848.87 -2.77565 4.70 1.57 1.97  -2.26 2.53 -4.11  3.12603 0
247 16 Car 1 1 -5.0495 622.247 216.147 665.167 259.899 4.42 1.63 1.93  1.66 3.31 36.47  0.0993704 0
248 20 Car 1 1 -1.79922 -27.7205 226.567 125 297.617 5.32 1.87 2.13  -21.72 3.37 28.30  -3.14148 0
248 18 Car 1 1 -8.13506 728.745 -373.801 1068.95 52.7238 4.70 1.57 1.97  -2.23 2.51 -6.97  3.12812 0
248 16 Car 1 1 -5.04703 622.033 217.678 664.833 261.314 4.42 1.63 1.93  1.65 3.40 36.57  0.101498 0
249 20 Car 1 1 -1.79716 -73.0818 231.441 96.981 308.499 5.32 1.87 2.13  -21.69 3.43 26.57  -3.14032 0
249 18 Car 1 1 -1.88851 712.856 -146.26 913.296 95.2058 4.70 1.57 1.97  -2.46 2.33 -9.89  -3.13437 0
249 16 Car 1 1 -4.99598 616.765 220.534 670.669 263.067 4.42 1.63 1.93  1.66 3.43 36.63  0.0523168 0
250 20 Car 1 1 -1.79573 -125.543 235.517 65.7138 319.942 5.32 1.87 2.13  -21.60 3.45 24.77  -3.14119 0
250 18 Car 1 1 -1.88433 693.851 -61.1139 830.107 108.107 4.70 1.57 1.97  -2.47 2.37 -12.75  -3.13532 0
250 16 Car 1 1 -4.99561 616.564 220.3 670.313 262.773 4.42 1.63 1.93  1.65 3.43 36.74  0.0517893 0
251 20 Car 1 1 -8.07882 -188.643 239.207 29.6452 332.596 5.32 1.87 2.13  -21.50 3.42 22.93  3.14069 0
251 18 Car 1 1 -1.88214 680.016 -10.7934 781.561 117.975 4.70 1.57 1.97  -2.46 2.38 -15.63  -3.13669 0
251 16 Car 1 1 -4.99784 616.656 219.153 670.503 261.646 4.42 1.63 1.93  1.66 3.37 36.71  0.0508094 0
252 20 Car 1 1 -8.07897 -264.939 244.044 -12.4768 348.322 5.32 1.87 2.13  -21.40 3.41 21.09  3.14038 0
252 18 Car 1 1 -1.88268 669.935 22.4405 750.253 125.874 4.70 1.57 1.97  -2.45 2.37 -18.52  -3.13704 0
252 16 Car 1 1 -4.99926 616.896 218.748 670.976 261.366 4.42 1.63 1.93  1.67 3.34 36.60  0.0506977 0
253 20 Car 1 1 -8.07776 -354.223 249.963 -59.8058 367.348 5.32 1.87 2.13  -21.33 3.42 19.33  3.13967 0
253 16 Car 1 1 -4.99967 616.742 218.417 670.804 261.073 4.42 1.63 1.93  1.66 3.32 36.60  0.0502328 0
254 20 Car 1 1 -8.07799 -456.346 255.598 -111.079 388.019 5.32 1.86 2.12  -21.23 3.40 17.66  3.13881 0
254 16 Car 1 1 -4.95003 624.04 215.865 663.504 261.665 4.42 1.63 1.93  1.69 3.30 36.86  -0.00089604 0
255 16 Car 1 1 -4.95034 624.047 215.89 663.462 261.684 4.42 1.63 1.93  1.69 3.30 36.85  -0.000592972 0
256 16 Car 1 1 -4.94913 624.11 216.743 663.384 262.446 4.42 1.63 1.93  1.69 3.35 36.94  0.000973351 0
257 21 Car 1 1 -8.07253 570.845 220.567 602.258 265.414 4.67 1.57 1.95  -1.19 3.70 38.83  3.14084 0
257 16 Car 1 1 -4.94797 626.247 215.018 664.432 258.957 4.42 1.63 1.93  1.84 3.34 38.32  -0.000662037 0
258 21 Car 1 1 -8.07759 570.186 218.558 603.141 265.805 4.67 1.57 1.95  -1.13 3.50 37.19  3.13575 0
258 16 Car 1 1 -4.95489 627.267 211.143 665.662 255.177 4.42 1.63 1.93  1.90 3.13 38.27  -0.00566098 0
259 21 Car 1 1 -8.07911 568.647 218.955 603.332 268.871 4.67 1.57 1.95  -1.10 3.42 35.52  3.13311 0
259 16 Car 1 1 -4.95887 627.742 209.17 666.117 253.215 4.42 1.63 1.93  1.92 3.02 38.24  -0.00830317 0
260 21 Car 1 1 -8.07575 565.551 225.683 603.295 280.62 4.67 1.57 1.95  -1.08 3.56 32.77  3.13702 0
260 16 Car 1 1 -4.95399 627.802 211.728 665.853 255.46 4.42 1.63 1.93  1.93 3.16 38.40  -0.00449669 0
261 21 Car 1 1 -8.07407 562.11 232.263 603.616 293.48 4.67 1.57 1.95  -1.04 3.64 30.00  3.13959 0
261 16 Car 1 1 -4.9505 628.148 213.696 666.249 257.331 4.42 1.63 1.93  1.95 3.27 38.40  -0.00207513 0
262 21 Car 1 1 -8.0757 557.475 236.322 604.191 306.215 4.67 1.57 1.95  -1.00 3.57 26.98  3.13746 0
262 16 Car 1 1 -4.95151 628.069 212.522 666.196 256.189 4.42 1.63 1.93  1.94 3.21 38.43  -0.00431028 0
263 22 Car 1 1 -5.00057 206.379 196.669 276.555 234.095 4.85 1.61 1.99  -22.40 2.54 44.14  -0.00240081 0
263 21 Car 1 1 -8.04865 555.844 238.734 609.777 323.721 4.67 1.57 1.95  -0.94 3.48 24.06  3.106 0
263 16 Car 1 1 -4.95797 628.988 211.204 666.076 254.485 4.42 1.63 1.93  1.97 3.13 38.48  -0.00245913 0
264 22 Car 1 1 -5.0067 186.737 196.298 261.795 235.234 4.85 1.61 1.99  -22.57 2.46 42.49  -0.00275155 0
264 21 Car 1 1 -8.06488 541.149 244.9 603.074 343.071 4.67 1.57 1.95  -1.07 3.37 20.99  3.11621 0
264 16 Car 1 1 -4.9632 626.941 209.816 663.857 253.254 4.42 1.63 1.93  1.84 3.04 38.26  -0.00261344 0
265 22 Car 1 1 -4.96853 179.004 205.287 253.499 245.212 4.85 1.61 1.99  -22.98 3.01 42.38  -0.000181576 0
265 21 Car 1 1 -8.08379 539.17 257.557 610.965 373.695 4.67 1.57 1.95  -0.92 3.39 18.12  3.13651 0
265 16 Car 1 1 -4.95681 628.631 212.406 664.955 255.737 4.42 1.63 1.93  1.92 3.19 38.37  -0.000235719 0
266 23 Car 1 1 -2.04656 470.076 178.343 531.083 229.96 4.71 1.53 1.91  -4.35 1.19 29.45  -3.13819 0
266 22 Car 1 1 -4.96991 161.357 207.973 240.59 249.519 4.85 1.61 1.99  -23.07 3.10 40.97  0.00713958 0
266 21 Car 1 1 -1.80941 525.558 272.001 614.459 416.096 4.67 1.57 1.95  -0.87 3.39 15.29  -3.13805 0
266 16 Car 1 1 -4.9627 628.402 213.181 664.803 256.065 4.42 1.63 1.93  1.91 3.21 38.31  0.00705207 0
267 23 Car 1 1 -2.04342 460.954 179.118 526.673 234.135 4.71 1.53 1.91  -4.36 1.21 27.81  -3.13756 0
267 22 Car 1 1 -4.96489 141.506 210.92 225.914 254.526 4.85 1.61 1.99  -23.13 3.20 39.42  0.00777706 0
267 21 Car 1 1 -1.80968 504.487 291.576 618.507 485.377 4.67 1.57 1.95  -0.84 3.40 12.44  -3.13741 0
267 16 Car 1 1 -4.96279 628.261 213.388 664.671 256.261 4.42 1.63 1.93  1.90 3.22 38.29  0.00769296 0
268 23 Car 1 1 -2.0422 451.306 179.739 522.351 238.555 4.71 1.53 1.91  -4.34 1.22 26.17  -3.13705 0
268 22 Car 1 1 -4.96011 120.387 214.048 210.575 259.956 4.85 1.61 1.99  -23.16 3.29 37.88  0.00831246 0
268 21 Car 1 1 -1.8106 468.613 319.466 627.182 607.69 4.67 1.57 1.95  -0.78 3.39 9.60  -3.13679 0
268 16 Car 1 1 -4.96289 628.566 213.578 665.036 256.492 4.42 1.63 1.93  1.92 3.23 38.26  0.00826514 0
269 24 Car 1 1 -4.9862 310.442 194.969 355.122 225.844 4.71 1.73 2.00  -20.11 2.69 52.61  -0.00062671 0
269 23 Car 1 1 -8.12199 427.916 222.888 496.046 294 4.71 1.53 1.91  -5.03 2.87 25.15  3.14094 0
269 22 Car 1 1 -4.9394 99.0814 219.234 191.548 267.774 4.85 1.61 1.99  -23.45 3.51 36.68  -0.000669064 0
269 21 Car 1 1 -1.81626 376.477 364.419 642.796 903.526 4.67 1.57 1.95  -0.73 3.36 6.66  -3.13266 0
269 16 Car 1 1 -4.95317 628.55 213.582 666.932 257.486 4.42 1.63 1.93  1.96 3.25 38.14  -0.000648995 0
270 24 Car 1 1 -4.94777 315.966 202.732 360.736 233.955 4.71 1.73 2.00  -19.91 3.30 53.17  -0.000219734 0
270 23 Car 1 1 -8.10735 427.572 234.902 500.104 318.534 4.71 1.53 1.91  -4.41 3.09 22.45  3.14137 0
270 22 Car 1 1 -4.97288 81.4078 223.396 183.633 272.431 4.85 1.61 1.99  -23.16 3.59 35.29  0.036668 0
270 21 Car 1 1 -1.84287 -253.255 461.501 709.285 2757.79 4.67 1.57 1.95  -0.72 3.29 3.57  -3.11044 0
270 16 Car 1 1 -4.95355 629.507 213.829 668.746 258.025 4.42 1.63 1.93  2.02 3.25 37.92  -0.000225353 0
271 24 Car 1 1 -4.94654 307.014 204.084 354.043 236.477 4.71 1.73 2.00  -19.84 3.33 51.50  0.000216472 0
271 23 Car 1 1 -1.82414 397.774 243.893 487.236 345.026 4.71 1.53 1.91  -4.34 3.10 19.39  -3.14137 0
271 22 Car 1 1 -4.96945 54.2891 227.222 164.768 279.302 4.85 1.61 1.99  -23.17 3.67 33.70  0.037093 0
271 21 Car 1 1 -1.84357 225.73 -1618.8 1181.18 1244.77 4.67 1.57 1.95  -0.66 3.28 0.64  -3.11001 0
271 16 Car 1 1 -4.95438 630.798 214.197 670.606 258.984 4.42 1.63 1.93  2.08 3.24 37.45  0.000209836 0
272 24 Car 1 1 -4.94578 297.873 205.235 345.835 238.824 4.71 1.73 2.00  -19.83 3.35 49.92  0.00028194 0
272 23 Car 1 1 -1.82496 355.675 254.91 470.465 381.454 4.71 1.53 1.91  -4.27 3.09 16.39  -3.14109 0
272 22 Car 1 1 -4.96759 24.5321 230.189 144.198 285.571 4.85 1.61 1.99  -23.21 3.69 32.16  0.0365672 0
272 21 Car 1 1 -1.84384 -11132.4 -495.804 904.229 33895.2 4.67 1.57 1.95  -0.62 3.27 -2.18  -3.11021 0
272 16 Car 1 1 -4.95232 631.947 213.859 672 259.029 4.42 1.63 1.93  2.13 3.22 37.28  -0.0032041 0
273 24 Car 1 1 -4.93923 291.784 207.758 342.168 242.426 4.71 1.73 2.00  -19.69 3.47 48.76  0.000276231 0
273 23 Car 1 1 -1.81951 321.311 272.708 483.144 436.71 4.71 1.53 1.91  -3.67 3.18 13.67  -3.14139 0
273 22 Car 1 1 -4.90374 -9.49112 234.418 119.669 299.285 4.85 1.61 1.99  -23.13 3.85 30.38  -0.0202077 0
273 21 Car 1 1 -1.83822 593.509 -672.388 944.225 -13.8031 4.67 1.57 1.95  -0.74 3.15 -5.91  -3.12328 0
273 16 Car 1 1 -4.94998 633.275 216.04 672.837 261.451 4.42 1.63 1.93  2.18 3.32 37.10  0.00026829 0
274 24 Car 1 1 -1.79718 278.39 209.468 358.513 244.212 4.71 1.73 2.00  -19.02 3.49 47.20  -3.14108 0
274 23 Car 1 1 -1.83016 269.854 297.571 492.112 523.174 4.71 1.53 1.91  -3.14 3.25 11.02  -3.12636 0
274 22 Car 1 1 -4.9843 -51.1798 246.658 93.4537 309.144 4.85 1.61 1.99  -22.74 4.00 28.19  0.0666086 0
274 21 Car 1 1 -1.85382 614.378 -156.926 791.978 75.3453 4.67 1.57 1.95  -1.10 2.76 -10.63  -3.13333 0
274 16 Car 1 1 -1.80342 606.799 218.65 697.763 262.581 4.42 1.63 1.93  2.20 3.41 36.91  -3.14107 0
275 24 Car 1 1 -1.7954 266.74 211.388 348.925 246.91 4.71 1.73 2.00  -18.98 3.52 45.60  -3.14127 0
275 23 Car 1 1 -1.83399 101.042 331.471 457.813 697.29 4.71 1.53 1.91  -3.16 3.24 8.15  -3.12302 0
275 22 Car 1 1 -4.97682 -96.6511 252.466 64.5297 320.704 4.85 1.61 1.99  -22.71 4.06 26.52  0.0618587 0
275 21 Car 1 1 -1.85167 612.632 -67.017 741.346 93.9657 4.67 1.57 1.95  -1.07 2.74 -13.61  -3.13725 0
275 16 Car 1 1 -1.80119 607.822 219.947 700.586 263.363 4.42 1.63 1.93  2.26 3.45 36.68  -3.14128 0
276 24 Car 1 1 -1.79581 253.328 212.964 339.402 249.882 4.71 1.73 2.00  -19.00 3.53 43.99  -3.14029 0
276 23 Car 1 1 -1.83398 -381.156 390.74 403.436 1224.54 4.71 1.53 1.91  -3.13 3.24 5.28  -3.12282 0
276 22 Car 1 1 -4.97727 -150.901 257.025 29.7352 331.139 4.85 1.61 1.99  -22.81 4.05 24.89  0.0620005 0
276 21 Car 1 1 -1.85523 616.917 -15.7646 721.031 107.783 4.67 1.57 1.95  -1.19 2.69 -16.48  -3.13722 0
276 16 Car 1 1 -1.80186 607.255 220.806 701.502 264.913 4.42 1.63 1.93  2.24 3.46 36.12  -3.1403 0
277 24 Car 1 1 -1.79678 238.684 214.477 329.632 253.012 4.71 1.73 2.00  -18.94 3.52 42.22  -3.13975 0
277 23 Car 1 1 -1.8341 -84412.4 -33199.4 33232.5 86751.9 4.71 1.53 1.91  -3.11 3.24 2.34  -3.12312 0
277 22 Car 1 1 -4.9769 -212.056 262.087 -8.4893 343.111 4.85 1.61 1.99  -22.89 4.05 23.30  0.061453 0
277 21 Car 1 1 -1.85933 619.66 18.7997 706.778 118.273 4.67 1.57 1.95  -1.31 2.64 -19.39  -3.13728 0
277 16 Car 1 1 -1.80254 607.678 220.854 702.079 264.879 4.42 1.63 1.93  2.26 3.46 36.08  -3.13975 0
278 24 Car 1 1 -1.79758 223.385 216.018 319.499 256.357 4.71 1.73 2.00  -18.86 3.51 40.46  -3.1396 0
278 23 Car 1 1 -1.83469 -818.351 -876.33 1645.32 1939.51 4.71 1.53 1.91  -3.08 3.22 -0.54  -3.12328 0
278 22 Car 1 1 -4.97709 -280.893 267.474 -50.2615 356.399 4.85 1.61 1.99  -22.97 4.04 21.75  0.0612212 0
278 16 Car 1 1 -1.80296 607.788 219.447 699.468 261.961 4.42 1.63 1.93  2.26 3.45 37.15  -3.13959 0
279 24 Car 1 1 -1.79684 206.835 217.826 308.237 260.206 4.71 1.73 2.00  -18.81 3.51 38.78  -3.14026 0
279 23 Car 1 1 -1.83496 913.287 -2723.51 3166.45 -102.175 4.71 1.53 1.91  -3.03 3.22 -3.44  -3.12352 0
279 22 Car 1 1 -4.97663 -361.895 274.197 -97.6669 372.94 4.85 1.61 1.99  -23.03 4.05 20.18  0.0610189 0
279 16 Car 1 1 -1.80365 608.548 219.119 700.583 261.842 4.42 1.63 1.93  2.30 3.43 37.00  -3.14025 0
280 24 Car 1 1 -1.79487 187.436 220.325 294.798 264.948 4.71 1.73 2.00  -18.83 3.54 37.10  -3.14075 0
280 23 Car 1 1 -1.83551 811.303 -591.766 1267.25 -10.0375 4.71 1.53 1.91  -3.03 3.21 -6.36  -3.12314 0
280 22 Car 1 1 -4.97617 -463.778 282.789 -155.158 394.105 4.85 1.61 1.99  -23.11 4.07 18.56  0.061439 0
280 16 Car 1 1 -1.80303 608.825 219.347 701.251 262.313 4.42 1.63 1.93  2.31 3.43 36.84  -3.14076 0
281 26 Car 1 1 -8.3675 -39.4385 168.636 387.762 423.861 4.49 1.71 1.89  -3.94 0.91 7.62  3.13965 0
281 24 Car 1 1 -1.79269 166.381 223.214 280.477 270.358 4.71 1.73 2.00  -18.82 3.58 35.40  -3.14118 0
281 23 Car 1 1 -1.8371 761.438 -272.095 990.846 35.6971 4.71 1.53 1.91  -3.01 3.20 -9.19  -3.1224 0
281 22 Car 1 1 -4.97629 -587.314 292.674 -221.328 419.738 4.85 1.61 1.99  -23.17 4.09 16.93  0.062228 0
281 16 Car 1 1 -1.80198 609.541 219.747 702.335 262.938 4.42 1.63 1.93  2.35 3.44 36.69  -3.14121 0
282 26 Car 1 1 -8.36363 -344.592 169.834 341.956 547.869 4.49 1.71 1.89  -3.92 0.93 5.88  3.13984 0
282 24 Car 1 1 -1.79098 142.316 226.344 264.219 276.368 4.71 1.73 2.00  -18.81 3.61 33.65  -3.14141 0
282 23 Car 1 1 -1.8375 730.433 -139.15 875.458 63.3076 4.71 1.53 1.91  -3.00 3.20 -12.09  -3.12222 0
282 16 Car 1 1 -1.80068 610.294 220.401 703.661 263.921 4.42 1.63 1.93  2.39 3.46 36.47  -3.14144 0
283 26 Car 1 1 -8.36363 -1127.99 167.111 273.893 862.473 4.49 1.71 1.89  -3.92 0.93 4.23  3.13955 0
283 25 Car 1 1 -5.2309 447.688 172.83 523.063 238.975 4.78 1.55 1.96  -3.98 0.99 23.83  0.00254784 0
283 24 Car 1 1 -1.79093 116.512 228.879 246.615 281.798 4.71 1.73 2.00  -18.87 3.61 32.05  -3.14146 0
283 23 Car 1 1 -1.83699 710.885 -69.3941 815.829 80.8858 4.71 1.53 1.91  -3.00 3.20 -14.89  -3.12251 0
283 16 Car 1 1 -1.80114 610.526 220.355 704.191 264.026 4.42 1.63 1.93  2.40 3.45 36.35  -3.14149 0
284 26 Car 1 1 -8.37369 -15360.2 -63.7889 132.516 7732.55 4.49 1.71 1.89  -4.01 0.89 2.44  3.13995 0
284 25 Car 1 1 -5.23907 431.176 171.652 515.536 243.796 4.78 1.55 1.96  -4.02 0.96 22.04  0.0029508 0
284 24 Car 1 1 -8.07453 84.3229 231.662 224.857 288.141 4.71 1.73 2.00  -18.94 3.59 30.28  3.14143 0
284 23 Car 1 1 -1.84033 700.762 -21.0059 782.061 96.0604 4.71 1.53 1.91  -3.12 3.15 -17.83  -3.12213 0
284 16 Car 1 1 -8.08552 610.187 220.132 704.545 264.107 4.42 1.63 1.93  2.38 3.42 36.09  3.14139 0
285 26 Car 1 1 -8.36822 -463.426 -832.066 3205.32 603.106 4.49 1.71 1.89  -3.89 0.91 0.88  3.13988 0
285 25 Car 1 1 -5.235 404.57 172.107 506.234 257.053 4.78 1.55 1.96  -3.91 0.97 19.09  0.00287541 0
285 24 Car 1 1 -1.79182 53.9321 235.053 205.068 295.177 4.71 1.73 2.00  -18.91 3.60 28.68  -3.14081 0
285 16 Car 1 1 -1.80196 611.283 220.658 705.644 264.621 4.42 1.63 1.93  2.44 3.45 36.09  -3.14084 0
286 26 Car 1 1 -8.36474 -1524.11 -294.266 1812.41 1043.26 4.49 1.71 1.89  -3.91 0.92 -0.68  3.13956 0
286 25 Car 1 1 -5.22878 366.714 173.23 492.509 274.461 4.78 1.55 1.96  -3.89 1.00 16.42  0.002556 0
286 24 Car 1 1 -1.79186 18.2267 238.586 181.552 302.821 4.71 1.73 2.00  -18.97 3.61 27.10  -3.14055 0
286 16 Car 1 1 -1.80202 611.063 220.754 705.462 264.723 4.42 1.63 1.93  2.43 3.45 36.08  -3.14057 0
287 26 Car 1 1 -8.37008 1101.87 -53799.6 138081 1445.07 4.49 1.71 1.89  -3.90 0.90 -2.30  3.13936 0
287 25 Car 1 1 -5.23444 308.413 171.805 473.382 298.119 4.78 1.55 1.96  -3.86 0.97 13.64  0.00235039 0
287 24 Car 1 1 -1.79302 -22.2178 241.785 155.205 310.627 4.71 1.73 2.00  -19.03 3.58 25.54  -3.14047 0
287 16 Car 1 1 -1.80366 611.334 220.248 705.876 264.238 4.42 1.63 1.93  2.44 3.42 36.03  -3.14049 0
288 26 Car 1 1 -8.36672 968.72 -618.3 2608.41 190.795 4.49 1.71 1.89  -3.89 0.91 -3.96  3.13853 0
288 25 Car 1 1 -5.23557 209.075 170.956 445.722 340.341 4.78 1.55 1.96  -3.83 0.96 10.78  0.0015281 0
288 24 Car 1 1 -1.79196 -67.1536 245.948 125.636 319.859 4.71 1.73 2.00  -19.17 3.60 24.10  -3.14095 0
288 16 Car 1 1 -1.80427 611.868 219.946 706.649 264.087 4.42 1.63 1.93  2.47 3.40 35.93  -3.14095 0
289 26 Car 1 1 -8.36693 894.036 -231.992 1631.19 182.857 4.49 1.71 1.89  -3.88 0.91 -5.57  3.1382 0
289 25 Car 1 1 -5.23803 12.9905 168.686 403.346 423.028 4.78 1.55 1.96  -3.80 0.95 7.98  0.00118989 0
289 24 Car 1 1 -1.79135 -119.373 250.748 92.2634 330.758 4.71 1.73 2.00  -19.27 3.60 22.58  -3.1412 0
289 16 Car 1 1 -1.80473 612.177 219.694 706.995 263.863 4.42 1.63 1.93  2.48 3.39 35.92  -3.14119 0
290 26 Car 1 1 -8.36806 845.607 -96.4437 1293.37 180.593 4.49 1.71 1.89  -3.89 0.90 -7.20  3.13775 0
290 25 Car 1 1 -5.24157 -586.046 160.585 326.864 674.618 4.78 1.55 1.96  -3.80 0.94 5.17  0.000739854 0
290 24 Car 1 1 -1.7922 -186.298 256.723 51.6979 345.133 4.71 1.73 2.00  -19.24 3.59 20.78  -3.1408 0
290 16 Car 1 1 -1.80622 612.167 219.396 707.172 263.597 4.42 1.63 1.93  2.48 3.37 35.86  -3.14078 0
291 26 Car 1 1 -8.36721 808.794 -29.4538 1119.56 178.571 4.49 1.71 1.89  -3.86 0.90 -8.84  3.13736 0
291 25 Car 1 1 -5.24268 -133370 -82673 135493 55962.5 4.78 1.55 1.96  -3.74 0.93 2.39  0.000354765 0
291 24 Car 1 1 -1.79231 -262.028 263.721 7.421 362.153 4.71 1.73 2.00  -19.16 3.59 19.05  -3.14075 0
291 16 Car 1 1 -1.80732 612.78 219.099 707.972 263.368 4.42 1.63 1.93  2.51 3.35 35.79  -3.14072 0
292 25 Car 1 1 -5.24223 -1003.11 -320.638 1790.62 883.945 4.78 1.55 1.96  -3.72 0.93 -0.42  0.000333319 0
292 24 Car 1 1 -1.7921 -355.404 272.463 -45.8248 383.381 4.71 1.73 2.00  -19.11 3.60 17.32  -3.1405 0
292 16 Car 1 1 -1.80781 612.907 219.123 708.32 263.472 4.42 1.63 1.93  2.52 3.34 35.72  -3.14046 0
293 25 Car 1 1 -5.24514 991.794 -1455.37 4399.85 221.149 4.78 1.55 1.96  -3.71 0.92 -3.25  0.00116241 0
293 24 Car 1 1 -1.79274 -473.348 283.077 -110.606 409.903 4.71 1.73 2.00  -19.06 3.61 15.57  -3.13948 0
293 16 Car 1 1 -1.80777 612.993 219.627 708.604 263.988 4.42 1.63 1.93  2.52 3.36 35.65  -3.13946 0
294 25 Car 1 1 -5.25861 875.487 -208.55 1530.3 192.464 4.78 1.55 1.96  -3.79 0.88 -5.93  0.00308709 0
294 16 Car 1 1 -1.806 612.352 220.415 707.789 264.655 4.42 1.63 1.93  2.49 3.41 35.71  -3.13899 0
295 25 Car 1 1 -5.25379 803.798 -38.6814 1109.76 181.27 4.78 1.55 1.96  -3.74 0.90 -8.84  0.0037203 0
295 16 Car 1 1 -1.80405 612.925 222.057 708.754 266.419 4.42 1.63 1.93  2.52 3.48 35.59  -3.13715 0
