0.500000000 -0.255465 0.027600 18.889605 0.001618 -0.005213 -0.004595 0.999975
0.550000000 -0.294774 0.034656 20.711905 0.002006 -0.005665 -0.004592 0.999971
0.600000000 -0.332244 0.035849 22.641296 0.002035 -0.006318 -0.004190 0.999969
0.650000000 -0.361236 0.018424 24.499626 0.001237 -0.006792 -0.004605 0.999966
0.700000000 -0.395457 0.027085 26.398469 0.000732 -0.007174 -0.004736 0.999963
0.750000000 -0.418822 0.029518 28.326022 0.000254 -0.007448 -0.005096 0.999959
0.800000000 -0.488603 0.023826 30.211458 -0.000203 -0.007176 -0.004904 0.999962
0.850000000 -0.516574 0.017370 32.130055 -0.000357 -0.007339 -0.004975 0.999961
0.900000000 -0.576769 0.031785 33.994616 -0.000591 -0.007235 -0.004475 0.999964
0.950000000 -0.743023 0.046943 35.926159 -0.000541 -0.006157 -0.004398 0.999971
1.000000000 -0.653294 0.024301 37.792939 0.000335 -0.007329 -0.003727 0.999966
1.050000000 -0.699907 0.034737 39.682335 0.000125 -0.007232 -0.003617 0.999967
1.100000000 -0.732996 0.011632 41.558851 -0.000642 -0.007106 -0.003406 0.999969
1.150000000 -0.753353 -0.032221 43.401140 -0.001713 -0.007274 -0.003261 0.999967
1.200000000 -0.765010 -0.041465 45.233501 -0.002007 -0.007303 -0.002730 0.999968
1.250000000 -0.792768 -0.039036 47.069613 -0.002134 -0.007532 -0.002323 0.999967
1.300000000 -0.785988 -0.029021 48.918057 -0.001677 -0.008151 -0.002367 0.999963
1.350000000 -0.830410 -0.035202 50.652182 -0.001529 -0.008241 -0.002409 0.999962
1.400000000 -0.862536 -0.049242 52.428656 -0.001512 -0.008667 -0.002255 0.999959
1.450000000 -0.905560 -0.046244 54.193001 -0.001904 -0.009007 -0.002736 0.999954
1.500000000 -0.947951 -0.040099 55.963867 -0.002464 -0.009454 -0.002908 0.999948
1.550000000 -1.020595 -0.035608 57.725939 -0.002676 -0.009689 -0.003321 0.999944
1.600000000 -1.078656 -0.036605 59.454683 -0.002458 -0.010014 -0.003445 0.999941
1.650000000 -1.102172 -0.035428 61.131164 -0.001561 -0.010758 -0.003169 0.999936
1.700000000 -1.150901 -0.042024 62.790436 -0.001150 -0.011369 -0.003092 0.999930
1.750000000 -1.205441 -0.048282 64.381602 -0.001026 -0.011824 -0.003013 0.999925
1.800000000 -1.246722 -0.043820 65.961581 -0.001098 -0.012394 -0.003108 0.999918
1.850000000 -1.292951 -0.034418 67.551377 -0.001501 -0.012957 -0.003676 0.999908
1.900000000 -1.338156 -0.048474 69.090716 -0.001702 -0.013507 -0.003670 0.999901
1.950000000 -1.378754 -0.061160 70.664955 -0.001186 -0.014196 -0.003933 0.999891
2.000000000 -1.435338 -0.058738 72.239500 -0.000813 -0.014762 -0.003893 0.999883
2.050000000 -1.508668 -0.052481 73.777409 -0.000190 -0.015292 -0.003927 0.999875
2.100000000 -1.555026 -0.051607 75.317054 0.000395 -0.015964 -0.003651 0.999866
2.150000000 -1.603810 -0.053829 76.837983 0.000536 -0.016659 -0.003644 0.999854
2.200000000 -1.669083 -0.054893 78.336044 0.000540 -0.017258 -0.003676 0.999844
2.250000000 -1.737562 -0.051179 79.854843 0.000870 -0.017840 -0.003370 0.999835
2.300000000 -1.814638 -0.052249 81.388933 0.001598 -0.018445 -0.003593 0.999822
2.350000000 -1.852226 -0.060758 82.896273 0.002369 -0.019254 -0.003376 0.999806
2.400000000 -1.821447 -0.078290 84.449474 0.002482 -0.021080 -0.003089 0.999770
2.450000000 -1.995331 -0.068546 85.862498 0.001766 -0.020667 -0.003367 0.999779
2.500000000 -2.086892 -0.078256 87.313417 0.001341 -0.021062 -0.003751 0.999770
2.550000000 -2.166959 -0.087990 88.777552 0.001537 -0.021569 -0.004274 0.999757
2.600000000 -2.230667 -0.107264 90.214452 0.001604 -0.022245 -0.004367 0.999742
2.650000000 -2.292644 -0.104138 91.629297 0.001646 -0.022943 -0.004304 0.999726
2.700000000 -2.343678 -0.114805 93.041918 0.001584 -0.023734 -0.003975 0.999709
2.750000000 -2.435781 -0.120439 94.461761 0.001444 -0.024369 -0.003525 0.999696
2.800000000 -2.511910 -0.126733 95.810275 0.000813 -0.024998 -0.003018 0.999683
2.850000000 -2.589373 -0.125843 97.175468 0.000730 -0.025486 -0.002947 0.999671
2.900000000 -2.643569 -0.142299 98.517347 0.000717 -0.026220 -0.002638 0.999652
2.950000000 -2.633662 -0.124135 99.919957 0.000632 -0.027739 -0.002618 0.999612
3.000000000 -2.746159 -0.167077 101.195100 -0.000203 -0.027799 -0.002626 0.999610
3.050000000 -2.841528 -0.165524 102.486188 -0.000370 -0.028183 -0.002968 0.999598
3.100000000 -2.919226 -0.167899 103.763972 -0.000594 -0.028657 -0.003365 0.999583
3.150000000 -2.996218 -0.176297 105.018069 -0.000365 -0.029189 -0.003914 0.999566
3.200000000 -3.126437 -0.176411 106.220992 0.000599 -0.029110 -0.004591 0.999566
3.250000000 -3.164783 -0.184117 107.484278 0.000992 -0.030053 -0.004388 0.999538
3.300000000 -3.236515 -0.175995 108.726250 0.001308 -0.030675 -0.004842 0.999517
3.350000000 -3.312790 -0.172903 109.953456 0.001423 -0.031219 -0.004852 0.999500
3.400000000 -3.415022 -0.193014 111.128438 0.000982 -0.031530 -0.004903 0.999490
3.450000000 -3.506652 -0.200572 112.317239 0.001019 -0.031920 -0.004960 0.999478
3.500000000 -3.593079 -0.206059 113.486247 0.001051 -0.032403 -0.004984 0.999462
3.550000000 -3.687309 -0.208240 114.651210 0.000930 -0.032855 -0.005037 0.999447
3.600000000 -3.768654 -0.211673 115.815109 0.000991 -0.033492 -0.005324 0.999424
3.650000000 -3.857631 -0.215799 116.957719 0.001189 -0.033998 -0.005264 0.999407
3.700000000 -3.951281 -0.191393 118.116231 0.001607 -0.034461 -0.005473 0.999390
3.750000000 -4.031796 -0.212257 119.221109 0.001166 -0.035135 -0.005385 0.999367
3.800000000 -4.116526 -0.224987 120.346395 0.001085 -0.035774 -0.005429 0.999345
3.850000000 -4.209336 -0.223696 121.448004 0.001134 -0.036322 -0.005417 0.999325
3.900000000 -4.286126 -0.239105 122.558265 0.001331 -0.036971 -0.005657 0.999299
3.950000000 -4.367835 -0.239594 123.656411 0.001819 -0.037428 -0.005833 0.999281
4.000000000 -4.440959 -0.251353 124.711675 0.001990 -0.037785 -0.005975 0.999266
4.050000000 -4.549037 -0.242384 125.746271 0.001973 -0.037920 -0.006079 0.999260
4.100000000 -4.647415 -0.250092 126.839786 0.001839 -0.038263 -0.006049 0.999248
4.150000000 -4.750307 -0.252256 127.892686 0.001823 -0.038477 -0.005955 0.999240
4.200000000 -4.854808 -0.252788 128.935549 0.001837 -0.038724 -0.005998 0.999230
4.250000000 -4.921845 -0.256403 130.007543 0.001637 -0.039275 -0.006391 0.999207
4.300000000 -5.005823 -0.260599 131.023402 0.001510 -0.039499 -0.006794 0.999195
4.350000000 -5.095891 -0.252511 131.998660 0.001457 -0.039709 -0.006804 0.999187
4.400000000 -5.180941 -0.253844 133.005573 0.001647 -0.039954 -0.006863 0.999177
4.450000000 -5.271975 -0.252949 133.942700 0.001678 -0.040122 -0.006862 0.999170
4.500000000 -5.359587 -0.260245 134.981789 0.001428 -0.040476 -0.007072 0.999154
4.550000000 -5.455635 -0.259824 135.981624 0.001296 -0.040626 -0.007207 0.999148
4.600000000 -5.556739 -0.257158 136.983410 0.001483 -0.040542 -0.007347 0.999150
4.650000000 -5.640614 -0.269175 137.926615 0.001542 -0.040309 -0.007100 0.999161
4.700000000 -5.721500 -0.275155 138.872631 0.001807 -0.040142 -0.006786 0.999169
4.750000000 -5.792595 -0.272163 139.770574 0.001730 -0.039976 -0.006040 0.999181
4.800000000 -5.872167 -0.283582 140.716397 0.001557 -0.039928 -0.005571 0.999186
4.850000000 -5.942551 -0.298076 141.625672 0.001222 -0.039885 -0.004974 0.999191
4.900000000 -5.998495 -0.295456 142.481979 0.001047 -0.039890 -0.004173 0.999195
4.950000000 -6.062709 -0.308121 143.299314 0.000617 -0.039680 -0.004057 0.999204
5.000000000 -6.133222 -0.314237 144.161570 0.001130 -0.039591 -0.004279 0.999206
5.050000000 -6.189082 -0.314192 145.016656 0.001667 -0.039544 -0.003976 0.999209
5.100000000 -6.268139 -0.312134 145.905846 0.002332 -0.039261 -0.003545 0.999220
5.150000000 -6.351308 -0.316351 146.767132 0.003097 -0.039095 -0.003329 0.999225
5.200000000 -6.418678 -0.317205 147.601501 0.003646 -0.038914 -0.003665 0.999229
5.250000000 -6.486718 -0.322285 148.447949 0.003578 -0.038779 -0.003975 0.999233
5.300000000 -6.538759 -0.344910 149.271372 0.002870 -0.038713 -0.004424 0.999236
5.350000000 -6.609391 -0.347934 150.120498 0.002737 -0.038477 -0.004834 0.999244
5.400000000 -6.690025 -0.345178 150.934805 0.003200 -0.038088 -0.005262 0.999255
5.450000000 -6.752294 -0.337931 151.759180 0.003855 -0.037406 -0.005514 0.999278
5.500000000 -6.809670 -0.351704 152.575296 0.003965 -0.036733 -0.006050 0.999299
5.550000000 -6.811947 -0.363092 153.372357 0.003816 -0.036873 -0.006360 0.999292
5.600000000 -6.938917 -0.380080 154.110076 0.003471 -0.035418 -0.006684 0.999344
5.650000000 -7.007295 -0.376014 154.904372 0.003611 -0.034722 -0.006581 0.999369
5.700000000 -7.078509 -0.387370 155.655243 0.003694 -0.034054 -0.006425 0.999392
5.750000000 -7.135389 -0.397365 156.409060 0.003814 -0.033412 -0.006667 0.999412
5.800000000 -7.184186 -0.399025 157.149642 0.003985 -0.032872 -0.006554 0.999430
5.850000000 -7.228787 -0.404515 157.881128 0.003914 -0.032407 -0.006452 0.999446
5.900000000 -7.342387 -0.414793 158.737198 0.003839 -0.031605 -0.006576 0.999471
5.950000000 -7.356284 -0.414867 159.356231 0.003944 -0.032065 -0.006048 0.999460
6.000000000 -7.421822 -0.415420 160.084821 0.003871 -0.032245 -0.005745 0.999456
6.050000000 -7.466190 -0.418153 160.780399 0.003625 -0.033160 -0.005667 0.999427
6.100000000 -7.479523 -0.421106 161.562534 0.003429 -0.034864 -0.005327 0.999372
6.150000000 -7.543966 -0.448704 162.153447 0.002987 -0.035637 -0.005377 0.999346
6.200000000 -7.569378 -0.466460 162.873692 0.003120 -0.037048 -0.005152 0.999295
6.250000000 -7.353899 -0.335615 162.452396 0.004691 -0.038833 -0.005872 0.999217
6.300000000 -7.648515 -0.460453 164.447862 0.004309 -0.039073 -0.005601 0.999211
6.350000000 -7.705489 -0.455389 165.212298 0.004968 -0.039908 -0.005541 0.999176
6.400000000 -7.763312 -0.457738 165.920436 0.005517 -0.040373 -0.005233 0.999156
6.450000000 -7.825621 -0.466775 166.640214 0.005836 -0.040590 -0.005219 0.999145
6.500000000 -7.887140 -0.475209 167.362725 0.005675 -0.040892 -0.004976 0.999135
6.550000000 -7.962097 -0.484409 168.102434 0.005237 -0.041016 -0.004811 0.999133
6.600000000 -8.025957 -0.495129 168.840058 0.005371 -0.041275 -0.004906 0.999121
6.650000000 -8.084611 -0.503899 169.599938 0.005379 -0.041655 -0.004810 0.999106
6.700000000 -8.156655 -0.518102 170.342285 0.005341 -0.041727 -0.004612 0.999104
6.750000000 -8.242619 -0.528863 171.123341 0.005441 -0.041678 -0.004525 0.999106
6.800000000 -8.298295 -0.537091 171.775996 0.005344 -0.042030 -0.004417 0.999092
6.850000000 -8.374298 -0.542985 172.548936 0.005346 -0.042060 -0.004406 0.999091
6.900000000 -8.442839 -0.550364 173.314372 0.005338 -0.042372 -0.004724 0.999076
6.950000000 -8.521108 -0.558598 174.002770 0.005091 -0.042724 -0.005051 0.999061
7.000000000 -8.592192 -0.564544 174.761765 0.005150 -0.042884 -0.005053 0.999054
7.050000000 -8.666199 -0.564703 175.587231 0.005571 -0.043128 -0.004802 0.999043
7.100000000 -8.738514 -0.585123 176.305008 0.005329 -0.043473 -0.004964 0.999028
7.150000000 -8.807845 -0.589968 177.115000 0.005366 -0.043654 -0.005255 0.999018
7.200000000 -8.884224 -0.584030 177.919630 0.005348 -0.043913 -0.005519 0.999006
7.250000000 -8.958276 -0.596228 178.682289 0.004960 -0.044271 -0.005538 0.998992
7.300000000 -9.038391 -0.603387 179.479982 0.004927 -0.044536 -0.005825 0.998979
7.350000000 -9.128119 -0.603310 180.256570 0.005148 -0.044585 -0.006039 0.998974
7.400000000 -9.216875 -0.599491 181.037410 0.005627 -0.044758 -0.006097 0.998963
7.450000000 -9.288095 -0.602834 181.839286 0.005781 -0.045202 -0.006182 0.998942
7.500000000 -9.362899 -0.610101 182.625911 0.005825 -0.045684 -0.006318 0.998919
7.550000000 -9.438223 -0.622068 183.391984 0.005955 -0.046711 -0.006692 0.998868
7.600000000 -9.535120 -0.631686 184.193836 0.006141 -0.047738 -0.006564 0.998819
7.650000000 -9.616213 -0.641648 184.998078 0.006405 -0.048823 -0.006918 0.998763
7.700000000 -9.710105 -0.642956 185.759111 0.006608 -0.050048 -0.007388 0.998698
7.750000000 -9.800070 -0.643783 186.551746 0.006763 -0.051235 -0.007433 0.998636
7.800000000 -9.878322 -0.647969 187.417177 0.006847 -0.052545 -0.007458 0.998567
7.850000000 -9.977588 -0.647375 188.222827 0.006732 -0.053716 -0.007147 0.998508
7.900000000 -10.058449 -0.653398 189.019392 0.006667 -0.054851 -0.007345 0.998445
7.950000000 -10.157874 -0.658618 189.858802 0.006807 -0.055973 -0.007330 0.998382
8.000000000 -10.261969 -0.667475 190.709419 0.006953 -0.056872 -0.007175 0.998332
8.050000000 -10.375311 -0.682497 191.583156 0.007136 -0.057645 -0.007184 0.998286
8.100000000 -10.466390 -0.695097 192.353266 0.007398 -0.058451 -0.007132 0.998237
8.150000000 -10.583180 -0.700117 193.234266 0.007817 -0.059028 -0.007042 0.998201
8.200000000 -10.695171 -0.708880 194.110142 0.008143 -0.059708 -0.006902 0.998159
8.250000000 -10.790383 -0.714256 194.918314 0.008527 -0.060365 -0.007109 0.998115
8.300000000 -10.905106 -0.730967 195.795781 0.008631 -0.061025 -0.007276 0.998072
8.350000000 -11.011806 -0.746403 196.677743 0.008528 -0.062095 -0.006671 0.998012
8.400000000 -11.140368 -0.752770 197.605072 0.008770 -0.062772 -0.007214 0.997963
8.450000000 -11.279747 -0.740029 198.627268 0.009372 -0.063290 -0.006726 0.997929
8.500000000 -11.411694 -0.750887 199.552912 0.009267 -0.063902 -0.007470 0.997885
8.550000000 -11.538011 -0.763787 200.498117 0.008834 -0.064800 -0.008311 0.997825
8.600000000 -11.684058 -0.777594 201.424010 0.008378 -0.065750 -0.008428 0.997765
8.650000000 -11.805464 -0.801185 202.411305 0.008106 -0.066889 -0.008268 0.997693
8.700000000 -11.960158 -0.818938 203.423698 0.008179 -0.067579 -0.008635 0.997643
8.750000000 -12.108213 -0.837477 204.420011 0.008133 -0.068341 -0.008626 0.997592
8.800000000 -12.256514 -0.832986 205.428161 0.008385 -0.069007 -0.008518 0.997545
8.850000000 -12.413453 -0.844132 206.501323 0.008782 -0.069447 -0.008419 0.997511
8.900000000 -13.196876 -1.022174 207.982617 0.006709 -0.063328 -0.009123 0.997929
8.950000000 -12.760067 -0.882324 208.721928 0.008066 -0.069955 -0.008515 0.997481
9.000000000 -12.929201 -0.875078 209.826562 0.006980 -0.070371 -0.008965 0.997456
9.050000000 -13.078417 -0.877705 210.891773 0.006512 -0.070934 -0.008928 0.997420
9.100000000 -13.265006 -0.880612 211.978946 0.006570 -0.071427 -0.009325 0.997381
9.150000000 -13.411920 -0.895270 213.057460 0.007094 -0.072042 -0.008795 0.997338
9.200000000 -13.600849 -0.886183 214.183180 0.007307 -0.072442 -0.008431 0.997310
9.250000000 -13.777000 -0.899644 215.302444 0.006679 -0.072751 -0.008371 0.997293
9.300000000 -13.943220 -0.904215 216.445086 0.006606 -0.073382 -0.008145 0.997249
9.350000000 -14.110063 -0.915432 217.605109 0.006776 -0.073928 -0.007533 0.997212
9.400000000 -14.284384 -0.922131 218.763813 0.007066 -0.074470 -0.007430 0.997171
9.450000000 -14.465371 -0.917256 219.967397 0.007355 -0.075025 -0.006989 0.997130
9.500000000 -14.649221 -0.931588 221.140408 0.008238 -0.075491 -0.006190 0.997093
9.550000000 -14.825910 -0.937320 222.306515 0.008858 -0.075866 -0.005860 0.997061
9.600000000 -15.036576 -0.950101 223.469673 0.008670 -0.076095 -0.005712 0.997046
9.650000000 -15.174210 -0.955862 224.682848 0.008286 -0.076920 -0.005366 0.996988
9.700000000 -15.372167 -0.963147 225.874433 0.008790 -0.077252 -0.006061 0.996954
9.750000000 -15.564639 -0.968321 227.069056 0.009054 -0.077602 -0.006962 0.996919
9.800000000 -15.764321 -0.986768 228.303486 0.008564 -0.077914 -0.008258 0.996889
9.850000000 -15.974145 -0.989952 229.511186 0.008349 -0.077896 -0.009158 0.996884
9.900000000 -16.191810 -1.015210 230.760563 0.008166 -0.077959 -0.009979 0.996873
9.950000000 -16.380363 -1.046098 232.069924 0.008540 -0.078247 -0.010015 0.996847
10.000000000 -16.611992 -1.026585 233.280210 0.009256 -0.078016 -0.010543 0.996853
10.050000000 -16.818176 -1.036291 234.581824 0.008988 -0.078165 -0.010276 0.996847
10.100000000 -17.029940 -1.058074 235.931425 0.007944 -0.078312 -0.009718 0.996850
10.150000000 -17.233663 -1.069066 237.288361 0.007424 -0.078482 -0.009265 0.996845
10.200000000 -17.453244 -1.077118 238.599697 0.007319 -0.078683 -0.008401 0.996837
10.250000000 -17.646529 -1.092600 239.899885 0.007381 -0.078944 -0.007048 0.996827
10.300000000 -17.850860 -1.110708 241.241788 0.006243 -0.079344 -0.006597 0.996806
10.350000000 -18.067147 -1.114446 242.563352 0.005155 -0.079578 -0.006151 0.996796
10.400000000 -18.252838 -1.110854 243.892896 0.006158 -0.080168 -0.006496 0.996741
10.450000000 -18.509093 -1.129393 245.184941 0.007939 -0.080060 -0.006751 0.996736
10.500000000 -18.718120 -1.150908 246.464493 0.009001 -0.080431 -0.007832 0.996689
10.550000000 -18.957457 -1.172075 247.873926 0.008891 -0.080573 -0.008266 0.996675
10.600000000 -19.185806 -1.177680 249.205690 0.008028 -0.080784 -0.009167 0.996657
10.650000000 -19.411760 -1.188312 250.559117 0.007230 -0.081065 -0.009795 0.996634
10.700000000 -19.631104 -1.208011 251.872606 0.006926 -0.081368 -0.009479 0.996615
10.750000000 -19.889611 -1.230028 253.217892 0.006954 -0.081208 -0.010184 0.996621
10.800000000 -20.128465 -1.218846 254.528091 0.007496 -0.081457 -0.010429 0.996594
10.850000000 -20.367807 -1.229380 255.949850 0.007738 -0.081611 -0.010462 0.996579
10.900000000 -20.596376 -1.241827 257.341119 0.008331 -0.081919 -0.010282 0.996551
10.950000000 -20.832041 -1.254516 258.704156 0.009426 -0.082038 -0.010159 0.996533
11.000000000 -21.079885 -1.272270 260.105433 0.010172 -0.082046 -0.009587 0.996531
11.050000000 -21.301523 -1.301250 261.520676 0.009870 -0.082360 -0.009059 0.996513
11.100000000 -21.543421 -1.306139 262.871049 0.009468 -0.082456 -0.008604 0.996513
11.150000000 -21.802567 -1.316204 264.287949 0.008739 -0.082475 -0.008490 0.996519
11.200000000 -22.035248 -1.347284 265.703723 0.008303 -0.082678 -0.008102 0.996509
11.250000000 -22.275148 -1.373155 267.127814 0.007638 -0.083014 -0.008200 0.996485
11.300000000 -22.516751 -1.387019 268.556381 0.007000 -0.083221 -0.008223 0.996473
11.350000000 -22.752689 -1.394658 269.986819 0.006630 -0.083288 -0.008389 0.996468
11.400000000 -22.995499 -1.406648 271.423176 0.007057 -0.082873 -0.008780 0.996496
11.450000000 -23.245608 -1.405978 272.858437 0.007729 -0.082331 -0.009353 0.996531
11.500000000 -23.495033 -1.410839 274.296653 0.007370 -0.081766 -0.009541 0.996579
11.550000000 -23.717472 -1.419406 275.779413 0.007546 -0.081725 -0.010141 0.996575
11.600000000 -24.004973 -1.416641 277.225304 0.008580 -0.080692 -0.009904 0.996653
11.650000000 -24.241982 -1.429499 278.690040 0.008824 -0.080305 -0.009847 0.996683
11.700000000 -24.502488 -1.454603 280.149837 0.007255 -0.079627 -0.010022 0.996748
11.750000000 -24.728278 -1.463668 281.605592 0.006867 -0.079026 -0.010132 0.996797
11.800000000 -24.986826 -1.469569 283.157230 0.007109 -0.078709 -0.009593 0.996826
11.850000000 -25.160179 -1.502737 284.753838 0.007399 -0.079479 -0.009618 0.996763
11.900000000 -25.465789 -1.521517 286.235379 0.006869 -0.078479 -0.009315 0.996849
11.950000000 -25.714869 -1.516322 287.739611 0.006787 -0.078493 -0.009153 0.996850
12.000000000 -25.988367 -1.520237 289.313570 0.007077 -0.078540 -0.008730 0.996848
12.050000000 -26.239396 -1.524235 290.824941 0.007363 -0.078531 -0.008533 0.996848
12.100000000 -26.474990 -1.545237 292.332634 0.007354 -0.078554 -0.008556 0.996846
12.150000000 -26.737993 -1.530529 293.913541 0.007601 -0.078668 -0.008049 0.996839
12.200000000 -27.016161 -1.527559 295.475833 0.007409 -0.078611 -0.007871 0.996847
12.250000000 -27.273733 -1.545573 297.072182 0.007350 -0.078642 -0.007905 0.996844
12.300000000 -27.547462 -1.551639 298.658795 0.006842 -0.078589 -0.008023 0.996851
12.350000000 -27.794445 -1.572644 300.218594 0.007087 -0.078636 -0.008321 0.996843
12.400000000 -28.055527 -1.596841 301.794719 0.008122 -0.078498 -0.007994 0.996849
12.450000000 -28.306523 -1.637565 303.393850 0.008680 -0.078582 -0.007696 0.996840
12.500000000 -28.551520 -1.665546 304.964480 0.008176 -0.078704 -0.006925 0.996840
12.550000000 -28.826892 -1.668769 306.574483 0.007465 -0.078714 -0.006247 0.996850
12.600000000 -29.105227 -1.665520 308.190252 0.007273 -0.078727 -0.005793 0.996853
12.650000000 -29.333325 -1.683513 309.731447 0.006873 -0.078959 -0.005264 0.996840
12.700000000 -29.584717 -1.712438 311.190215 0.006475 -0.079412 -0.005717 0.996804
12.750000000 -29.842741 -1.704379 312.868628 0.006618 -0.079748 -0.005654 0.996777
12.800000000 -30.083354 -1.714123 314.481072 0.007279 -0.080116 -0.004598 0.996748
12.850000000 -30.378090 -1.733457 316.317469 0.006780 -0.080331 -0.003246 0.996740
12.900000000 -30.669177 -1.736704 317.953427 0.004126 -0.080677 -0.002123 0.996730
12.950000000 -30.923174 -1.764882 319.609477 0.002825 -0.081224 -0.002382 0.996689
13.000000000 -31.176002 -1.781941 321.167750 0.004907 -0.081491 -0.003766 0.996655
13.050000000 -31.463368 -1.784194 322.748980 0.006378 -0.081603 -0.005877 0.996627
13.100000000 -31.732304 -1.795736 324.405589 0.005442 -0.081843 -0.007481 0.996602
13.150000000 -32.008342 -1.815015 325.993224 0.004253 -0.082066 -0.007937 0.996586
13.200000000 -32.087771 -1.750665 327.797898 0.003917 -0.083201 -0.007987 0.996493
13.250000000 -32.513362 -1.815202 329.318576 0.003867 -0.082008 -0.008580 0.996587
13.300000000 -32.786067 -1.804529 330.919048 0.004386 -0.081767 -0.009083 0.996600
13.350000000 -33.054802 -1.816701 332.540137 0.004703 -0.081670 -0.009020 0.996608
13.400000000 -33.332999 -1.819713 334.152407 0.004946 -0.081762 -0.008587 0.996603
13.450000000 -33.597154 -1.839119 335.715631 0.004576 -0.082202 -0.008256 0.996571
13.500000000 -33.875188 -1.838952 337.302781 0.004398 -0.082782 -0.007789 0.996528
13.550000000 -34.162786 -1.856502 338.976223 0.004598 -0.083428 -0.007678 0.996474
13.600000000 -34.451539 -1.865030 340.617644 0.004674 -0.084077 -0.008057 0.996416
13.650000000 -34.730396 -1.882129 342.224737 0.004784 -0.084613 -0.007885 0.996371
13.700000000 -35.014384 -1.907350 343.866390 0.004837 -0.084980 -0.008285 0.996336
13.750000000 -35.306844 -1.913558 345.504784 0.005040 -0.085306 -0.008084 0.996309
13.800000000 -35.579265 -1.939846 347.110020 0.005143 -0.085489 -0.008575 0.996289
13.850000000 -35.867142 -1.954714 348.739404 0.005064 -0.085635 -0.008910 0.996274
13.900000000 -36.142473 -1.961195 350.308170 0.005027 -0.085823 -0.009010 0.996257
13.950000000 -36.446864 -1.967894 351.893543 0.004904 -0.085951 -0.008705 0.996249
14.000000000 -36.732175 -1.977629 353.542696 0.005089 -0.086160 -0.008357 0.996233
14.050000000 -37.035773 -1.979534 355.183861 0.005456 -0.086431 -0.007967 0.996211
14.100000000 -37.349195 -2.010262 356.895927 0.005543 -0.086800 -0.007806 0.996180
14.150000000 -37.635056 -2.026460 358.521674 0.005397 -0.086997 -0.007840 0.996163
14.200000000 -37.854772 -2.002431 360.306207 0.005576 -0.088064 -0.007604 0.996070
14.250000000 -38.239739 -2.041868 361.816798 0.005576 -0.087310 -0.008118 0.996133
14.300000000 -38.494012 -2.071607 363.357495 0.005427 -0.087466 -0.008322 0.996118
14.350000000 -38.784610 -2.063934 364.951411 0.005329 -0.087577 -0.008410 0.996108
14.400000000 -39.091470 -2.085133 366.589656 0.004910 -0.087757 -0.008331 0.996095
14.450000000 -39.385525 -2.093564 368.169789 0.004736 -0.087851 -0.008270 0.996088
14.500000000 -39.666875 -2.099180 369.784985 0.004528 -0.088062 -0.008577 0.996068
14.550000000 -39.985584 -2.110023 371.390544 0.004341 -0.088074 -0.008681 0.996067
14.600000000 -40.278563 -2.127130 373.001702 0.004338 -0.088185 -0.008823 0.996056
14.650000000 -40.572350 -2.139094 374.625946 0.004775 -0.088305 -0.009189 0.996040
14.700000000 -40.764248 -2.123171 376.121284 0.005726 -0.088858 -0.009061 0.995987
14.750000000 -41.115636 -2.177681 377.841894 0.006096 -0.088732 -0.009900 0.995988
