42 3 Car 1 1 -4.99587 918.925 279.088 1169.81 493.969 4.14 1.47 1.76  5.77 2.70 10.19  9.62818e-05 0
43 3 Car 1 1 -4.99584 918.924 279.047 1169.79 493.91 4.14 1.47 1.76  5.77 2.70 10.19  3.32282e-05 0
44 3 Car 1 1 -4.99624 897.185 272.001 1114.07 463.134 4.14 1.47 1.77  5.73 2.69 11.03  3.21002e-05 0
45 3 Car 1 1 -4.99631 879.01 266.156 1069.58 438.552 4.14 1.47 1.77  5.71 2.69 11.85  3.72125e-05 0
46 4 Car 1 1 -5.231 988.128 173.23 1339.42 335.871 4.38 1.64 1.86  7.50 0.93 10.46  0.000240448 0
46 3 Car 1 1 -4.99574 862.862 260.872 1030.85 416.645 4.14 1.47 1.77  5.71 2.70 12.74  -2.41612e-05 0
47 4 Car 1 1 -5.11851 978.722 190.951 1294.33 361.294 4.38 1.64 1.86  7.72 1.35 11.22  -0.0260872 0
47 3 Car 1 1 -4.9916 847.322 256.543 996.642 396.345 4.14 1.47 1.77  5.77 2.74 13.83  -0.00112707 0
48 4 Car 1 1 -5.11945 954.922 189.6 1232.97 344.623 4.38 1.64 1.86  7.69 1.34 12.08  -0.0260701 0
48 3 Car 1 1 -4.99064 833.95 252.387 967.524 380.263 4.14 1.47 1.77  5.77 2.75 14.78  -0.00111433 0
49 4 Car 1 1 -4.98228 921.532 247.231 1114.26 369.374 4.38 1.64 1.86  8.71 2.80 15.89  -5.02865e-05 0
49 3 Car 1 1 -4.98248 823.558 250.184 933.675 362.702 4.14 1.47 1.77  5.96 2.88 16.44  -3.99418e-05 0
50 4 Car 1 1 -4.9822 905.444 243.496 1081.12 356.736 4.38 1.64 1.86  8.69 2.79 16.83  -0.000246644 0
50 3 Car 1 1 -4.98187 812.567 246.619 912.281 350.599 4.14 1.47 1.77  5.97 2.89 17.45  0.000182569 0
51 4 Car 1 1 -4.97899 890.761 239.966 1051.36 345.877 4.38 1.64 1.86  8.67 2.80 17.79  -0.00315681 0
51 3 Car 1 1 -4.98281 802.181 243.131 893.208 339.477 4.14 1.47 1.77  5.99 2.90 18.55  0.00209588 0
52 4 Car 1 1 -4.98076 872.863 238.151 1025.73 341.643 4.38 1.64 1.86  8.28 2.77 18.08  -0.00313909 0
52 3 Car 1 1 -4.98257 792.602 239.813 875.712 329.455 4.14 1.47 1.77  5.98 2.90 19.61  0.0021147 0
53 4 Car 1 1 -4.98021 860.796 234.279 998.54 328.546 4.38 1.64 1.86  8.42 2.78 19.45  -0.00313566 0
53 3 Car 1 1 -4.9822 783.624 236.862 859.874 320.664 4.14 1.47 1.77  5.97 2.91 20.68  0.00211558 0
54 4 Car 1 1 -4.98038 849.561 231.526 977.289 320.079 4.38 1.64 1.86  8.41 2.78 20.42  -0.00319453 0
54 3 Car 1 1 -4.98228 775.256 234.065 845.694 312.894 4.14 1.47 1.77  5.94 2.91 21.69  0.00205951 0
55 4 Car 1 1 -4.98014 839.492 229.137 958.216 312.431 4.38 1.64 1.86  8.42 2.78 21.44  -0.0031097 0
55 3 Car 1 1 -4.98184 767.213 231.309 831.852 304.934 4.14 1.47 1.77  5.94 2.92 22.91  0.00213506 0
56 4 Car 1 1 -4.97903 830.258 227.028 940.519 305.29 4.38 1.64 1.86  8.46 2.80 22.56  -0.00315963 0
56 3 Car 1 1 -4.98191 759.825 228.88 819.853 298.437 4.14 1.47 1.77  5.90 2.91 23.98  0.00209099 0
57 4 Car 1 1 -4.97883 821.195 224.924 924.282 298.939 4.38 1.64 1.86  8.46 2.80 23.60  -0.00315165 0
57 3 Car 1 1 -4.98184 752.749 226.381 808.249 291.751 4.14 1.47 1.77  5.89 2.91 25.21  0.00209556 0
58 4 Car 1 1 -4.97873 812.808 222.753 909.079 292.588 4.38 1.64 1.86  8.48 2.80 24.75  -0.00316053 0
58 3 Car 1 1 -4.98207 746.121 224.039 797.691 285.748 4.14 1.47 1.77  5.87 2.91 26.41  0.00208496 0
59 4 Car 1 1 -4.97938 804.741 220.523 895.019 286.657 4.38 1.64 1.86  8.48 2.79 25.86  -0.00320191 0
59 3 Car 1 1 -4.98227 739.892 221.877 787.968 280.303 4.14 1.47 1.77  5.84 2.91 27.62  0.00205028 0
60 4 Car 1 1 -4.97952 796.97 218.72 882.034 281.712 4.38 1.64 1.86  8.45 2.79 26.92  -0.00325864 0
60 3 Car 1 1 -4.98183 733.938 220.084 778.848 275.516 4.14 1.47 1.77  5.80 2.91 28.85  0.00205868 0
61 4 Car 1 1 -4.97904 789.883 216.897 869.53 276.44 4.38 1.64 1.86  8.49 2.79 28.22  -0.00332051 0
61 3 Car 1 1 -4.98159 728.331 218.286 770.347 270.939 4.14 1.47 1.77  5.77 2.92 30.12  0.00200721 0
62 5 Car 1 1 -5.23821 913.051 175.422 1127.7 305.86 4.27 1.54 1.81  6.66 0.95 12.28  0.000198503 0
62 4 Car 1 1 -4.97933 782.694 215.296 858.017 272.189 4.38 1.64 1.86  8.45 2.79 29.30  -0.00330405 0
62 3 Car 1 1 -4.98204 723.05 216.508 762.545 266.707 4.14 1.47 1.77  5.73 2.91 31.33  0.00203112 0
63 5 Car 1 1 -5.23815 913.065 175.438 1127.72 305.879 4.27 1.54 1.81  6.66 0.96 12.28  0.000215826 0
63 4 Car 1 1 -4.9796 775.902 213.683 847.041 267.939 4.38 1.64 1.86  8.42 2.79 30.48  -0.00328587 0
63 3 Car 1 1 -4.98235 718.057 214.796 755.167 262.616 4.14 1.47 1.77  5.69 2.91 32.63  0.00204806 0
64 5 Car 1 1 -5.24011 896.276 174.925 1089.05 295.999 4.27 1.54 1.81  6.63 0.95 13.04  0.00015244 0
64 4 Car 1 1 -4.97965 769.552 212.055 836.585 263.641 4.38 1.64 1.86  8.43 2.79 31.81  -0.00334656 0
64 3 Car 1 1 -4.98222 713.226 213.109 747.979 258.498 4.14 1.47 1.77  5.67 2.91 34.11  0.001989 0
65 5 Car 1 1 -5.23997 880.698 174.855 1054.09 287.395 4.27 1.54 1.81  6.61 0.95 13.86  0.000186436 0
65 4 Car 1 1 -4.98022 763.172 210.705 826.994 260.313 4.38 1.64 1.86  8.36 2.78 32.87  -0.0033467 0
65 3 Car 1 1 -4.98101 708.424 211.63 740.8 254.516 4.14 1.47 1.77  5.66 2.93 35.82  0.00201581 0
66 5 Car 1 1 -5.23754 866.432 175.137 1022.8 279.983 4.27 1.54 1.81  6.60 0.96 14.73  9.73358e-05 0
66 4 Car 1 1 -4.97859 757.694 209.351 817.391 256.138 4.38 1.64 1.86  8.44 2.80 34.60  -0.00344317 0
66 3 Car 1 1 -4.98117 703.916 210.287 734.855 251.433 4.14 1.47 1.77  5.61 2.92 37.11  0.00192971 0
67 5 Car 1 1 -5.23323 852.848 175.722 993.279 273.018 4.27 1.54 1.81  6.62 0.97 15.72  0.000149135 0
67 4 Car 1 1 -4.97909 752.028 208.027 808.773 252.888 4.38 1.64 1.86  8.40 2.79 35.85  -0.00338522 0
68 5 Car 1 1 -5.22584 840.482 176.743 968.46 268.215 4.27 1.54 1.81  6.60 1.00 16.63  0.000156331 0
69 5 Car 1 1 -5.19191 829.194 179.348 946.753 268.259 4.27 1.54 1.81  6.59 1.11 17.53  -0.0104672 0
70 5 Car 1 1 -5.19007 818.463 179.351 926.031 262.849 4.27 1.54 1.81  6.58 1.11 18.52  -0.0103602 0
71 5 Car 1 1 -5.19044 808.467 179.021 908.09 258.258 4.27 1.54 1.81  6.53 1.11 19.38  -0.0104128 0
72 5 Car 1 1 -5.185 798.296 179.441 888.1 252.86 4.27 1.54 1.81  6.59 1.14 20.77  -0.0103923 0
73 5 Car 1 1 -5.18313 789.587 179.428 872.616 248.869 4.27 1.54 1.81  6.58 1.15 21.83  -0.0103135 0
74 5 Car 1 1 -5.18003 781.48 179.693 858.624 245.485 4.27 1.54 1.81  6.57 1.16 22.90  -0.00969615 0
75 5 Car 1 1 -5.18241 774.226 179.159 846.905 242.284 4.27 1.54 1.81  6.50 1.15 23.74  -0.00966942 0
76 8 Car 1 1 -5.26659 860.584 164.441 1362.84 512.547 4.26 1.52 1.80  3.35 0.85 5.92  0.000229621 0
76 5 Car 1 1 -5.17885 766.559 179.323 833.759 238.998 4.27 1.54 1.81  6.50 1.17 25.00  -0.0096505 0
77 8 Car 1 1 -5.26657 860.647 164.467 1363.04 512.652 4.26 1.52 1.80  3.36 0.85 5.92  0.000288134 0
77 6 Car 1 1 -5.28054 758.147 170.147 817.679 214.523 4.35 1.54 1.82  7.76 0.80 31.74  -8.44067e-06 0
77 5 Car 1 1 -5.17992 760.752 179.081 825.404 237.411 4.27 1.54 1.81  6.39 1.17 25.51  -0.00959163 0
78 8 Car 1 1 -5.26507 835.353 166.901 1218.64 449.314 4.26 1.52 1.80  3.34 0.86 6.79  0.000274382 0
78 6 Car 1 1 -5.28255 751.497 170.116 807.24 212.361 4.35 1.54 1.82  7.74 0.79 33.23  -2.18882e-05 0
78 5 Car 1 1 -5.17884 754.055 178.919 814.023 234.065 4.27 1.54 1.81  6.40 1.17 26.84  -0.00960533 0
79 8 Car 1 1 -5.24822 819.638 174.64 1107.21 396.458 4.26 1.52 1.80  3.52 0.92 8.07  0.000230981 0
79 6 Car 1 1 -5.28484 745.404 170.069 797.777 210.375 4.35 1.54 1.82  7.72 0.78 34.72  -5.69765e-05 0
79 5 Car 1 1 -5.17987 748.103 178.588 804.645 231.46 4.27 1.54 1.81  6.36 1.17 27.88  -0.00963065 0
80 8 Car 1 1 -5.24594 801.905 175.074 1036.8 365.286 4.26 1.52 1.80  3.53 0.93 9.06  0.000295994 0
80 6 Car 1 1 -5.28449 739.907 170.234 788.985 208.545 4.35 1.54 1.82  7.74 0.78 36.42  1.71314e-05 0
80 5 Car 1 1 -5.17608 741.978 178.7 794.013 228.28 4.27 1.54 1.81  6.42 1.18 29.59  -0.0095607 0
81 8 Car 1 1 -5.24332 786.218 175.467 981.927 341.266 4.26 1.52 1.80  3.54 0.94 10.08  0.000244316 0
81 6 Car 1 1 -5.28645 734.33 170.182 781.104 207.229 4.35 1.54 1.82  7.65 0.78 37.59  -4.5379e-05 0
81 5 Car 1 1 -5.17572 736.433 178.505 785.298 225.851 4.27 1.54 1.81  6.40 1.19 30.87  -0.00961452 0
82 8 Car 1 1 -5.24261 772.574 175.429 939.473 322.513 4.26 1.52 1.80  3.53 0.94 11.08  0.000270249 0
82 6 Car 1 1 -5.28602 729.24 170.329 773.374 205.759 4.35 1.54 1.82  7.63 0.78 39.20  -1.76831e-06 0
82 5 Car 1 1 -5.17464 731.253 178.377 776.944 223.349 4.27 1.54 1.81  6.41 1.19 32.36  -0.00954622 0
83 8 Car 1 1 -5.24035 760.692 175.671 903.707 306.405 4.26 1.52 1.80  3.55 0.95 12.20  0.000258552 0
83 6 Car 1 1 -5.28598 724.518 170.437 766.276 204.387 4.35 1.54 1.82  7.62 0.78 40.82  -1.92393e-06 0
83 5 Car 1 1 -5.16974 725.85 178.533 767.76 220.511 4.27 1.54 1.81  6.50 1.22 34.53  -0.0094805 0
84 8 Car 1 1 -5.23832 750.296 175.84 874.825 293.489 4.26 1.52 1.80  3.56 0.96 13.32  0.000257015 0
84 6 Car 1 1 -5.28592 720.122 170.537 759.733 203.126 4.35 1.54 1.82  7.61 0.78 42.43  -2.51358e-06 0
84 5 Car 1 1 -5.16858 720.913 178.397 760.145 218.309 4.27 1.54 1.81  6.51 1.22 36.19  -0.00947251 0
85 8 Car 1 1 -5.23666 740.697 175.931 850.605 283.06 4.26 1.52 1.80  3.55 0.97 14.41  0.000250437 0
85 6 Car 1 1 -5.28599 716.046 170.623 753.705 201.953 4.35 1.54 1.82  7.59 0.78 44.05  -4.72393e-06 0
85 5 Car 1 1 -5.1692 716.807 178.167 754.168 216.663 4.27 1.54 1.81  6.47 1.22 37.41  -0.00947825 0
86 8 Car 1 1 -5.2353 731.896 175.944 829.91 274.325 4.26 1.52 1.80  3.53 0.97 15.50  0.000167775 0
86 5 Car 1 1 -5.16783 712.952 178.113 748.481 215.194 4.27 1.54 1.81  6.45 1.22 38.75  -0.00947981 0
87 8 Car 1 1 -5.21061 725.846 179.686 815.731 270.784 4.26 1.52 1.80  3.60 1.08 16.74  0.000152279 0
87 5 Car 1 1 -5.15639 709.165 180.233 743.455 215.509 4.27 1.54 1.81  6.43 1.34 40.03  0.00034463 0
88 8 Car 1 1 -5.21 718.463 179.405 799.664 263.693 4.26 1.52 1.80  3.59 1.08 17.90  0.000222138 0
88 5 Car 1 1 -5.15633 705.651 180.049 738.522 214.245 4.27 1.54 1.81  6.37 1.34 41.20  0.000414017 0
89 8 Car 1 1 -5.20868 711.775 179.196 785.212 257.236 4.26 1.52 1.80  3.58 1.09 19.15  0.000130088 0
89 5 Car 1 1 -5.1556 702.195 179.88 733.549 212.903 4.27 1.54 1.81  6.34 1.34 42.57  0.000321169 0
90 8 Car 1 1 -5.1831 707.393 182.445 775.308 255.067 4.26 1.52 1.80  3.66 1.20 20.61  -0.000456399 0
90 5 Car 1 1 -5.13477 698.874 181.373 729.323 213.698 4.27 1.54 1.81  6.31 1.45 43.85  -0.000840823 0
91 8 Car 1 1 -5.17001 702.378 182.823 764.975 251.364 4.26 1.52 1.80  3.68 1.24 21.93  -0.00518229 0
91 5 Car 1 1 -5.12628 695.651 181.874 725.023 213.172 4.27 1.54 1.81  6.27 1.50 45.21  -0.00107184 0
92 8 Car 1 1 -5.17145 697.101 182.099 754.734 246.264 4.26 1.52 1.80  3.66 1.23 23.23  -0.00521474 0
92 5 Car 1 1 -5.12727 692.588 181.501 720.663 211.708 4.27 1.54 1.81  6.24 1.49 46.72  -0.00110449 0
93 10 Car 1 1 -5.21002 860.283 182.901 1188.72 384.631 4.14 1.60 1.77  4.49 1.04 8.63  -0.000969754 0
93 8 Car 1 1 -5.17578 692.567 183.108 746.125 242.145 4.26 1.52 1.80  3.66 1.27 24.59  0.00553383 0
93 5 Car 1 1 -5.12195 689.693 181.773 716.543 210.948 4.27 1.54 1.81  6.22 1.53 48.28  -0.00071375 0
94 10 Car 1 1 -5.21056 859.404 182.829 1186.53 383.79 4.14 1.60 1.77  4.48 1.03 8.65  -0.000782416 0
94 8 Car 1 1 -5.17351 687.454 182.783 736.785 238.059 4.26 1.52 1.80  3.64 1.28 26.10  0.00517364 0
94 5 Car 1 1 -5.12134 686.104 181.487 711.646 209.534 4.27 1.54 1.81  6.16 1.53 50.11  -0.00091765 0
95 10 Car 1 1 -5.20984 840.307 182.382 1119.69 360.459 4.14 1.60 1.77  4.47 1.04 9.48  -0.000566009 0
95 8 Car 1 1 -5.17248 683.706 182.517 729.748 234.872 4.26 1.52 1.80  3.62 1.28 27.41  0.00538483 0
95 5 Car 1 1 -5.11957 684.086 181.437 708.662 208.653 4.27 1.54 1.81  6.16 1.55 51.54  -0.00068705 0
96 10 Car 1 1 -5.20295 827.429 182.864 1051.09 329.457 4.14 1.60 1.77  4.74 1.07 11.09  -0.000655597 0
96 8 Car 1 1 -5.16939 680.134 182.349 722.718 231.409 4.26 1.52 1.80  3.64 1.30 29.09  0.00527644 0
96 5 Car 1 1 -5.11739 681.981 181.381 705.673 207.816 4.27 1.54 1.81  6.15 1.56 53.00  -0.000779431 0
97 10 Car 1 1 -5.19809 812.19 183.152 1003.42 312.664 4.14 1.60 1.77  4.80 1.09 12.28  -0.000612018 0
97 8 Car 1 1 -5.1723 675.954 181.625 715.864 228.238 4.26 1.52 1.80  3.58 1.28 30.44  0.00531671 0
97 5 Car 1 1 -5.12173 679.388 180.923 702.54 206.96 4.27 1.54 1.81  6.02 1.53 53.70  -0.000735599 0
98 10 Car 1 1 -5.19717 799.004 182.71 968.846 300.899 4.14 1.60 1.77  4.79 1.10 13.25  -0.000586436 0
98 8 Car 1 1 -5.17106 672.441 181.402 709.925 225.756 4.26 1.52 1.80  3.55 1.29 31.85  0.00534647 0
98 5 Car 1 1 -5.11975 676.78 180.798 698.834 205.829 4.27 1.54 1.81  6.01 1.54 55.74  -0.00070662 0
99 10 Car 1 1 -5.19597 786.845 182.32 937.965 290.233 4.14 1.60 1.77  4.79 1.10 14.30  -0.000588505 0
99 8 Car 1 1 -5.16791 668.685 181.329 703.995 223.26 4.26 1.52 1.80  3.53 1.31 33.56  0.00534707 0
99 5 Car 1 1 -5.1269 675.118 180.228 696.997 205.17 4.27 1.54 1.81  5.89 1.50 55.84  -0.000706533 0
100 10 Car 1 1 -5.19566 776.254 181.848 912.64 281.466 4.14 1.60 1.77  4.78 1.10 15.29  -0.000559291 0
100 8 Car 1 1 -5.16568 665.065 181.215 698.735 221.196 4.26 1.52 1.80  3.48 1.32 35.07  0.0053701 0
100 5 Car 1 1 -5.12784 672.98 179.997 694.171 204.325 4.27 1.54 1.81  5.83 1.49 57.14  -0.000682312 0
101 10 Car 1 1 -5.1962 766.423 181.338 892.059 275.093 4.14 1.60 1.77  4.72 1.10 16.10  -0.000606475 0
101 8 Car 1 1 -5.16389 661.731 180.992 693.607 218.836 4.26 1.52 1.80  3.46 1.33 36.91  0.00532407 0
101 5 Car 1 1 -5.13623 672.827 179.943 695.992 206.552 4.27 1.54 1.81  5.40 1.44 52.43  -0.00072834 0
102 11 Car 1 1 -5.2464 859.747 175.757 1287.23 470.337 4.22 1.51 1.80  3.62 0.94 6.63  0.000140585 0
102 10 Car 1 1 -5.1953 757.781 180.945 871.094 267.18 4.14 1.60 1.77  4.75 1.10 17.30  -0.000696127 0
102 8 Car 1 1 -5.16574 658.619 180.458 688.979 216.46 4.26 1.52 1.80  3.43 1.32 38.63  0.00522921 0
102 5 Car 1 1 -5.14382 671.347 179.408 694.608 206.237 4.27 1.54 1.81  5.25 1.40 51.94  -0.000822246 0
103 11 Car 1 1 -5.24635 859.763 175.779 1287.27 470.389 4.22 1.51 1.80  3.62 0.94 6.63  0.000146418 0
103 10 Car 1 1 -5.19377 749.538 180.73 852.564 260.676 4.14 1.60 1.77  4.76 1.11 18.49  -0.000687942 0
103 8 Car 1 1 -5.16788 655.6 179.986 684.712 214.467 4.26 1.52 1.80  3.38 1.31 40.18  0.00523507 0
103 5 Car 1 1 -5.14415 669.092 179.225 691.55 205.335 4.27 1.54 1.81  5.19 1.40 53.28  -0.000815937 0
104 11 Car 1 1 -5.24556 834.632 175.707 1166.68 418.309 4.22 1.51 1.80  3.61 0.94 7.58  0.000121675 0
104 10 Car 1 1 -5.19229 741.929 180.547 836.419 255.24 4.14 1.60 1.77  4.75 1.12 19.63  -0.000662196 0
104 8 Car 1 1 -5.1658 652.705 179.824 680.483 212.753 4.26 1.52 1.80  3.33 1.32 41.99  0.00481587 0
104 5 Car 1 1 -5.14315 667.071 179.163 688.601 204.656 4.27 1.54 1.81  5.13 1.40 54.51  -0.000798225 0
105 11 Car 1 1 -5.24437 813.887 175.757 1080.74 381.024 4.22 1.51 1.80  3.61 0.94 8.57  0.000125683 0
105 10 Car 1 1 -5.19207 734.881 180.212 822.268 250.459 4.14 1.60 1.77  4.73 1.12 20.72  -0.00065759 0
105 8 Car 1 1 -5.16354 650.013 179.732 676.546 211.186 4.26 1.52 1.80  3.29 1.33 43.84  0.00481989 0
105 5 Car 1 1 -5.14886 665.511 178.747 686.89 204.181 4.27 1.54 1.81  5.01 1.37 54.56  -0.00079413 0
106 12 Car 1 1 -5.21324 980.131 177.076 1243.89 298.17 4.80 1.57 1.90  9.25 1.04 13.90  0.000231475 0
106 11 Car 1 1 -5.24332 796.2 175.767 1016.79 353.427 4.22 1.51 1.80  3.60 0.95 9.56  0.000141058 0
106 10 Car 1 1 -5.18942 728.317 180.167 808.328 245.572 4.14 1.60 1.77  4.75 1.13 22.10  -0.000645288 0
106 8 Car 1 1 -5.16503 647.374 179.41 673.036 209.809 4.26 1.52 1.80  3.21 1.32 45.24  0.00483522 0
106 5 Car 1 1 -5.15195 663.605 178.461 684.636 203.535 4.27 1.54 1.81  4.92 1.35 55.26  -0.000779195 0
107 12 Car 1 1 -5.21293 980.179 177.163 1243.97 298.275 4.80 1.57 1.90  9.25 1.05 13.90  0.000325067 0
107 11 Car 1 1 -5.24077 781.568 176.119 966.658 331.375 4.22 1.51 1.80  3.62 0.96 10.64  0.000246587 0
107 10 Car 1 1 -5.18939 721.403 179.954 796.957 242.794 4.14 1.60 1.77  4.64 1.13 22.90  -0.00054585 0
107 5 Car 1 1 -5.15291 661.363 178.283 681.885 202.737 4.27 1.54 1.81  4.84 1.35 56.56  -0.000674513 0
108 12 Car 1 1 -5.21561 956.825 176.44 1190.44 287.378 4.80 1.57 1.90  9.21 1.03 14.92  0.000382257 0
108 11 Car 1 1 -5.2354 768.935 176.918 923.247 311.375 4.22 1.51 1.80  3.69 0.98 11.97  0.000303582 0
108 10 Car 1 1 -5.18915 715.773 179.599 785.815 238.692 4.14 1.60 1.77  4.64 1.13 24.22  -0.000485745 0
108 5 Car 1 1 -5.15403 659.077 178.084 679.069 201.894 4.27 1.54 1.81  4.77 1.34 57.99  -0.000616009 0
109 12 Car 1 1 -5.21826 935.069 175.788 1146.72 279.705 4.80 1.57 1.90  9.06 1.02 15.74  0.000236728 0
109 11 Car 1 1 -5.23505 757.654 176.652 892.083 297.624 4.22 1.51 1.80  3.69 0.98 13.06  0.000156178 0
109 10 Car 1 1 -5.18765 710.478 179.427 775.522 235.08 4.14 1.60 1.77  4.64 1.14 25.58  -0.000632484 0
109 5 Car 1 1 -5.15896 657.052 177.666 676.662 201.002 4.27 1.54 1.81  4.68 1.32 59.07  -0.000763363 0
110 12 Car 1 1 -5.21737 916.897 175.797 1107.78 272.395 4.80 1.57 1.90  9.03 1.03 16.74  0.000314324 0
110 11 Car 1 1 -5.22664 748.132 177.74 860.764 282.396 4.22 1.51 1.80  3.83 1.02 14.80  0.000231602 0
110 10 Car 1 1 -5.18823 705.672 179.125 767.038 232.268 4.14 1.60 1.77  4.60 1.14 26.66  -0.000555741 0
110 5 Car 1 1 -5.16564 655.531 177.239 675.059 200.445 4.27 1.54 1.81  4.58 1.28 59.30  -0.000687725 0
111 12 Car 1 1 -5.21629 900.24 175.804 1072.94 265.75 4.80 1.57 1.90  9.02 1.03 17.80  0.000299971 0
111 11 Car 1 1 -5.22325 739.591 177.949 839.113 272.963 4.22 1.51 1.80  3.86 1.03 16.09  0.000219123 0
112 12 Car 1 1 -5.21495 885.219 175.85 1042.12 259.785 4.80 1.57 1.90  9.02 1.04 18.90  0.000316525 0
112 11 Car 1 1 -5.22304 731.456 177.67 820.718 265.029 4.22 1.51 1.80  3.86 1.03 17.30  0.000236463 0
113 12 Car 1 1 -5.1113 867.9 189.395 1001.9 272.107 4.80 1.57 1.90  9.05 1.51 20.56  -0.011811 0
113 11 Car 1 1 -5.13513 732.551 191.749 813.082 273.418 4.22 1.51 1.80  4.21 1.46 19.13  -0.00109519 0
114 12 Car 1 1 -5.10292 855.255 190.551 978.355 268.291 4.80 1.57 1.90  9.05 1.57 21.72  -0.0106035 0
114 11 Car 1 1 -5.1262 726.938 192.561 800.46 268.603 4.22 1.51 1.80  4.25 1.52 20.42  -0.000344117 0
115 12 Car 1 1 -5.10193 843.893 190.044 957.703 263.372 4.80 1.57 1.90  9.03 1.58 22.84  -0.0102888 0
115 11 Car 1 1 -5.12704 720.869 192.05 788.568 263.011 4.22 1.51 1.80  4.24 1.53 21.59  0.00210013 0
116 12 Car 1 1 -5.10094 833.806 189.466 938.844 258.397 4.80 1.57 1.90  9.06 1.59 24.08  -0.0100942 0
116 11 Car 1 1 -5.12603 715.057 191.164 777.458 257.707 4.22 1.51 1.80  4.23 1.53 22.85  0.00166105 0
117 12 Car 1 1 -5.10167 823.958 188.672 921.757 254.016 4.80 1.57 1.90  9.04 1.59 25.21  -0.0100489 0
117 11 Car 1 1 -5.12789 709.645 190.223 768.373 253.812 4.22 1.51 1.80  4.17 1.52 23.74  0.00170701 0
118 12 Car 1 1 -5.10193 814.981 187.997 906.426 250.155 4.80 1.57 1.90  9.02 1.58 26.33  -0.0101036 0
118 11 Car 1 1 -5.12731 704.529 189.451 758.858 249.183 4.22 1.51 1.80  4.16 1.53 25.08  0.00164417 0
119 12 Car 1 1 -4.98212 788.828 213.994 857.235 269.579 4.80 1.57 1.90  8.94 2.83 30.62  -3.76164e-05 0
119 11 Car 1 1 -4.99964 693.318 213.228 748.676 268.665 4.22 1.51 1.81  4.36 2.63 28.74  -3.48e-05 0
120 12 Car 1 1 -4.98206 782.439 212.684 847.178 265.922 4.80 1.57 1.90  8.92 2.83 31.74  2.27673e-05 0
120 11 Car 1 1 -4.99983 689.033 211.936 741.749 265.174 4.22 1.51 1.81  4.28 2.63 29.73  2.514e-05 0
121 12 Car 1 1 -4.98273 775.946 211.16 837.161 262.105 4.80 1.57 1.90  8.89 2.82 32.92  1.66485e-05 0
121 11 Car 1 1 -4.99957 685.809 210.572 735.843 261.368 4.22 1.51 1.81  4.27 2.63 30.95  1.7263e-05 0
122 11 Car 1 1 -4.9901 681.06 209.863 730.747 260.562 4.22 1.51 1.81  4.26 2.73 32.42  -0.0019125 0
123 11 Car 1 1 -4.99692 680.616 214.891 722.026 259.992 4.22 1.51 1.81  4.26 2.98 33.97  0.0225609 0
124 11 Car 1 1 -4.99595 678.168 213.581 717.574 256.699 4.22 1.51 1.81  4.26 2.99 35.32  0.0223251 0
125 11 Car 1 1 -4.99586 675.732 212.24 713.329 253.544 4.22 1.51 1.81  4.26 2.99 36.64  0.0223841 0
126 11 Car 1 1 -4.99326 673.66 211.062 709.525 250.728 4.22 1.51 1.81  4.27 3.00 38.02  0.0206053 0
127 11 Car 1 1 -4.99363 671.006 209.873 705.425 248.149 4.22 1.51 1.81  4.22 2.99 39.20  0.0205889 0
128 11 Car 1 1 -4.99317 668.393 208.875 701.494 245.95 4.22 1.51 1.81  4.16 2.99 40.31  0.0200521 0
129 11 Car 1 1 -4.9934 666.406 207.686 698.164 243.379 4.22 1.51 1.81  4.15 2.99 41.65  0.0199736 0
130 11 Car 1 1 -4.99374 664.068 206.614 694.658 241.174 4.22 1.51 1.81  4.10 2.98 42.83  0.0196803 0
131 11 Car 1 1 -4.99302 662.372 205.67 691.687 238.893 4.22 1.51 1.81  4.10 2.99 44.35  0.0196558 0
132 11 Car 1 1 -1.8319 638.886 205.066 709.524 236.164 4.22 1.51 1.81  4.11 3.01 45.87  -3.14029 0
133 11 Car 1 1 -1.82296 645.679 205.025 694.043 236.74 4.22 1.52 1.80  3.93 3.13 47.72  -3.14122 0
134 11 Car 1 1 -2.01068 662.366 200.158 731.277 240.407 4.23 1.52 1.80  6.06 3.30 50.08  -2.94354 0
135 11 Car 1 1 -4.86909 698.591 209.354 749.594 241.882 4.23 1.51 1.80  8.27 3.79 52.46  -0.0599073 0
136 11 Car 1 1 -4.86872 695.8 208.598 745.359 240.244 4.23 1.51 1.80  8.21 3.79 53.76  -0.0599488 0
137 11 Car 1 1 -4.86906 693.052 207.844 741.441 238.785 4.23 1.51 1.80  8.13 3.79 54.82  -0.0599152 0
138 11 Car 1 1 -4.86866 690.527 206.99 737.35 236.949 4.23 1.51 1.80  8.11 3.80 56.43  -0.059936 0
139 11 Car 1 1 -4.86892 687.795 206.292 733.531 235.6 4.23 1.51 1.80  8.01 3.79 57.53  -0.0599247 0
140 11 Car 1 1 -4.86905 685.179 205.662 729.878 234.347 4.23 1.51 1.80  7.91 3.79 58.63  -0.0598975 0
141 11 Car 1 1 -4.8691 682.608 205.053 726.318 233.143 4.23 1.51 1.80  7.81 3.79 59.73  -0.0599447 0
142 11 Car 1 1 -4.86925 680.193 204.46 722.952 231.976 4.23 1.51 1.80  7.71 3.78 60.84  -0.0599222 0
260 16 Car 1 1 -4.87536 354.956 207.564 435.149 263.253 12.86 3.24 2.95  -15.48 4.37 53.28  -0.00247884 0
261 16 Car 1 1 -4.87682 348.631 205.54 431.403 262.66 12.86 3.24 2.95  -15.54 4.18 52.32  -0.00618981 0
262 16 Car 1 1 -4.87717 347.555 206.802 433.71 267.285 12.86 3.24 2.95  -14.79 4.18 50.05  -0.00593856 0
263 16 Car 1 1 -4.87336 343.322 209.721 432.687 273.985 12.86 3.24 2.95  -14.39 4.32 48.18  -0.00585347 0
264 16 Car 1 1 -4.87108 336.772 211.187 429.729 278.319 12.86 3.24 2.95  -14.27 4.36 46.86  -0.00680588 0
265 16 Car 1 1 -4.87028 330.277 211.657 427.643 282.297 12.86 3.24 2.95  -14.01 4.33 45.22  -0.0086813 0
266 16 Car 1 1 -4.86775 346.153 217.123 455.241 308.37 12.86 3.24 2.95  -10.40 4.28 37.66  -0.0125163 0
267 16 Car 1 1 -4.86867 335.15 211.635 449.6 305.666 12.86 3.24 2.95  -10.55 3.95 36.80  -0.0212958 0
268 16 Car 1 1 -4.86802 323.182 207.422 443.675 305.296 12.86 3.24 2.95  -10.70 3.71 35.91  -0.0296038 0
