0.500000000 0.001748 0.000276 0.002937 0.000065 -0.000019 -0.000095 1.000000
0.550000000 0.001683 0.000312 0.003124 0.000036 -0.000020 -0.000116 1.000000
0.600000000 -0.000306 -0.000861 0.000458 0.000051 0.000008 -0.000126 1.000000
0.650000000 -0.000514 -0.000558 0.000884 0.000028 0.000013 -0.000138 1.000000
0.700000000 -0.000515 -0.000548 0.000648 0.000035 0.000010 -0.000129 1.000000
0.750000000 -0.000511 -0.000649 0.000792 0.000046 0.000014 -0.000125 1.000000
0.800000000 -0.000711 -0.000754 0.001607 0.000026 0.000014 -0.000137 1.000000
0.850000000 -0.000578 -0.000488 0.000817 0.000057 0.000016 -0.000124 1.000000
0.900000000 -0.000559 -0.000557 0.000802 0.000039 0.000017 -0.000126 1.000000
0.950000000 -0.000587 -0.000676 0.000807 0.000023 0.000015 -0.000122 1.000000
1.000000000 -0.000634 -0.000775 0.000819 0.000038 0.000019 -0.000111 1.000000
1.050000000 -0.000349 -0.000765 0.000563 0.000018 0.000013 -0.000117 1.000000
1.100000000 -0.000455 -0.000795 0.000882 0.000037 0.000016 -0.000112 1.000000
1.150000000 -0.000558 -0.000723 0.000831 0.000029 0.000018 -0.000114 1.000000
1.200000000 -0.000539 -0.000590 0.000853 0.000024 0.000022 -0.000112 1.000000
1.250000000 -0.000319 -0.000840 0.000438 0.000041 0.000017 -0.000114 1.000000
1.300000000 -0.000988 -0.000643 0.000901 0.000011 0.000032 -0.000131 1.000000
1.350000000 -0.000864 -0.000954 0.001185 0.000047 0.000025 -0.000124 1.000000
1.400000000 -0.000265 -0.000756 0.000550 0.000017 0.000014 -0.000127 1.000000
1.450000000 -0.000394 -0.000907 0.000634 0.000026 0.000017 -0.000119 1.000000
1.500000000 -0.000613 -0.000869 0.000707 0.000038 0.000020 -0.000116 1.000000
1.550000000 -0.000635 -0.000776 0.000938 0.000008 0.000017 -0.000115 1.000000
1.600000000 -0.000743 -0.000920 0.001135 0.000033 0.000025 -0.000113 1.000000
1.650000000 -0.000732 -0.000786 0.000630 0.000018 0.000027 -0.000105 1.000000
1.700000000 -0.000544 -0.000853 0.000866 0.000019 0.000013 -0.000106 1.000000
1.750000000 -0.000779 -0.000966 0.000645 0.000036 0.000025 -0.000098 1.000000
1.800000000 -0.000362 -0.001030 0.000617 -0.000003 0.000023 -0.000123 1.000000
1.850000000 -0.001064 -0.000630 0.001718 0.000032 0.000033 -0.000116 1.000000
1.900000000 -0.000779 -0.000796 0.001133 0.000020 0.000033 -0.000131 1.000000
1.950000000 -0.000856 -0.000773 0.001085 0.000012 0.000020 -0.000135 1.000000
2.000000000 -0.000823 -0.000775 0.001152 0.000032 0.000031 -0.000118 1.000000
2.050000000 -0.000813 -0.000785 0.001282 0.000004 0.000028 -0.000136 1.000000
2.100000000 -0.000934 -0.000545 0.001231 0.000051 0.000033 -0.000162 1.000000
2.150000000 -0.001009 -0.000707 0.000865 0.000021 0.000028 -0.000156 1.000000
2.200000000 -0.000931 -0.000534 0.001133 0.000029 0.000030 -0.000149 1.000000
2.250000000 -0.000954 -0.000683 0.001357 0.000048 0.000036 -0.000132 1.000000
2.300000000 -0.001059 -0.000596 0.001170 0.000015 0.000034 -0.000149 1.000000
2.350000000 -0.001213 -0.000608 0.001244 0.000038 0.000036 -0.000137 1.000000
2.400000000 -0.001232 -0.000528 0.001257 0.000046 0.000042 -0.000120 1.000000
2.450000000 -0.001066 -0.000635 0.001298 0.000024 0.000040 -0.000133 1.000000
2.500000000 -0.001127 -0.000557 0.001308 0.000042 0.000040 -0.000131 1.000000
2.550000000 -0.001224 -0.000637 0.001309 0.000024 0.000042 -0.000133 1.000000
2.600000000 -0.001250 -0.000657 0.001400 0.000033 0.000042 -0.000137 1.000000
2.650000000 -0.001238 -0.000665 0.001033 0.000037 0.000048 -0.000124 1.000000
2.700000000 -0.001126 -0.000631 0.000932 0.000008 0.000049 -0.000131 1.000000
2.750000000 -0.001183 -0.000630 0.001128 0.000050 0.000049 -0.000106 1.000000
2.800000000 -0.001279 -0.000539 0.001250 0.000025 0.000044 -0.000122 1.000000
2.850000000 -0.001261 -0.000623 0.001329 0.000029 0.000052 -0.000112 1.000000
2.900000000 -0.001188 -0.000731 0.001082 0.000024 0.000055 -0.000107 1.000000
2.950000000 -0.001451 -0.000650 0.001078 0.000004 0.000052 -0.000125 1.000000
3.000000000 -0.001239 -0.000769 0.001144 0.000043 0.000054 -0.000091 1.000000
3.050000000 -0.001208 -0.000706 0.001012 0.000019 0.000046 -0.000106 1.000000
3.100000000 -0.001515 -0.000606 0.001166 0.000028 0.000057 -0.000128 1.000000
3.150000000 -0.001595 -0.000711 0.001138 0.000037 0.000051 -0.000125 1.000000
3.200000000 -0.001620 -0.000740 0.000688 0.000018 0.000062 -0.000113 1.000000
3.250000000 -0.001521 -0.000582 0.001103 0.000050 0.000055 -0.000112 1.000000
3.300000000 -0.001491 -0.000760 0.001211 0.000003 0.000056 -0.000141 1.000000
3.350000000 -0.001322 -0.000712 0.001197 0.000033 0.000053 -0.000101 1.000000
3.400000000 -0.001463 -0.000696 0.001282 0.000040 0.000049 -0.000099 1.000000
3.450000000 -0.001221 -0.000491 0.001522 -0.000010 0.000051 -0.000084 1.000000
3.500000000 -0.001303 -0.000477 0.000999 0.000047 0.000053 -0.000051 1.000000
3.550000000 -0.001037 -0.000176 0.001790 0.000020 0.000030 -0.000053 1.000000
3.600000000 -0.001216 -0.000291 0.002030 0.000019 0.000041 -0.000059 1.000000
3.650000000 -0.001257 -0.000652 0.002025 0.000028 0.000036 -0.000060 1.000000
3.700000000 -0.001210 -0.000342 0.001706 0.000011 0.000044 -0.000095 1.000000
3.750000000 -0.001527 -0.000427 0.002088 0.000029 0.000034 -0.000039 1.000000
3.800000000 -0.001443 -0.000294 0.001507 0.000029 0.000059 -0.000147 1.000000
3.850000000 -0.001512 -0.000259 0.002079 0.000059 0.000038 -0.000141 1.000000
3.900000000 -0.001624 -0.000365 0.001799 0.000052 0.000051 -0.000140 1.000000
3.950000000 -0.001575 -0.000115 0.002220 0.000032 0.000052 -0.000138 1.000000
4.000000000 -0.001237 -0.000120 0.001824 0.000069 0.000035 -0.000103 1.000000
4.050000000 -0.001361 -0.000183 0.001929 0.000038 0.000033 -0.000151 1.000000
4.100000000 -0.001233 -0.000030 0.001945 0.000059 0.000030 -0.000146 1.000000
4.150000000 -0.001527 -0.000135 0.002434 0.000059 0.000042 -0.000147 1.000000
4.200000000 -0.001538 0.000038 0.001524 0.000059 0.000056 -0.000172 1.000000
4.250000000 -0.001542 -0.000115 0.001145 0.000058 0.000064 -0.000152 1.000000
4.300000000 -0.001765 -0.000063 0.001311 0.000049 0.000069 -0.000166 1.000000
4.350000000 -0.001982 -0.000221 0.001224 0.000058 0.000076 -0.000170 1.000000
4.400000000 -0.002163 0.000194 0.001206 0.000092 0.000086 -0.000187 1.000000
4.450000000 -0.001939 -0.000075 0.000964 0.000046 0.000080 -0.000186 1.000000
4.500000000 -0.001877 -0.000153 0.001163 0.000076 0.000086 -0.000168 1.000000
4.550000000 -0.001943 -0.000170 0.001354 0.000058 0.000085 -0.000172 1.000000
4.600000000 -0.002147 -0.000257 0.001177 0.000041 0.000084 -0.000178 1.000000
4.650000000 -0.001971 -0.000285 0.001165 0.000069 0.000089 -0.000155 1.000000
4.700000000 -0.000689 -0.000455 -0.011731 -0.000031 0.000412 -0.000034 1.000000
4.750000000 -0.001888 -0.000080 0.001692 0.000075 0.000066 -0.000168 1.000000
4.800000000 -0.002072 -0.000397 0.000858 0.000030 0.000091 -0.000153 1.000000
4.850000000 -0.002230 -0.000206 0.000512 0.000052 0.000097 -0.000159 1.000000
4.900000000 -0.002131 -0.000151 0.000925 0.000064 0.000099 -0.000189 1.000000
4.950000000 -0.002040 0.000117 0.000580 0.000063 0.000099 -0.000208 1.000000
5.000000000 -0.002148 -0.000021 0.000520 0.000078 0.000099 -0.000165 1.000000
5.050000000 -0.002319 -0.000165 0.000232 0.000054 0.000107 -0.000173 1.000000
5.100000000 -0.001916 -0.000634 0.000922 0.000010 0.000087 -0.000133 1.000000
5.150000000 -0.001705 -0.000923 0.001099 0.000014 0.000073 -0.000117 1.000000
5.200000000 -0.001736 -0.000409 0.000664 0.000025 0.000073 -0.000149 1.000000
5.250000000 -0.001669 -0.000639 0.000896 0.000027 0.000074 -0.000145 1.000000
5.300000000 -0.001667 -0.000262 0.000641 0.000033 0.000070 -0.000167 1.000000
5.350000000 -0.001811 0.000159 0.001210 0.000082 0.000052 -0.000212 1.000000
5.400000000 -0.001748 0.000495 0.001676 0.000112 0.000055 -0.000203 1.000000
5.450000000 -0.001770 -0.000053 0.001314 0.000039 0.000063 -0.000194 1.000000
5.500000000 -0.001859 -0.000063 0.001266 0.000077 0.000061 -0.000187 1.000000
5.550000000 -0.001700 0.000395 0.001684 0.000071 0.000055 -0.000194 1.000000
5.600000000 -0.001598 0.000311 0.001558 0.000079 0.000060 -0.000197 1.000000
5.650000000 -0.001674 0.000404 0.001119 0.000103 0.000065 -0.000208 1.000000
5.700000000 -0.001595 0.000476 0.001310 0.000075 0.000062 -0.000209 1.000000
5.750000000 -0.001755 0.000656 0.001565 0.000118 0.000055 -0.000199 1.000000
5.800000000 -0.001841 0.000594 0.001523 0.000093 0.000058 -0.000219 1.000000
5.850000000 -0.001924 0.000663 0.001778 0.000116 0.000058 -0.000223 1.000000
5.900000000 -0.001709 0.000353 0.001952 0.000087 0.000054 -0.000183 1.000000
5.950000000 -0.001889 0.000340 0.001392 0.000069 0.000069 -0.000181 1.000000
6.000000000 -0.001901 0.000310 0.001577 0.000099 0.000066 -0.000188 1.000000
6.050000000 -0.002010 0.000630 0.001731 0.000096 0.000072 -0.000216 1.000000
6.100000000 -0.002181 0.000624 0.001755 0.000096 0.000068 -0.000215 1.000000
6.150000000 -0.002330 0.000662 0.001494 0.000133 0.000091 -0.000204 1.000000
6.200000000 -0.002519 0.000851 0.001420 0.000111 0.000093 -0.000245 1.000000
6.250000000 -0.002772 0.000928 0.001009 0.000140 0.000108 -0.000257 1.000000
6.300000000 -0.002602 0.000979 0.001640 0.000138 0.000101 -0.000246 1.000000
6.350000000 -0.002579 0.001103 0.001309 0.000129 0.000109 -0.000250 1.000000
6.400000000 -0.002708 0.001074 0.001326 0.000168 0.000102 -0.000262 1.000000
6.450000000 -0.002764 0.001255 0.001185 0.000129 0.000113 -0.000257 1.000000
6.500000000 -0.002881 0.001156 0.001176 0.000156 0.000112 -0.000261 1.000000
6.550000000 -0.002919 0.001191 0.001343 0.000152 0.000117 -0.000264 1.000000
6.600000000 -0.002883 0.001273 0.001028 0.000150 0.000119 -0.000244 1.000000
6.650000000 -0.003110 0.001197 0.001269 0.000158 0.000122 -0.000284 1.000000
6.700000000 -0.002692 0.001377 0.001024 0.000145 0.000123 -0.000267 1.000000
6.750000000 -0.003147 0.000921 0.000819 0.000148 0.000123 -0.000241 1.000000
6.800000000 -0.003057 0.001392 0.001099 0.000148 0.000129 -0.000291 1.000000
6.850000000 -0.002821 0.001067 0.001003 0.000145 0.000113 -0.000245 1.000000
6.900000000 -0.003156 0.001041 0.001037 0.000140 0.000125 -0.000260 1.000000
6.950000000 -0.003117 0.000979 0.001271 0.000129 0.000130 -0.000221 1.000000
7.000000000 -0.003026 0.001049 0.001243 0.000143 0.000120 -0.000220 1.000000
7.050000000 -0.003422 0.001313 0.001121 0.000150 0.000142 -0.000290 1.000000
7.100000000 -0.003177 0.001227 0.000853 0.000158 0.000119 -0.000282 1.000000
7.150000000 -0.002714 0.000967 0.000776 0.000144 0.000123 -0.000211 1.000000
7.200000000 -0.002979 0.001218 0.001274 0.000143 0.000130 -0.000237 1.000000
7.250000000 -0.003155 0.001252 0.000766 0.000158 0.000111 -0.000253 1.000000
7.300000000 -0.002880 0.001203 0.001147 0.000149 0.000125 -0.000210 1.000000
7.350000000 -0.002923 0.001214 0.000814 0.000167 0.000124 -0.000231 1.000000
7.400000000 -0.003420 0.001145 0.001161 0.000164 0.000141 -0.000287 1.000000
7.450000000 -0.003211 0.001128 0.001220 0.000111 0.000125 -0.000282 1.000000
7.500000000 -0.002654 0.001047 0.000874 0.000154 0.000115 -0.000200 1.000000
7.550000000 -0.003187 0.001139 0.001107 0.000163 0.000124 -0.000248 1.000000
7.600000000 -0.003251 0.001019 0.001864 0.000103 0.000132 -0.000273 1.000000
7.650000000 -0.003200 0.001095 0.000795 0.000165 0.000131 -0.000268 1.000000
7.700000000 -0.002907 0.000828 0.001013 0.000141 0.000111 -0.000221 1.000000
7.750000000 -0.003132 0.000978 0.000812 0.000122 0.000132 -0.000232 1.000000
7.800000000 -0.002921 0.000801 0.001084 0.000126 0.000115 -0.000251 1.000000
7.850000000 -0.002866 0.000871 0.001004 0.000139 0.000128 -0.000238 1.000000
7.900000000 -0.003145 0.000781 0.001095 0.000130 0.000126 -0.000232 1.000000
7.950000000 -0.003348 0.001145 0.001076 0.000143 0.000136 -0.000263 1.000000
8.000000000 -0.003050 0.001057 0.001215 0.000156 0.000127 -0.000271 1.000000
8.050000000 -0.003080 0.001259 0.000610 0.000165 0.000129 -0.000241 1.000000
8.100000000 -0.003082 0.001028 0.000874 0.000125 0.000127 -0.000268 1.000000
8.150000000 -0.003188 0.001161 0.000439 0.000162 0.000131 -0.000261 1.000000
8.200000000 -0.002992 0.001002 0.001079 0.000148 0.000121 -0.000246 1.000000
8.250000000 -0.003021 0.000995 0.001080 0.000120 0.000125 -0.000249 1.000000
8.300000000 -0.002950 0.001030 0.000841 0.000159 0.000121 -0.000247 1.000000
8.350000000 -0.002907 0.001007 0.001136 0.000133 0.000119 -0.000252 1.000000
8.400000000 -0.002993 0.000640 0.001265 0.000118 0.000119 -0.000212 1.000000
8.450000000 -0.002848 0.000576 0.001142 0.000107 0.000119 -0.000224 1.000000
8.500000000 -0.002641 0.000548 0.000550 0.000109 0.000117 -0.000218 1.000000
8.550000000 -0.003048 0.000762 0.000587 0.000131 0.000122 -0.000220 1.000000
8.600000000 -0.002857 0.000568 0.000822 0.000093 0.000119 -0.000237 1.000000
8.650000000 -0.002836 0.000661 0.000545 0.000127 0.000121 -0.000218 1.000000
8.700000000 -0.003100 0.000673 0.001038 0.000129 0.000128 -0.000243 1.000000
8.750000000 -0.003106 0.000690 0.000997 0.000108 0.000130 -0.000247 1.000000
8.800000000 -0.002538 0.000603 0.000824 0.000130 0.000094 -0.000217 1.000000
8.850000000 -0.002510 0.000749 0.001241 0.000110 0.000091 -0.000242 1.000000
8.900000000 -0.002460 0.000299 0.002404 0.000336 0.000099 -0.000188 1.000000
8.950000000 -0.002547 0.000578 0.010895 0.000675 0.000111 -0.000223 1.000000
9.000000000 -0.003442 0.000989 0.021423 0.000824 0.000123 -0.000219 1.000000
9.050000000 -0.003208 0.000429 0.039773 0.000769 0.000110 -0.000095 1.000000
9.100000000 -0.003466 -0.000016 0.062849 0.000771 0.000135 0.000083 1.000000
9.150000000 -0.003410 -0.000859 0.091511 0.000806 0.000107 0.000183 1.000000
9.200000000 -0.004441 -0.002422 0.120818 0.000860 0.000148 0.000272 1.000000
9.250000000 -0.003725 -0.003515 0.159678 0.001073 0.000223 0.000432 0.999999
9.300000000 -0.005399 -0.004624 0.201777 0.001546 0.000280 0.000242 0.999999
9.350000000 -0.006771 -0.005289 0.254590 0.002360 0.000333 -0.000022 0.999997
9.400000000 -0.008558 -0.004552 0.326983 0.003468 0.000599 -0.000418 0.999994
9.450000000 -0.008602 -0.006750 0.408442 0.004249 0.001012 -0.000440 0.999990
9.500000000 -0.008213 -0.006776 0.505664 0.004716 0.001578 -0.000476 0.999988
9.550000000 -0.007361 -0.005878 0.623252 0.004746 0.002325 -0.000420 0.999986
9.600000000 -0.007069 -0.003471 0.764192 0.004719 0.003158 -0.000541 0.999984
9.650000000 -0.005422 -0.004197 0.914365 0.005037 0.004124 -0.000572 0.999979
9.700000000 -0.004625 -0.002952 1.088749 0.005689 0.005235 -0.000508 0.999970
9.750000000 -0.001012 -0.004158 1.280155 0.006074 0.006526 -0.000193 0.999960
9.800000000 0.005103 -0.004625 1.490759 0.006622 0.007839 0.000016 0.999947
9.850000000 0.012363 -0.004251 1.722709 0.007287 0.009213 -0.000052 0.999931
9.900000000 0.021514 -0.004242 1.972733 0.008174 0.010807 -0.000228 0.999908
9.950000000 0.031717 -0.005669 2.246946 0.008609 0.012403 -0.000422 0.999886
10.000000000 0.041973 0.007820 2.602661 0.008993 0.014091 -0.000041 0.999860
10.050000000 0.059755 0.007404 2.934813 0.008936 0.015765 0.000648 0.999836
10.100000000 0.066625 -0.001898 3.333877 0.008104 0.017752 -0.000019 0.999810
10.150000000 0.084236 0.001573 3.721669 0.007440 0.019248 -0.000396 0.999787
10.200000000 0.094286 -0.006110 4.129877 0.006889 0.020645 0.000110 0.999763
10.250000000 0.115941 -0.006822 4.563705 0.005861 0.021440 0.001236 0.999752
10.300000000 0.135588 -0.010585 4.995188 0.005099 0.021812 0.001982 0.999747
10.350000000 0.150051 -0.010180 5.449168 0.004687 0.021717 0.002492 0.999750
10.400000000 0.162673 -0.008312 5.937258 0.004311 0.021048 0.002416 0.999766
10.450000000 0.173598 -0.008679 6.411069 0.004058 0.019663 0.002593 0.999795
10.500000000 0.179751 -0.012920 6.917554 0.004089 0.017806 0.003256 0.999828
10.550000000 0.190532 -0.014179 7.420658 0.004086 0.014954 0.003858 0.999872
10.600000000 0.196124 -0.016185 7.934241 0.003878 0.011187 0.004876 0.999918
10.650000000 0.194633 -0.017335 8.459400 0.004164 0.005991 0.005732 0.999957
10.700000000 0.191277 -0.014784 8.967805 0.004878 -0.000671 0.007196 0.999962
10.750000000 0.177205 -0.013154 9.526725 0.004816 -0.008468 0.008754 0.999914
10.800000000 0.149140 -0.018005 10.084586 0.004188 -0.017870 0.009292 0.999788
10.850000000 0.103490 -0.015179 10.659490 0.003605 -0.028407 0.009468 0.999545
10.900000000 0.045165 -0.015056 11.232312 0.003210 -0.040318 0.009796 0.999134
10.950000000 -0.030636 -0.013376 11.834490 0.002401 -0.053460 0.011140 0.998505
11.000000000 -0.127054 -0.010050 12.428599 0.001388 -0.068149 0.010844 0.997615
11.050000000 -0.255167 -0.003494 13.067944 0.000899 -0.083564 0.011208 0.996439
11.100000000 -0.384708 -0.008556 13.631781 0.000260 -0.100662 0.010911 0.994861
11.150000000 -0.561042 -0.004480 14.292668 -0.000626 -0.117819 0.009916 0.992985
11.200000000 -0.756388 -0.007244 14.935423 -0.000968 -0.135673 0.008244 0.990719
11.250000000 -0.968874 -0.002682 15.570393 -0.000831 -0.154016 0.007468 0.988040
11.300000000 -1.215032 -0.002723 16.206863 -0.000337 -0.172940 0.008088 0.984899
11.350000000 -1.498855 0.006032 16.824862 0.000086 -0.192086 0.007684 0.981348
11.400000000 -1.803748 0.009244 17.432306 0.001068 -0.212016 0.006613 0.977243
11.450000000 -2.131064 0.007723 18.027668 0.000214 -0.231919 0.007712 0.972705
11.500000000 -2.489253 0.008968 18.633006 -0.001313 -0.251876 0.009352 0.967713
11.550000000 -2.874821 0.011636 19.228596 -0.002554 -0.272093 0.009296 0.962223
11.600000000 -3.279484 0.012943 19.814556 -0.003998 -0.292304 0.010006 0.956265
11.650000000 -3.716276 0.016017 20.386788 -0.004450 -0.312943 0.010572 0.949703
11.700000000 -4.177195 0.021335 20.939793 -0.004974 -0.333509 0.010629 0.942674
11.750000000 -4.675764 0.030079 21.479146 -0.005008 -0.353720 0.009848 0.935286
11.800000000 -5.261315 -0.097339 21.066034 -0.006700 -0.365048 0.007210 0.930937
11.850000000 -5.760256 0.052678 22.511357 -0.006162 -0.393430 0.008395 0.919296
11.900000000 -6.353087 0.060710 23.000161 -0.006824 -0.412673 0.007305 0.910825
11.950000000 -6.952115 0.066787 23.465237 -0.007548 -0.431959 0.006464 0.901838
12.000000000 -7.583977 0.072644 23.896562 -0.007884 -0.450936 0.006557 0.892498
12.050000000 -8.251251 0.082789 24.318586 -0.008028 -0.469185 0.008501 0.883023
12.100000000 -8.941872 0.089543 24.718810 -0.006401 -0.487164 0.008695 0.873244
12.150000000 -9.686690 0.102540 25.103916 -0.004276 -0.504438 0.008810 0.863392
12.200000000 -10.429729 0.105205 25.472068 -0.003831 -0.521072 0.011017 0.853433
12.250000000 -11.178712 0.106712 25.817661 -0.003061 -0.537220 0.010347 0.843373
12.300000000 -11.974951 0.103284 26.140890 -0.003879 -0.551799 0.010399 0.833904
12.350000000 -12.804181 0.109254 26.446429 -0.003422 -0.566101 0.011079 0.824254
12.400000000 -13.611304 0.108507 26.741904 -0.002319 -0.579890 0.011804 0.814606
12.450000000 -14.431578 0.107926 26.976967 -0.001295 -0.592579 0.013316 0.805402
12.500000000 -15.300082 0.103792 27.195065 0.000152 -0.604157 0.012061 0.796774
12.550000000 -16.170338 0.099821 27.398467 0.000945 -0.614182 0.011275 0.789083
12.600000000 -17.070843 0.089766 27.578187 0.002497 -0.622548 0.010018 0.782513
12.650000000 -17.955691 0.084819 27.758072 0.003501 -0.629255 0.008657 0.777143
12.700000000 -18.839820 0.072217 27.934610 0.003983 -0.634621 0.007785 0.772774
12.750000000 -19.745156 0.065826 28.091804 0.004966 -0.638813 0.006382 0.769319
12.800000000 -20.647477 0.057199 28.248240 0.005897 -0.641760 0.005889 0.766860
12.850000000 -21.552785 0.046752 28.400257 0.006433 -0.643288 0.006064 0.765574
12.900000000 -22.485711 0.027319 28.546666 0.008284 -0.643898 0.005572 0.765046
12.950000000 -23.410855 0.024249 28.705865 0.009080 -0.644058 0.004774 0.764908
13.000000000 -24.338008 0.011487 28.869713 0.008514 -0.643849 0.003585 0.765097
13.050000000 -25.282663 0.000729 29.034182 0.006525 -0.643334 0.002941 0.765552
13.100000000 -26.221292 -0.005414 29.197829 0.005653 -0.642777 0.003416 0.766025
13.150000000 -27.173733 -0.020966 29.367653 0.004668 -0.642287 0.004430 0.766437
13.200000000 -28.092635 -0.026889 29.517828 0.003953 -0.641753 0.004462 0.766888
13.250000000 -29.082607 -0.035258 29.681242 0.002889 -0.641228 0.004169 0.767334
13.300000000 -30.051962 -0.034317 29.849003 0.001433 -0.640770 0.002907 0.767726
13.350000000 -31.011100 -0.032061 30.017397 -0.001307 -0.640418 -0.000543 0.768025
13.400000000 -31.969066 -0.037010 30.193950 -0.005831 -0.639820 -0.001949 0.768500
