0.500000000 0.005303 -0.000433 0.615893 -0.000385 0.000286 0.000093 1.000000
0.550000000 0.003581 -0.000805 0.697029 -0.000213 0.000047 0.000125 1.000000
0.600000000 0.000005 -0.000018 0.787752 0.000209 -0.000617 0.000086 1.000000
0.650000000 -0.002680 0.000369 0.885023 0.000618 -0.001889 0.000147 0.999998
0.700000000 -0.006088 0.000643 0.994473 0.000810 -0.003977 0.000210 0.999992
0.750000000 -0.015135 0.000595 1.114614 0.000909 -0.006943 0.000291 0.999975
0.800000000 -0.026645 -0.000369 1.244743 0.000888 -0.011046 0.000402 0.999939
0.850000000 -0.039273 -0.000336 1.384359 0.000805 -0.016518 0.000650 0.999863
0.900000000 -0.058171 0.000449 1.531171 0.000754 -0.023601 0.000907 0.999721
0.950000000 -0.083738 -0.001176 1.689389 0.000539 -0.032356 0.001011 0.999476
1.000000000 -0.112241 -0.000790 1.860889 0.000347 -0.042868 0.000938 0.999080
1.050000000 -0.154153 -0.001297 2.044561 0.000173 -0.055045 0.000603 0.998484
1.100000000 -0.554717 0.066237 2.171836 0.001916 -0.060724 0.001105 0.998152
1.150000000 -0.274241 0.001948 2.449749 0.000293 -0.083525 0.000761 0.996505
1.200000000 -0.344099 0.005210 2.665930 0.000454 -0.099743 0.001163 0.995012
1.250000000 -0.423387 0.008544 2.885114 0.000528 -0.117266 0.001367 0.993099
1.300000000 -0.519610 0.009498 3.113269 0.000502 -0.135942 0.001351 0.990716
1.350000000 -0.636282 0.012164 3.352917 0.000176 -0.155984 0.000465 0.987759
1.400000000 -0.764730 0.012783 3.597897 -0.000554 -0.177113 -0.000932 0.984190
1.450000000 -0.907513 0.018172 3.848647 -0.001448 -0.199037 -0.002110 0.979989
1.500000000 -1.054430 0.024883 4.099610 -0.002192 -0.222148 -0.002789 0.975007
1.550000000 -1.224753 0.022301 4.352487 -0.003150 -0.246018 -0.003307 0.969254
1.600000000 -1.416269 0.033123 4.611512 -0.004640 -0.270241 -0.003094 0.962777
1.650000000 -1.628212 0.037946 4.872719 -0.007548 -0.294731 -0.003344 0.955545
1.700000000 -1.865788 0.044632 5.126793 -0.009359 -0.319594 -0.005360 0.947493
1.750000000 -2.127893 0.060115 5.375054 -0.010561 -0.344900 -0.007329 0.938551
1.800000000 -2.412597 0.070691 5.605038 -0.012189 -0.369785 -0.010059 0.928983
1.850000000 -2.708815 0.082395 5.838679 -0.014460 -0.395008 -0.011239 0.918495
1.900000000 -3.033695 0.095140 6.061950 -0.017097 -0.420202 -0.011811 0.907193
1.950000000 -3.385911 0.115845 6.265083 -0.018819 -0.445098 -0.012141 0.895202
2.000000000 -3.736360 0.130791 6.455909 -0.020353 -0.470359 -0.011661 0.882163
2.050000000 -4.105998 0.143279 6.631743 -0.021036 -0.495225 -0.011339 0.868436
2.100000000 -3.538424 0.075194 5.881022 -0.020107 -0.512922 -0.013384 0.858095
2.150000000 -4.811277 0.219080 6.835366 -0.018150 -0.540723 -0.012789 0.840908
2.200000000 -5.337887 0.257097 7.032036 -0.017598 -0.562377 -0.012722 0.826596
2.250000000 -5.781159 0.259091 7.158075 -0.019543 -0.583178 -0.011313 0.812030
2.300000000 -6.246531 0.289432 7.261806 -0.020273 -0.602837 -0.010522 0.797537
2.350000000 -6.772131 0.330896 7.362692 -0.021517 -0.621475 -0.010327 0.783070
2.400000000 -7.276217 0.350972 7.432141 -0.023463 -0.638951 -0.011413 0.768804
2.450000000 -7.755296 0.353749 7.447929 -0.025124 -0.654469 -0.012334 0.755570
2.500000000 -8.319200 0.384103 7.490444 -0.025007 -0.668260 -0.012865 0.743396
2.550000000 -8.881460 0.420520 7.519904 -0.024458 -0.680072 -0.012864 0.732624
2.600000000 -9.423569 0.453358 7.512059 -0.024024 -0.690077 -0.012837 0.723223
2.650000000 -10.017781 0.487628 7.514674 -0.024190 -0.698929 -0.011999 0.714681
2.700000000 -10.601375 0.521353 7.502786 -0.025364 -0.706495 -0.010904 0.707180
2.750000000 -11.207223 0.560556 7.480087 -0.025532 -0.713193 -0.010642 0.700422
2.800000000 -11.811904 0.594667 7.446592 -0.024927 -0.718837 -0.010654 0.694650
2.850000000 -12.421812 0.626487 7.401733 -0.024077 -0.723428 -0.011388 0.689886
2.900000000 -13.049740 0.666066 7.353088 -0.023629 -0.727130 -0.011841 0.685991
2.950000000 -13.679595 0.705110 7.293887 -0.023606 -0.729540 -0.012410 0.683418
3.000000000 -14.344980 0.747253 7.249525 -0.024480 -0.731074 -0.012641 0.681742
3.050000000 -15.010184 0.778879 7.189489 -0.026050 -0.731939 -0.013301 0.680743
3.100000000 -15.680536 0.820079 7.135490 -0.026103 -0.732701 -0.014174 0.679902
3.150000000 -16.348979 0.857114 7.070940 -0.025681 -0.733307 -0.014070 0.679267
3.200000000 -17.033191 0.899733 7.010739 -0.025446 -0.734078 -0.013621 0.678452
3.250000000 -17.740091 0.952571 6.943430 -0.025021 -0.734823 -0.012811 0.677676
3.300000000 -18.453148 0.969272 6.883683 -0.024906 -0.735233 -0.012973 0.677232
3.350000000 -19.189618 1.017369 6.821931 -0.025057 -0.735249 -0.013922 0.677191
3.400000000 -19.938327 1.072222 6.751153 -0.025758 -0.735183 -0.014855 0.677216
3.450000000 -20.717473 1.117368 6.674784 -0.025483 -0.735110 -0.015740 0.677286
3.500000000 -21.437990 1.156604 6.609687 -0.024323 -0.735107 -0.015230 0.677343
3.550000000 -22.221425 1.196265 6.534540 -0.023268 -0.735115 -0.013656 0.677406
3.600000000 -22.990785 1.230766 6.495689 -0.023024 -0.735224 -0.011910 0.677328
3.650000000 -23.773716 1.280002 6.428118 -0.023167 -0.735126 -0.011927 0.677429
3.700000000 -24.575671 1.323117 6.374626 -0.024532 -0.735123 -0.013249 0.677360
3.750000000 -25.389242 1.374777 6.315353 -0.026199 -0.735280 -0.014067 0.677110
3.800000000 -26.212563 1.433423 6.234063 -0.027314 -0.735491 -0.013781 0.676844
3.850000000 -27.052518 1.490976 6.145219 -0.028848 -0.735518 -0.012045 0.676784
3.900000000 -27.875107 1.536752 6.087602 -0.029038 -0.735822 -0.010575 0.676470
3.950000000 -28.701129 1.582997 6.016280 -0.028348 -0.736215 -0.008900 0.676095
4.000000000 -29.516172 1.633064 5.957109 -0.026868 -0.736752 -0.007215 0.675590
4.050000000 -30.374818 1.677337 5.899062 -0.026653 -0.737218 -0.005378 0.675107
4.100000000 -31.241652 1.717359 5.811029 -0.027175 -0.737304 -0.004062 0.675002
4.150000000 -32.106253 1.744152 5.731548 -0.027275 -0.737520 -0.004896 0.674757
4.200000000 -32.934515 1.788418 5.668006 -0.027807 -0.737752 -0.005574 0.674476
4.250000000 -33.805389 1.829144 5.579910 -0.028986 -0.737852 -0.005599 0.674317
4.300000000 -34.651643 1.863783 5.491279 -0.029632 -0.737723 -0.006082 0.674426
4.350000000 -35.501636 1.905750 5.420923 -0.030555 -0.737559 -0.005547 0.674568
4.400000000 -36.367366 1.956800 5.334999 -0.029721 -0.737773 -0.005618 0.674371
4.450000000 -37.244942 2.008666 5.246728 -0.029628 -0.737922 -0.005295 0.674215
4.500000000 -38.111350 2.060019 5.172154 -0.029333 -0.738057 -0.005051 0.674082
4.550000000 -39.009455 2.104828 5.079425 -0.029658 -0.738115 -0.004440 0.674008
4.600000000 -39.864228 2.141657 4.997731 -0.030188 -0.738328 -0.003686 0.673755
4.650000000 -40.732096 2.180450 4.922671 -0.030621 -0.738673 -0.000979 0.673367
4.700000000 -41.630985 2.221409 4.835139 -0.031165 -0.738923 0.000645 0.673068
4.750000000 -42.511941 2.272802 4.737539 -0.031733 -0.739251 0.000403 0.672681
4.800000000 -43.422650 2.310922 4.644545 -0.033997 -0.739651 -0.000900 0.672130
4.850000000 -44.316947 2.350993 4.555561 -0.035306 -0.740065 -0.001825 0.671606
4.900000000 -45.223491 2.406418 4.457804 -0.034877 -0.740478 -0.002218 0.671171
4.950000000 -46.147937 2.459383 4.361205 -0.033841 -0.740920 -0.002207 0.670736
5.000000000 -47.088618 2.518009 4.259694 -0.032467 -0.741440 -0.002582 0.670229
5.050000000 -47.990747 2.563249 4.159938 -0.032218 -0.741981 -0.003144 0.669639
5.100000000 -48.928221 2.607568 4.065903 -0.032790 -0.742455 -0.003776 0.669082
5.150000000 -49.865608 2.659307 3.962725 -0.032100 -0.742976 -0.005245 0.668527
5.200000000 -51.122208 2.736409 4.191318 -0.030007 -0.746271 -0.006014 0.664938
5.250000000 -51.775983 2.738268 3.737837 -0.031951 -0.744036 -0.005428 0.667353
5.300000000 -52.724020 2.793853 3.632411 -0.032021 -0.744436 -0.004943 0.666908
5.350000000 -53.656084 2.839441 3.534293 -0.032303 -0.744933 -0.004698 0.666341
5.400000000 -54.613752 2.896700 3.421219 -0.032467 -0.745333 -0.004890 0.665883
5.450000000 -55.522648 2.941377 3.308121 -0.032610 -0.745717 -0.005101 0.665445
5.500000000 -56.497501 2.993668 3.195915 -0.032214 -0.746037 -0.005663 0.665101
5.550000000 -57.434589 3.038301 3.077155 -0.031523 -0.746202 -0.006733 0.664938
5.600000000 -58.337534 3.087293 2.962110 -0.030690 -0.746382 -0.008660 0.664754
5.650000000 -59.322442 3.154619 2.861809 -0.029648 -0.746220 -0.010919 0.664949
5.700000000 -60.270567 3.206627 2.758918 -0.029190 -0.745840 -0.012745 0.665363
5.750000000 -61.214494 3.275101 2.646544 -0.029657 -0.745171 -0.013074 0.666085
5.800000000 -62.158021 3.327633 2.560928 -0.030292 -0.744658 -0.012880 0.666634
5.850000000 -63.100920 3.383736 2.433316 -0.030285 -0.744002 -0.012142 0.667380
5.900000000 -64.075415 3.439816 2.336808 -0.029495 -0.743767 -0.010815 0.667700
5.950000000 -65.020081 3.486186 2.227684 -0.028676 -0.743400 -0.009856 0.668159
6.000000000 -65.928411 3.543919 2.145081 -0.028390 -0.743184 -0.009122 0.668422
6.050000000 -66.907435 3.593090 2.048556 -0.027411 -0.743027 -0.010020 0.668625
6.100000000 -67.867504 3.633558 1.950108 -0.026818 -0.742836 -0.010331 0.668857
6.150000000 -68.841021 3.681408 1.867283 -0.026683 -0.742842 -0.009968 0.668861
6.200000000 -69.790096 3.730914 1.771142 -0.026273 -0.742864 -0.009673 0.668857
6.250000000 -70.737365 3.778008 1.662562 -0.026705 -0.742677 -0.009267 0.669053
6.300000000 -71.675855 3.825238 1.536043 -0.027267 -0.742353 -0.008201 0.669404
6.350000000 -72.664694 3.871944 1.421795 -0.027744 -0.742084 -0.007234 0.669694
6.400000000 -73.668686 3.927239 1.305210 -0.028058 -0.741931 -0.006121 0.669860
6.450000000 -74.632863 3.992089 1.204845 -0.028302 -0.741915 -0.005059 0.669878
6.500000000 -75.620922 4.048764 1.098256 -0.029016 -0.741588 -0.003682 0.670218
6.550000000 -76.608987 4.106930 0.985413 -0.029052 -0.741117 -0.004085 0.670734
6.600000000 -77.558681 4.149804 0.887782 -0.029623 -0.740564 -0.005117 0.671313
6.650000000 -78.565591 4.194928 0.763155 -0.029441 -0.739965 -0.006414 0.671970
6.700000000 -79.554306 4.246089 0.668569 -0.029255 -0.739586 -0.006627 0.672393
6.750000000 -80.526547 4.286969 0.587508 -0.029370 -0.739448 -0.006618 0.672540
6.800000000 -81.570109 4.354692 0.461563 -0.029749 -0.739169 -0.006034 0.672836
6.850000000 -82.541560 4.402279 0.365424 -0.029693 -0.739064 -0.006349 0.672950
6.900000000 -83.554063 4.458496 0.269777 -0.029311 -0.739024 -0.005799 0.673016
6.950000000 -84.522217 4.518838 0.169095 -0.029071 -0.739153 -0.005822 0.672884
7.000000000 -85.503878 4.565891 0.090755 -0.028678 -0.739380 -0.006069 0.672650
7.050000000 -86.508340 4.622227 -0.010207 -0.029047 -0.739548 -0.006858 0.672442
7.100000000 -87.473443 4.661584 -0.102203 -0.028848 -0.739833 -0.007697 0.672127
7.150000000 -88.428989 4.706718 -0.196366 -0.028235 -0.740061 -0.008832 0.671889
7.200000000 -89.392245 4.746675 -0.289661 -0.027862 -0.740199 -0.008691 0.671754
7.250000000 -90.371262 4.813166 -0.374483 -0.027602 -0.740439 -0.008794 0.671499
7.300000000 -91.336449 4.866622 -0.474398 -0.027376 -0.740440 -0.009115 0.671502
7.350000000 -92.315300 4.897629 -0.562587 -0.027552 -0.740610 -0.010343 0.671291
7.400000000 -93.291876 4.948519 -0.658348 -0.026868 -0.740485 -0.011417 0.671438
7.450000000 -94.258450 5.010614 -0.755317 -0.026343 -0.739986 -0.012274 0.671995
7.500000000 -95.225295 5.057699 -0.849888 -0.025414 -0.739660 -0.012969 0.672375
7.550000000 -96.204966 5.111964 -0.947189 -0.024776 -0.739383 -0.013250 0.672698
7.600000000 -97.182428 5.165153 -1.056396 -0.024294 -0.739064 -0.012466 0.673082
7.650000000 -98.143653 5.205255 -1.161178 -0.022778 -0.738831 -0.012407 0.673391
7.700000000 -99.103988 5.259533 -1.247838 -0.022307 -0.738779 -0.011583 0.673479
7.750000000 -100.065016 5.304024 -1.335731 -0.023339 -0.738972 -0.011363 0.673236
7.800000000 -101.029340 5.348805 -1.432048 -0.024645 -0.739310 -0.012327 0.672801
7.850000000 -101.958569 5.394668 -1.518088 -0.025389 -0.739784 -0.013141 0.672237
7.900000000 -102.906198 5.441446 -1.612249 -0.025646 -0.740485 -0.013155 0.671454
7.950000000 -103.865121 5.487519 -1.720468 -0.025821 -0.741171 -0.011880 0.670714
8.000000000 -104.800713 5.534571 -1.817618 -0.025286 -0.741955 -0.010666 0.669888
8.050000000 -105.731878 5.594705 -1.933862 -0.025227 -0.742497 -0.009061 0.669313
8.100000000 -106.680473 5.639120 -2.043973 -0.026688 -0.743230 -0.007761 0.668459
8.150000000 -107.597641 5.692763 -2.146674 -0.028945 -0.744027 -0.007360 0.667482
8.200000000 -108.537202 5.745120 -2.258570 -0.030294 -0.744987 -0.009268 0.666326
8.250000000 -109.488344 5.790835 -2.376200 -0.031634 -0.745746 -0.009940 0.665405
8.300000000 -110.429521 5.842667 -2.494297 -0.031062 -0.746675 -0.010357 0.664382
8.350000000 -111.372481 5.906872 -2.621725 -0.027960 -0.747267 -0.011000 0.663845
8.400000000 -112.304739 5.958778 -2.784860 -0.025757 -0.747787 -0.011616 0.663337
8.450000000 -113.228013 6.009358 -2.880120 -0.025169 -0.748817 -0.012048 0.662190
8.500000000 -114.177499 6.047745 -2.993884 -0.025892 -0.749641 -0.012786 0.661215
8.550000000 -115.119161 6.093877 -3.108252 -0.026743 -0.750500 -0.012782 0.660205
8.600000000 -116.065306 6.144921 -3.222464 -0.026765 -0.751459 -0.011709 0.659133
8.650000000 -117.001990 6.198221 -3.333970 -0.026769 -0.752288 -0.010213 0.658212
8.700000000 -117.930722 6.258330 -3.455852 -0.025952 -0.752832 -0.009716 0.657629
8.750000000 -118.874078 6.304437 -3.590957 -0.025546 -0.753144 -0.009747 0.657287
8.800000000 -119.804156 6.347519 -3.729121 -0.024775 -0.753405 -0.009783 0.657017
8.850000000 -120.734887 6.400278 -3.860491 -0.024865 -0.753501 -0.009742 0.656905
8.900000000 -121.601553 6.446555 -3.972456 -0.025585 -0.753719 -0.009412 0.656632
8.950000000 -122.533562 6.494108 -4.099708 -0.025051 -0.753622 -0.010218 0.656751
9.000000000 -123.496810 6.544259 -4.245835 -0.023729 -0.753427 -0.010020 0.657027
9.050000000 -124.456385 6.612364 -4.391500 -0.022255 -0.753091 -0.009223 0.657475
9.100000000 -125.427666 6.667396 -4.537639 -0.021551 -0.752709 -0.008502 0.657945
9.150000000 -126.381587 6.701716 -4.661011 -0.022145 -0.752393 -0.009202 0.658277
9.200000000 -127.371326 6.756472 -4.812483 -0.022820 -0.751910 -0.009618 0.658800
9.250000000 -128.326858 6.776958 -4.908783 -0.023086 -0.751836 -0.009446 0.658878
9.300000000 -129.337583 6.840598 -5.044489 -0.022936 -0.751638 -0.008109 0.659127
9.350000000 -130.280955 6.886999 -5.177851 -0.022826 -0.751237 -0.008070 0.659588
9.400000000 -131.197991 6.921320 -5.309160 -0.022786 -0.750798 -0.007846 0.660092
9.450000000 -132.155410 6.969881 -5.447558 -0.022991 -0.750308 -0.007220 0.660649
9.500000000 -133.132620 7.012987 -5.589997 -0.023064 -0.749811 -0.007292 0.661210
9.550000000 -134.094844 7.048598 -5.695402 -0.024220 -0.749480 -0.008475 0.661529
9.600000000 -135.051667 7.080142 -5.817080 -0.025977 -0.749096 -0.009374 0.661885
9.650000000 -136.009914 7.136253 -5.957767 -0.025574 -0.748559 -0.009396 0.662508
9.700000000 -136.949926 7.190472 -6.078601 -0.024758 -0.748154 -0.007853 0.663016
9.750000000 -137.944569 7.238881 -6.199834 -0.024369 -0.747827 -0.005147 0.663426
9.800000000 -138.829181 7.286658 -6.310910 -0.024112 -0.747570 -0.004023 0.663733
9.850000000 -139.789152 7.314758 -6.427882 -0.023851 -0.747326 -0.004074 0.664016
9.900000000 -140.747816 7.374119 -6.541086 -0.025532 -0.747234 -0.003325 0.664062
9.950000000 -141.679612 7.426720 -6.644438 -0.026805 -0.747141 -0.002649 0.664119
10.000000000 -142.610840 7.493223 -6.791603 -0.027202 -0.746676 -0.003332 0.664623
10.050000000 -143.504214 7.515622 -6.883893 -0.028076 -0.746526 -0.004815 0.664746
10.100000000 -144.410434 7.559001 -6.978867 -0.029123 -0.746584 -0.006763 0.664619
10.150000000 -145.320275 7.602626 -7.090178 -0.029749 -0.746334 -0.007681 0.664862
10.200000000 -146.217118 7.646433 -7.206641 -0.029347 -0.746127 -0.008718 0.665100
10.250000000 -147.110656 7.693408 -7.318884 -0.028069 -0.745976 -0.009347 0.665316
10.300000000 -148.003977 7.747219 -7.438103 -0.026835 -0.745838 -0.010163 0.665509
10.350000000 -148.848086 7.786201 -7.532856 -0.026390 -0.745824 -0.010939 0.665530
10.400000000 -149.704537 7.829675 -7.646115 -0.026209 -0.745587 -0.011905 0.665787
10.450000000 -150.533589 7.868692 -7.731918 -0.025998 -0.745549 -0.013340 0.665810
10.500000000 -151.353143 7.925669 -7.821191 -0.025783 -0.745553 -0.014011 0.665800
10.550000000 -152.174517 7.955539 -7.914396 -0.025810 -0.745383 -0.014042 0.665988
10.600000000 -152.963220 8.001022 -7.978032 -0.025897 -0.745611 -0.013521 0.665741
10.650000000 -153.733940 8.041620 -8.081059 -0.025465 -0.745560 -0.013246 0.665820
10.700000000 -154.559149 8.085210 -8.098633 -0.024949 -0.746741 -0.012749 0.664525
10.750000000 -155.246086 8.117626 -8.230874 -0.024716 -0.746590 -0.012715 0.664704
10.800000000 -156.001543 8.155413 -8.304283 -0.024874 -0.747287 -0.012484 0.663918
10.850000000 -156.726805 8.179826 -8.402165 -0.024915 -0.747533 -0.012818 0.663634
10.900000000 -157.488707 8.213434 -8.476329 -0.024294 -0.748085 -0.013288 0.663024
10.950000000 -158.228318 8.244381 -8.559028 -0.024013 -0.748374 -0.013103 0.662713
11.000000000 -158.960831 8.278527 -8.649876 -0.024121 -0.748433 -0.012676 0.662650
11.050000000 -159.696771 8.316730 -8.748442 -0.024760 -0.748342 -0.012172 0.662739
11.100000000 -160.409285 8.352878 -8.830161 -0.025265 -0.748289 -0.011998 0.662783
11.150000000 -161.117827 8.387910 -8.920647 -0.025820 -0.747952 -0.012609 0.663130
11.200000000 -161.811331 8.420406 -9.000195 -0.025936 -0.747486 -0.013175 0.663640
11.250000000 -162.482138 8.439344 -9.092318 -0.026141 -0.746645 -0.013312 0.664575
11.300000000 -163.121367 8.465564 -9.172125 -0.026323 -0.745679 -0.013484 0.665648
11.350000000 -163.766735 8.486823 -9.265967 -0.025759 -0.744385 -0.013262 0.667122
11.400000000 -164.417034 8.531288 -9.319722 -0.024305 -0.743290 -0.013309 0.668395
11.450000000 -165.078201 8.560363 -9.389508 -0.023226 -0.741469 -0.013658 0.670446
11.500000000 -165.717293 8.594153 -9.438392 -0.021868 -0.739224 -0.013862 0.672962
11.550000000 -166.366211 8.629303 -9.471193 -0.020735 -0.736532 -0.013097 0.675957
11.600000000 -167.013591 8.644178 -9.522943 -0.019425 -0.733153 -0.012467 0.679672
11.650000000 -167.636432 8.674047 -9.559754 -0.018411 -0.729542 -0.011432 0.683593
11.700000000 -168.287183 8.712476 -9.582583 -0.017667 -0.725946 -0.010863 0.687439
11.750000000 -168.909113 8.721260 -9.632193 -0.017770 -0.721784 -0.011403 0.691797
11.800000000 -169.512411 8.733849 -9.679288 -0.018360 -0.717038 -0.011857 0.696691
11.850000000 -170.152130 8.796273 -9.677268 -0.017760 -0.712404 -0.012354 0.701436
11.900000000 -170.762664 8.813694 -9.663206 -0.017229 -0.707274 -0.012932 0.706611
11.950000000 -171.362443 8.837056 -9.648076 -0.016611 -0.701722 -0.013627 0.712127
12.000000000 -171.979919 8.862686 -9.628056 -0.015973 -0.695788 -0.014516 0.717923
12.050000000 -172.571311 8.884840 -9.588936 -0.016058 -0.689266 -0.015407 0.724167
12.100000000 -173.140055 8.907609 -9.542593 -0.016141 -0.681919 -0.015878 0.731078
12.150000000 -173.718872 8.927613 -9.485798 -0.016428 -0.674068 -0.017282 0.738284
12.200000000 -174.298559 8.944030 -9.466654 -0.015847 -0.665426 -0.019225 0.746048
12.250000000 -174.878129 8.963683 -9.419236 -0.014769 -0.656373 -0.020271 0.754020
12.300000000 -175.463518 8.994847 -9.352191 -0.012643 -0.647159 -0.020871 0.761965
12.350000000 -176.026072 9.028283 -9.248357 -0.011066 -0.637961 -0.021094 0.769700
12.400000000 -176.602611 9.048300 -9.125462 -0.010210 -0.628514 -0.021310 0.777439
12.450000000 -177.158914 9.074213 -8.992004 -0.009649 -0.618679 -0.021215 0.785298
12.500000000 -177.713326 9.087961 -8.809729 -0.008740 -0.609038 -0.021987 0.792788
12.550000000 -178.256090 9.111456 -8.635458 -0.007955 -0.598351 -0.022500 0.800879
12.600000000 -178.788565 9.128127 -8.406417 -0.007637 -0.587690 -0.023167 0.808719
12.650000000 -179.311330 9.157799 -8.196041 -0.007336 -0.575827 -0.023358 0.817205
12.700000000 -179.748099 9.226879 -7.866935 -0.006557 -0.566084 -0.021937 0.824030
12.750000000 -180.295167 9.178896 -7.758997 -0.008168 -0.550835 -0.023755 0.834236
12.800000000 -180.768364 9.194803 -7.507562 -0.008705 -0.537899 -0.024300 0.842614
12.850000000 -181.220214 9.202258 -7.259677 -0.009401 -0.524374 -0.024941 0.851071
12.900000000 -181.653145 9.221385 -6.981909 -0.009334 -0.510709 -0.025090 0.859337
12.950000000 -182.126935 9.232108 -6.713217 -0.008805 -0.495089 -0.026053 0.868407
13.000000000 -182.549368 9.256596 -6.412499 -0.007947 -0.479756 -0.026577 0.876963
13.050000000 -182.973395 9.270113 -6.092829 -0.007220 -0.464329 -0.027985 0.885191
13.100000000 -183.398750 9.282583 -5.758489 -0.006784 -0.448548 -0.029082 0.893260
13.150000000 -183.793315 9.307795 -5.410721 -0.005907 -0.432675 -0.029069 0.901062
13.200000000 -184.201699 9.321611 -5.043885 -0.005005 -0.416423 -0.029742 0.908671
13.250000000 -184.591959 9.351079 -4.659482 -0.004246 -0.400247 -0.029666 0.915917
13.300000000 -184.961569 9.363976 -4.261746 -0.003744 -0.383871 -0.029523 0.922907
13.350000000 -185.330948 9.378315 -3.846000 -0.003257 -0.367198 -0.030184 0.929647
13.400000000 -185.680987 9.389035 -3.422800 -0.002975 -0.350525 -0.030949 0.936037
13.450000000 -186.011465 9.399767 -2.982170 -0.002695 -0.333816 -0.031542 0.942106
13.500000000 -186.330857 9.408239 -2.526611 -0.002574 -0.317039 -0.031825 0.947875
13.550000000 -186.637582 9.417058 -2.061031 -0.002399 -0.300517 -0.032600 0.953216
13.600000000 -186.934903 9.431125 -1.576570 -0.001809 -0.284109 -0.033538 0.958204
13.650000000 -187.217972 9.440813 -1.078782 -0.001332 -0.267881 -0.033182 0.962880
13.700000000 -187.483348 9.441219 -0.581131 -0.000959 -0.252400 -0.033232 0.967052
13.750000000 -187.745702 9.459418 -0.055261 -0.000672 -0.237619 -0.032959 0.970799
13.800000000 -187.986929 9.462639 0.464423 -0.000405 -0.223342 -0.032877 0.974185
13.850000000 -188.192740 9.461231 0.978029 0.000283 -0.209689 -0.033362 0.977199
13.900000000 -188.403598 9.472731 1.526942 0.000748 -0.196294 -0.033851 0.979960
13.950000000 -188.612307 9.478809 2.078239 0.000898 -0.182487 -0.034285 0.982610
14.000000000 -188.795001 9.485167 2.640823 0.001284 -0.168599 -0.033811 0.985104
14.050000000 -188.969837 9.490756 3.220999 0.001133 -0.154912 -0.033182 0.987370
14.100000000 -189.134127 9.493234 3.807862 0.000458 -0.141233 -0.033444 0.989411
14.150000000 -189.282559 9.502704 4.410323 0.000210 -0.127869 -0.034081 0.991205
14.200000000 -189.433064 9.509928 5.034874 0.000119 -0.114948 -0.034890 0.992759
14.250000000 -189.549635 9.517231 5.660331 0.000013 -0.102351 -0.034400 0.994153
14.300000000 -189.670094 9.525016 6.308488 0.000336 -0.089348 -0.034765 0.995393
14.350000000 -189.760393 9.526523 6.952036 0.001448 -0.076645 -0.035361 0.996430
14.400000000 -189.851093 9.533675 7.620701 0.002174 -0.064285 -0.036958 0.997245
14.450000000 -189.912975 9.534031 8.282647 0.002063 -0.052630 -0.036881 0.997931
14.500000000 -189.951906 9.534183 8.956764 0.001878 -0.042114 -0.036211 0.998455
14.550000000 -189.932826 9.523899 9.595830 0.001301 -0.033231 -0.035200 0.998827
14.600000000 -190.030983 9.531326 10.341954 0.001664 -0.022928 -0.036346 0.999075
14.650000000 -190.054520 9.531370 11.046561 0.001899 -0.014921 -0.035819 0.999245
14.700000000 -190.060618 9.530914 11.769701 0.001691 -0.008441 -0.034007 0.999385
14.750000000 -190.060822 9.533228 12.496710 0.001731 -0.003411 -0.032250 0.999473
14.800000000 -190.051132 9.533646 13.232055 0.001157 -0.000084 -0.030851 0.999523
14.850000000 -190.048860 9.542167 13.973548 0.000239 0.002018 -0.029333 0.999568
14.900000000 -190.038860 9.554829 14.720761 -0.000839 0.003255 -0.028333 0.999593
14.950000000 -190.031361 9.555008 15.462161 -0.001853 0.004071 -0.027371 0.999615
15.000000000 -190.037891 9.566387 16.222733 -0.002181 0.004750 -0.026487 0.999635
15.050000000 -190.028764 9.583446 16.972140 -0.001507 0.004709 -0.025652 0.999659
15.100000000 -190.028734 9.581451 17.710128 -0.001061 0.004523 -0.025480 0.999665
15.150000000 -190.031392 9.583575 18.435036 -0.000472 0.004109 -0.024537 0.999690
15.200000000 -190.024396 9.581284 19.196577 -0.000150 0.003154 -0.024464 0.999696
15.250000000 -190.021061 9.605070 19.950977 0.000162 0.002240 -0.023321 0.999726
15.300000000 -190.032365 9.604232 20.712232 0.000048 0.001366 -0.024158 0.999707
15.350000000 -190.038261 9.609790 21.457769 -0.000024 0.000417 -0.024664 0.999696
15.400000000 -190.042528 9.612830 22.183431 -0.000708 -0.000576 -0.025010 0.999687
15.450000000 -190.043892 9.609245 22.914377 -0.001666 -0.001626 -0.025845 0.999663
15.500000000 -190.071558 9.611532 23.665285 -0.002423 -0.002339 -0.026241 0.999650
15.550000000 -190.090281 9.622031 24.416358 -0.002245 -0.003039 -0.025265 0.999674
15.600000000 -190.083462 9.611747 25.122283 -0.002215 -0.004260 -0.025315 0.999668
15.650000000 -190.087972 9.618832 25.818927 -0.002150 -0.004959 -0.025193 0.999668
15.700000000 -190.110410 9.630529 26.558249 -0.001950 -0.005010 -0.024697 0.999681
15.750000000 -190.120249 9.624858 27.269825 -0.002340 -0.005105 -0.024162 0.999692
15.800000000 -190.125163 9.631836 27.985241 -0.002393 -0.005195 -0.023500 0.999707
15.850000000 -190.131455 9.628334 28.693287 -0.001916 -0.005065 -0.023917 0.999699
15.900000000 -189.687957 9.487207 28.865485 -0.004116 -0.013049 -0.024843 0.999598
15.950000000 -190.109005 9.606480 30.048665 -0.001547 -0.003800 -0.024672 0.999687
16.000000000 -190.110178 9.603198 30.746646 -0.001339 -0.001975 -0.025235 0.999679
16.050000000 -190.115419 9.624039 31.458863 -0.001205 0.000891 -0.025458 0.999675
16.100000000 -190.106226 9.629037 32.154114 -0.001476 0.005017 -0.026442 0.999637
16.150000000 -190.085367 9.637212 32.828785 -0.001291 0.010694 -0.027309 0.999569
16.200000000 -190.065024 9.626848 33.500562 -0.001896 0.018517 -0.028754 0.999413
16.250000000 -190.028230 9.625632 34.165316 -0.001995 0.028016 -0.029462 0.999171
16.300000000 -189.965286 9.629426 34.795640 -0.000996 0.038851 -0.030048 0.998793
16.350000000 -189.891742 9.622759 35.438948 0.000019 0.051447 -0.031830 0.998168
16.400000000 -189.804490 9.614423 36.071230 0.001251 0.065836 -0.032598 0.997297
16.450000000 -189.688267 9.610932 36.705634 0.002843 0.081141 -0.033029 0.996151
16.500000000 -189.555336 9.607349 37.328389 0.004188 0.097388 -0.032788 0.994697
16.550000000 -189.403862 9.589287 37.921429 0.004813 0.114360 -0.033168 0.992874
16.600000000 -189.227893 9.572286 38.531165 0.005602 0.131824 -0.032040 0.990739
16.650000000 -189.026436 9.550279 39.129754 0.005664 0.149203 -0.031142 0.988300
16.700000000 -188.794777 9.538823 39.706760 0.005759 0.166731 -0.029385 0.985548
16.750000000 -188.550273 9.524446 40.277651 0.004197 0.184467 -0.028951 0.982403
16.800000000 -188.279287 9.508230 40.846988 0.002337 0.202161 -0.027685 0.978958
16.850000000 -187.990197 9.492388 41.415817 0.002011 0.219917 -0.024723 0.975203
16.900000000 -187.683599 9.472291 41.958950 0.001754 0.237551 -0.023811 0.971082
16.950000000 -187.358801 9.460042 42.498185 0.002021 0.255531 -0.024625 0.966485
17.000000000 -187.010356 9.454365 43.027324 0.002833 0.273420 -0.025619 0.961549
17.050000000 -186.642189 9.441432 43.541215 0.003282 0.290892 -0.025335 0.956415
17.100000000 -186.247571 9.422342 44.045618 0.002944 0.308618 -0.023996 0.950879
17.150000000 -185.835139 9.399866 44.546163 0.001976 0.326592 -0.024279 0.944852
17.200000000 -185.396891 9.390417 45.031397 0.001726 0.344077 -0.024422 0.938622
17.250000000 -184.942324 9.382178 45.505155 0.002051 0.361591 -0.024561 0.932011
17.300000000 -184.465758 9.367152 45.962701 0.003391 0.379103 -0.023902 0.925039
17.350000000 -183.972820 9.345501 46.401509 0.004741 0.396408 -0.023687 0.917757
17.400000000 -183.461758 9.324803 46.820956 0.006032 0.413346 -0.022950 0.910265
17.450000000 -182.921223 9.310426 47.241103 0.007189 0.429926 -0.022413 0.902557
17.500000000 -182.373927 9.293752 47.626714 0.007940 0.445962 -0.021362 0.894762
17.550000000 -181.813985 9.269493 47.998422 0.008156 0.461761 -0.020207 0.886737
17.600000000 -181.225230 9.248357 48.366241 0.008941 0.476946 -0.018992 0.878682
17.650000000 -180.635525 9.216665 48.702962 0.009265 0.491386 -0.018354 0.870699
17.700000000 -180.028498 9.193950 49.012500 0.009613 0.504999 -0.017966 0.862879
17.750000000 -179.412156 9.179058 49.330045 0.010840 0.517876 -0.017481 0.855208
17.800000000 -178.778913 9.154521 49.629269 0.011835 0.529775 -0.017218 0.847881
17.850000000 -178.143407 9.132477 49.911024 0.012632 0.541144 -0.016809 0.840667
17.900000000 -177.480647 9.108679 50.191584 0.013820 0.551761 -0.017009 0.833714
17.950000000 -176.821721 9.082758 50.441251 0.014887 0.561442 -0.017747 0.827192
18.000000000 -176.140052 9.058125 50.692778 0.016233 0.570601 -0.018844 0.820851
18.050000000 -175.457990 9.027623 50.924381 0.016997 0.579169 -0.020248 0.814779
18.100000000 -174.754722 8.997248 51.148672 0.017998 0.587148 -0.020079 0.809030
18.150000000 -174.027799 8.975108 51.373714 0.018177 0.593866 -0.019229 0.804129
18.200000000 -173.304506 8.939840 51.574751 0.017871 0.599056 -0.018486 0.800294
18.250000000 -172.565759 8.902576 51.783085 0.017642 0.603363 -0.017806 0.797073
18.300000000 -171.823597 8.859773 51.981381 0.016985 0.606882 -0.018208 0.794402
18.350000000 -171.072121 8.818778 52.179734 0.015674 0.610218 -0.019385 0.791841
18.400000000 -170.307553 8.789015 52.385828 0.014643 0.613794 -0.019896 0.789080
18.450000000 -169.521265 8.755866 52.599696 0.012756 0.617584 -0.020554 0.786132
18.500000000 -168.749161 8.718033 52.765601 0.010901 0.621256 -0.021680 0.783232
18.550000000 -167.941516 8.688736 52.963749 0.008530 0.625847 -0.023425 0.779547
18.600000000 -167.122149 8.649011 53.139134 0.006960 0.630916 -0.024411 0.775436
18.650000000 -166.298382 8.606599 53.299737 0.006081 0.636255 -0.025111 0.771046
18.700000000 -165.473126 8.580720 53.448230 0.007105 0.641432 -0.025303 0.766729
18.750000000 -164.632040 8.542813 53.592620 0.008905 0.646490 -0.025406 0.762447
18.800000000 -163.797046 8.516773 53.709817 0.011012 0.651111 -0.026061 0.758455
18.850000000 -162.954080 8.468065 53.820009 0.011944 0.655684 -0.025352 0.754515
18.900000000 -162.110247 8.435564 53.928322 0.011817 0.659839 -0.023461 0.750947
18.950000000 -161.247438 8.405683 54.026399 0.010888 0.663426 -0.021279 0.747860
19.000000000 -160.412079 8.359802 54.098227 0.010993 0.666252 -0.019194 0.745399
19.050000000 -159.556250 8.325433 54.191952 0.012084 0.668507 -0.017863 0.743394
19.100000000 -158.693214 8.296708 54.284532 0.013537 0.670135 -0.016658 0.741929
19.150000000 -157.840314 8.263686 54.362705 0.014260 0.670720 -0.017261 0.741372
19.200000000 -156.982976 8.223145 54.455755 0.015672 0.670834 -0.017955 0.741225
19.250000000 -156.129423 8.187118 54.530219 0.018264 0.670325 -0.019095 0.741597
19.300000000 -155.274820 8.151064 54.616784 0.019712 0.669552 -0.019312 0.742253
19.350000000 -154.375744 8.108217 54.729403 0.019294 0.668724 -0.019049 0.743016
19.400000000 -153.469246 8.066606 54.854861 0.017807 0.667521 -0.017580 0.744171
19.450000000 -152.578536 8.023844 54.968875 0.018539 0.666092 -0.015088 0.745487
19.500000000 -151.692413 7.989341 55.066673 0.019239 0.664161 -0.013904 0.747213
19.550000000 -150.826154 7.953645 55.170207 0.020020 0.662334 -0.013469 0.748820
19.600000000 -149.946955 7.914616 55.295226 0.020323 0.660641 -0.013935 0.750297
19.650000000 -149.083999 7.874492 55.413482 0.020215 0.658867 -0.014032 0.751857
19.700000000 -148.199008 7.838235 55.543845 0.019639 0.657261 -0.014116 0.753274
19.750000000 -147.312408 7.789912 55.657787 0.018667 0.655415 -0.013796 0.754912
19.800000000 -146.417192 7.757510 55.792034 0.017999 0.653642 -0.014134 0.756457
19.850000000 -145.536636 7.704072 55.916535 0.017698 0.652142 -0.014923 0.757743
19.900000000 -144.631396 7.661011 56.060083 0.018559 0.651041 -0.015343 0.758660
19.950000000 -143.737528 7.628278 56.206561 0.018368 0.650271 -0.017037 0.759289
20.000000000 -142.837856 7.590038 56.357809 0.017331 0.649860 -0.018156 0.759640
20.050000000 -141.914700 7.547741 56.511935 0.015868 0.649790 -0.018781 0.759716
20.100000000 -140.990903 7.500544 56.654901 0.014258 0.649688 -0.019077 0.759827
20.150000000 -140.075505 7.453275 56.803922 0.012422 0.650087 -0.019867 0.759498
20.200000000 -139.165696 7.412201 56.934869 0.011841 0.650517 -0.020673 0.759118
20.250000000 -138.271525 7.372098 57.069529 0.011464 0.651409 -0.021921 0.758324
20.300000000 -137.362689 7.319813 57.215328 0.011004 0.652264 -0.022988 0.757563
20.350000000 -136.442120 7.279992 57.359223 0.010405 0.652983 -0.022740 0.756959
20.400000000 -135.511581 7.229916 57.527859 0.009576 0.653757 -0.022062 0.756322
20.450000000 -134.591239 7.180217 57.688212 0.008807 0.654423 -0.022040 0.755756
20.500000000 -133.672151 7.146531 57.820141 0.008428 0.654729 -0.022392 0.755485
20.550000000 -132.743075 7.105532 57.980366 0.008159 0.655224 -0.022402 0.755058
20.600000000 -131.807942 7.083977 58.121026 0.008342 0.655612 -0.022177 0.754726
20.650000000 -130.890174 7.039300 58.256538 0.007823 0.655937 -0.022014 0.754454
20.700000000 -129.961079 7.000097 58.405025 0.006770 0.656411 -0.021070 0.754078
20.750000000 -129.047876 6.964894 58.529577 0.005884 0.656748 -0.020085 0.753820
20.800000000 -128.147360 6.921050 58.642664 0.006173 0.656988 -0.019839 0.753615
20.850000000 -127.246142 6.894528 58.762671 0.007760 0.657025 -0.021042 0.753535
20.900000000 -126.344980 6.860214 58.883840 0.008662 0.657110 -0.023436 0.753380
20.950000000 -125.431989 6.822041 59.013875 0.009640 0.657178 -0.023575 0.753305
21.000000000 -124.501394 6.773780 59.143395 0.009467 0.657067 -0.024080 0.753388
21.050000000 -123.589571 6.734574 59.272451 0.009041 0.656954 -0.025236 0.753454
21.100000000 -122.686625 6.690611 59.407342 0.008355 0.656732 -0.026359 0.753617
21.150000000 -121.795718 6.651025 59.541973 0.007545 0.656643 -0.027105 0.753677
21.200000000 -120.899064 6.603015 59.669706 0.007939 0.656718 -0.026661 0.753623
21.250000000 -120.008307 6.565111 59.810151 0.008410 0.656798 -0.026759 0.753545
21.300000000 -119.107826 6.524956 59.935075 0.010306 0.656836 -0.025755 0.753523
21.350000000 -118.227614 6.476354 60.081171 0.010058 0.656738 -0.026023 0.753603
21.400000000 -117.353612 6.431834 60.214448 0.009896 0.656844 -0.027005 0.753478
21.450000000 -116.470980 6.383411 60.349037 0.011714 0.656757 -0.027947 0.753493
21.500000000 -115.600090 6.354428 60.464580 0.011391 0.656663 -0.028107 0.753574
21.550000000 -114.724539 6.307647 60.610416 0.009506 0.657080 -0.028883 0.753207
21.600000000 -113.842593 6.258087 60.743554 0.007581 0.657009 -0.028570 0.753303
21.650000000 -112.971991 6.218541 60.853599 0.007070 0.656813 -0.027282 0.753527
21.700000000 -112.117090 6.182373 60.923725 0.007519 0.656138 -0.027243 0.754112
21.750000000 -111.258011 6.131558 61.025158 0.008312 0.656191 -0.026094 0.754098
21.800000000 -110.371728 6.089163 61.160988 0.008246 0.656377 -0.025939 0.753942
21.850000000 -109.510866 6.056608 61.283626 0.009026 0.656748 -0.025851 0.753613
21.900000000 -108.625426 6.017878 61.422951 0.009734 0.657436 -0.026080 0.752996
21.950000000 -107.747454 5.968711 61.550434 0.010773 0.658233 -0.026809 0.752260
22.000000000 -106.860814 5.922712 61.651104 0.012799 0.658931 -0.026449 0.751629
22.050000000 -105.963034 5.870789 61.752071 0.014095 0.659300 -0.026184 0.751291
22.100000000 -105.037945 5.824017 61.893486 0.014150 0.659848 -0.025007 0.750850
22.150000000 -104.134584 5.772884 62.020862 0.013892 0.660076 -0.023133 0.750714
22.200000000 -103.235795 5.726718 62.130790 0.013498 0.660220 -0.020848 0.750662
22.250000000 -102.306522 5.681018 62.269393 0.012435 0.660604 -0.020761 0.750345
22.300000000 -101.422590 5.637037 62.383293 0.012365 0.660869 -0.020255 0.750126
22.350000000 -100.516980 5.594830 62.517641 0.013080 0.660977 -0.019779 0.750032
22.400000000 -99.621357 5.559911 62.616063 0.013882 0.660907 -0.019826 0.750077
22.450000000 -98.675369 5.521877 62.762863 0.013424 0.661051 -0.019740 0.749961
22.500000000 -97.781552 5.481024 62.878080 0.013041 0.660928 -0.020009 0.750069
22.550000000 -96.818848 5.435104 62.997665 0.013436 0.660808 -0.020532 0.750154
22.600000000 -95.929163 5.395464 63.083373 0.013707 0.660306 -0.022481 0.750535
22.650000000 -95.000165 5.341168 63.224205 0.013466 0.660034 -0.023326 0.750753
22.700000000 -94.061829 5.296523 63.360789 0.012391 0.659657 -0.023022 0.751112
22.750000000 -93.121210 5.248656 63.477613 0.011003 0.659122 -0.022344 0.751623
22.800000000 -92.175212 5.226542 63.624302 0.010336 0.658685 -0.021811 0.752032
22.850000000 -91.227681 5.179752 63.779097 0.010308 0.658449 -0.022031 0.752232
22.900000000 -90.312612 5.138595 63.902327 0.010461 0.658049 -0.023030 0.752550
22.950000000 -89.369313 5.108643 64.043285 0.011223 0.657952 -0.023786 0.752600
23.000000000 -88.462802 5.062102 64.162484 0.010900 0.657856 -0.024526 0.752666
23.050000000 -87.565066 5.018525 64.286880 0.010447 0.657821 -0.024867 0.752691
23.100000000 -86.619573 4.975659 64.421165 0.009729 0.658108 -0.024244 0.752470
23.150000000 -85.697052 4.942336 64.551751 0.008587 0.658332 -0.023908 0.752299
23.200000000 -84.728961 4.898443 64.709192 0.007391 0.658896 -0.023675 0.751825
23.250000000 -83.860827 4.864878 64.814589 0.007540 0.659038 -0.023391 0.751708
23.300000000 -82.920652 4.826920 64.938496 0.007940 0.659281 -0.023411 0.751490
23.350000000 -82.023585 4.798863 65.052521 0.008730 0.659342 -0.023128 0.751437
23.400000000 -81.060663 4.758954 65.182177 0.008493 0.659634 -0.022910 0.751189
23.450000000 -80.138736 4.719323 65.302384 0.008266 0.659731 -0.022376 0.751123
23.500000000 -79.191013 4.675620 65.430113 0.007850 0.660079 -0.022270 0.750825
23.550000000 -78.248198 4.651433 65.573983 0.008700 0.660261 -0.022485 0.750649
23.600000000 -77.331533 4.601186 65.683956 0.009370 0.660334 -0.023294 0.750552
23.650000000 -76.420013 4.566885 65.800464 0.009875 0.660408 -0.024778 0.750433
23.700000000 -75.478807 4.529035 65.931052 0.010639 0.660773 -0.025182 0.750088
23.750000000 -74.551867 4.473348 66.063184 0.010932 0.661113 -0.025992 0.749757
23.800000000 -73.203321 4.390717 65.705604 0.010637 0.656976 -0.027489 0.753335
23.850000000 -72.728766 4.374274 66.281848 0.010673 0.661638 -0.027317 0.749250
23.900000000 -71.804889 4.323615 66.399340 0.010813 0.661833 -0.026383 0.749109
23.950000000 -70.883596 4.285298 66.499828 0.010691 0.661966 -0.025872 0.749011
24.000000000 -69.971105 4.235376 66.621622 0.011045 0.662148 -0.025007 0.748875
24.050000000 -69.021673 4.212715 66.779777 0.011835 0.662385 -0.023808 0.748692
24.100000000 -68.131047 4.144936 66.843082 0.011756 0.662252 -0.023066 0.748834
24.150000000 -67.238464 4.109162 66.949149 0.012782 0.662227 -0.022689 0.748851
24.200000000 -66.312274 4.068699 67.064565 0.013396 0.662252 -0.022554 0.748822
24.250000000 -65.409128 4.023620 67.159734 0.013295 0.662154 -0.022211 0.748920
24.300000000 -64.515363 3.956718 67.254059 0.012817 0.662114 -0.020899 0.749002
24.350000000 -63.592963 3.908705 67.363906 0.012841 0.662178 -0.019914 0.748972
24.400000000 -62.699262 3.867992 67.469091 0.013505 0.662206 -0.019551 0.748945
24.450000000 -61.805152 3.829470 67.568781 0.014054 0.662131 -0.020228 0.748983
24.500000000 -60.900655 3.786820 67.678551 0.014693 0.662079 -0.020323 0.749014
24.550000000 -59.986913 3.742732 67.779716 0.015257 0.661961 -0.019862 0.749120
24.600000000 -59.105429 3.696829 67.877845 0.015055 0.662090 -0.019569 0.749017
24.650000000 -58.194787 3.652781 67.987076 0.014970 0.662137 -0.019490 0.748980
24.700000000 -57.322529 3.621109 68.087924 0.014794 0.662154 -0.020197 0.748950
24.750000000 -56.424999 3.565660 68.184582 0.015096 0.662163 -0.019643 0.748950
24.800000000 -55.559161 3.526055 68.287453 0.015878 0.662153 -0.018296 0.748977
24.850000000 -54.679660 3.469252 68.379447 0.015774 0.661978 -0.017306 0.749157
24.900000000 -53.793048 3.418320 68.480589 0.015805 0.661674 -0.015878 0.749457
24.950000000 -52.919924 3.367902 68.596538 0.016791 0.661510 -0.015685 0.749584
25.000000000 -52.045382 3.321761 68.705981 0.016522 0.661105 -0.018395 0.749886
25.050000000 -51.173908 3.281305 68.807338 0.017438 0.660933 -0.017495 0.750038
25.100000000 -50.283710 3.241770 68.903363 0.016020 0.660538 -0.013709 0.750497
25.150000000 -49.394054 3.218444 69.007238 0.014531 0.660555 -0.011685 0.750546
25.200000000 -48.520339 3.185698 69.127403 0.015366 0.660498 -0.011303 0.750586
25.250000000 -47.500319 3.192565 69.377016 0.019125 0.660777 -0.013260 0.750222
25.300000000 -46.748096 3.156883 69.328312 0.019914 0.658881 -0.013626 0.751860
25.350000000 -45.871055 3.122839 69.448410 0.019153 0.658416 -0.011925 0.752316
25.400000000 -45.028690 3.087221 69.550394 0.020611 0.657834 -0.011488 0.752793
25.450000000 -44.192009 3.048041 69.662502 0.022632 0.657601 -0.014016 0.752896
25.500000000 -43.361471 3.006309 69.785090 0.024673 0.657284 -0.016078 0.753067
25.550000000 -42.495740 2.950149 69.921954 0.024808 0.656939 -0.014192 0.753402
25.600000000 -41.634630 2.912911 70.048096 0.023949 0.656755 -0.010259 0.753654
25.650000000 -40.758764 2.874246 70.184584 0.023082 0.656747 -0.007236 0.753723
25.700000000 -39.946631 2.836352 70.293981 0.022881 0.656795 -0.005692 0.753700
25.750000000 -39.115205 2.796215 70.412415 0.022932 0.656965 -0.005807 0.753550
25.800000000 -38.324667 2.740138 70.486569 0.023503 0.657034 -0.006928 0.753462
25.850000000 -37.505785 2.704158 70.608713 0.025357 0.657596 -0.007606 0.752906
25.900000000 -36.660509 2.665627 70.735437 0.026723 0.658142 -0.008412 0.752373
25.950000000 -35.829141 2.633558 70.860327 0.027424 0.658511 -0.009099 0.752017
26.000000000 -35.005303 2.591063 70.971909 0.027248 0.658754 -0.009032 0.751810
26.050000000 -34.183626 2.552574 71.097428 0.026740 0.659051 -0.008185 0.751578
26.100000000 -33.368874 2.513366 71.211586 0.025291 0.659041 -0.007743 0.751642
26.150000000 -32.572276 2.468725 71.339341 0.024187 0.659393 -0.006941 0.751377
26.200000000 -31.786684 2.420453 71.439408 0.024246 0.659216 -0.005806 0.751540
26.250000000 -30.999846 2.380303 71.557790 0.024852 0.659144 -0.005098 0.751589
26.300000000 -30.236369 2.349287 71.657946 0.025143 0.659083 -0.004739 0.751635
26.350000000 -29.990702 2.307185 71.576277 0.025026 0.659237 -0.001984 0.751516
26.400000000 -29.672998 2.263051 71.461219 0.023744 0.658096 -0.001685 0.752558
26.450000000 -28.074025 2.271144 71.935281 0.024148 0.658866 -0.002883 0.751867
26.500000000 -27.696207 2.161063 71.464369 0.021656 0.653688 -0.002092 0.756451
26.550000000 -26.788977 2.199642 72.108843 0.023881 0.659519 -0.002828 0.751303
26.600000000 -26.201489 2.170312 72.208523 0.024019 0.660181 -0.003477 0.750715
26.650000000 -25.943459 2.153752 71.474247 0.023614 0.652564 -0.004509 0.757352
26.700000000 -25.113155 2.121681 72.344193 0.023810 0.661172 -0.006150 0.749831
26.750000000 -24.634766 2.092368 72.407931 0.024220 0.661708 -0.005717 0.749348
26.800000000 -24.168310 2.080430 72.481047 0.024989 0.662228 -0.006361 0.748859
26.850000000 -24.500915 2.000025 71.551892 0.022887 0.653502 -0.006328 0.756552
26.900000000 -23.237916 2.033710 72.606595 0.026735 0.662930 -0.008715 0.748153
26.950000000 -22.797083 2.005283 72.661100 0.026256 0.662948 -0.009495 0.748145
27.000000000 -22.356454 1.956525 72.704377 0.025118 0.662618 -0.009557 0.748475
27.050000000 -21.915903 1.930869 72.754792 0.023992 0.662416 -0.009417 0.748692
27.100000000 -21.413426 1.903177 72.815141 0.022479 0.662430 -0.009664 0.748724
27.150000000 -20.970109 1.881439 72.875388 0.021372 0.662349 -0.010461 0.748818
27.200000000 -20.541376 1.858522 72.935594 0.020568 0.662240 -0.011809 0.748916
27.250000000 -20.094855 1.835560 72.993119 0.019990 0.662515 -0.012339 0.748680
27.300000000 -19.596248 1.830361 73.077545 0.019141 0.663362 -0.013113 0.747939
27.350000000 -19.187997 1.797227 73.097989 0.018146 0.663966 -0.013853 0.747415
27.400000000 -18.762550 1.784793 73.141890 0.017712 0.665420 -0.015519 0.746098
27.450000000 -18.340457 1.756674 73.195175 0.017278 0.667689 -0.016279 0.744061
27.500000000 -17.902939 1.736054 73.247971 0.016124 0.670151 -0.016887 0.741858
27.550000000 -17.483934 1.710405 73.283255 0.015129 0.672317 -0.017171 0.739910
27.600000000 -17.060502 1.692193 73.319000 0.015003 0.674440 -0.018290 0.737951
27.650000000 -16.657777 1.672239 73.344202 0.015065 0.677020 -0.018640 0.735574
27.700000000 -16.274694 1.655508 73.380868 0.014878 0.680032 -0.019112 0.732782
27.750000000 -15.905589 1.641706 73.389204 0.014709 0.682562 -0.019258 0.730426
27.800000000 -15.552907 1.617641 73.391873 0.014751 0.684770 -0.019438 0.728351
27.850000000 -15.172494 1.586561 73.410011 0.015497 0.687224 -0.019748 0.726012
27.900000000 -14.839103 1.562770 73.432285 0.015521 0.690234 -0.020620 0.723126
27.950000000 -14.500379 1.543816 73.448098 0.014596 0.693701 -0.021276 0.719801
28.000000000 -14.151768 1.523858 73.454986 0.013448 0.698026 -0.021511 0.715623
28.050000000 -13.808948 1.504798 73.458375 0.012903 0.703159 -0.021228 0.710599
28.100000000 -13.464600 1.487561 73.428920 0.012932 0.708205 -0.020238 0.705598
28.150000000 -13.138203 1.469403 73.415040 0.013546 0.713707 -0.019364 0.700046
28.200000000 -12.813819 1.452341 73.392675 0.014060 0.718973 -0.018752 0.694642
28.250000000 -12.503018 1.435374 73.347466 0.014172 0.723792 -0.018210 0.689632
28.300000000 -12.181863 1.419237 73.318647 0.014006 0.728837 -0.017705 0.684315
28.350000000 -11.880218 1.398732 73.267911 0.013497 0.733518 -0.017429 0.679312
28.400000000 -11.572297 1.381173 73.234237 0.013058 0.738274 -0.016830 0.674165
28.450000000 -11.290866 1.368161 73.179918 0.013316 0.742492 -0.015682 0.669539
28.500000000 -11.005484 1.354936 73.134115 0.014258 0.746592 -0.014676 0.664967
28.550000000 -10.763133 1.322828 73.070523 0.015110 0.749909 -0.013320 0.661234
28.600000000 -10.483384 1.319161 73.061910 0.016003 0.753624 -0.012740 0.656987
28.650000000 -10.239163 1.304498 73.016829 0.016649 0.756161 -0.012244 0.654059
28.700000000 -10.011030 1.299008 72.989463 0.017183 0.758030 -0.011768 0.651887
28.750000000 -9.799199 1.286142 72.953117 0.017213 0.759220 -0.011615 0.650503
28.800000000 -9.601464 1.270157 72.923202 0.017374 0.759891 -0.011244 0.649721
28.850000000 -9.416138 1.260369 72.895584 0.017838 0.760015 -0.011092 0.649566
28.900000000 -9.248181 1.250033 72.873154 0.018226 0.759606 -0.011923 0.650019
28.950000000 -9.081974 1.241012 72.853390 0.018867 0.758549 -0.013333 0.651207
29.000000000 -8.914544 1.232537 72.834334 0.019617 0.756883 -0.014110 0.653103
29.050000000 -8.749176 1.224165 72.817059 0.020098 0.754671 -0.013960 0.655646
29.100000000 -8.603124 1.219776 72.798331 0.020218 0.751662 -0.013892 0.659092
29.150000000 -8.434667 1.210997 72.787889 0.020311 0.748263 -0.013692 0.662950
29.200000000 -8.266858 1.202735 72.781580 0.020319 0.744222 -0.013190 0.667493
29.250000000 -8.118694 1.196168 72.777384 0.020586 0.739222 -0.012615 0.673029
29.300000000 -7.958653 1.189276 72.776749 0.020738 0.733669 -0.012652 0.679073
29.350000000 -7.812129 1.178325 72.782098 0.020659 0.727579 -0.013145 0.685587
29.400000000 -7.649194 1.167906 72.795008 0.021055 0.720571 -0.014045 0.692919
29.450000000 -7.485253 1.161853 72.815027 0.021991 0.712614 -0.015653 0.701037
29.500000000 -7.300491 1.152996 72.839506 0.023031 0.703650 -0.016502 0.709981
29.550000000 -7.101001 1.143747 72.871025 0.023667 0.693000 -0.016490 0.720360
29.600000000 -6.884917 1.138938 72.917051 0.023469 0.680929 -0.016472 0.731788
29.650000000 -6.654445 1.131816 72.972562 0.022848 0.667372 -0.016327 0.744195
29.700000000 -6.415842 1.121855 73.041765 0.020904 0.652401 -0.016221 0.757412
29.750000000 -6.164890 1.115150 73.125402 0.018696 0.636247 -0.015161 0.771110
29.800000000 -5.911038 1.105671 73.219294 0.017564 0.619010 -0.014366 0.785055
29.850000000 -5.659530 1.093966 73.324754 0.017420 0.600800 -0.013607 0.799094
29.900000000 -5.402931 1.078503 73.439128 0.016650 0.581780 -0.011650 0.813092
29.950000000 -5.145158 1.071763 73.581233 0.015257 0.562522 -0.010390 0.826576
30.000000000 -4.890893 1.073955 73.763793 0.013236 0.543365 -0.010458 0.839327
30.050000000 -4.652703 1.050489 73.910778 0.009186 0.522092 -0.010604 0.852774
30.100000000 -4.416466 1.043990 74.096485 0.007167 0.501131 -0.010245 0.865281
30.150000000 -4.794308 1.009627 73.889076 0.004787 0.482775 -0.009603 0.875679
30.200000000 -3.946003 1.038311 74.501967 0.007546 0.456183 -0.007449 0.889823
30.250000000 -3.739441 1.029660 74.716973 0.008197 0.432682 -0.006543 0.901486
30.300000000 -3.533605 1.021873 74.963172 0.007807 0.408494 -0.007493 0.912697
30.350000000 -3.335807 1.012573 75.220092 0.006693 0.384169 -0.007861 0.923205
30.400000000 -3.139669 1.004053 75.490854 0.006596 0.359622 -0.006118 0.933055
30.450000000 -2.946018 1.002006 75.786208 0.007410 0.335124 -0.004744 0.942133
30.500000000 -2.753153 1.017008 76.109336 0.009295 0.311103 -0.003327 0.950325
30.550000000 -2.577804 1.003357 76.420421 0.009540 0.287397 -0.002625 0.957761
30.600000000 -2.417084 1.003659 76.777699 0.008095 0.265008 -0.005414 0.964197
30.650000000 -2.269070 0.999732 77.153725 0.005469 0.243017 -0.008510 0.969969
30.700000000 -2.124787 0.997723 77.537399 0.004044 0.221822 -0.008956 0.975038
30.750000000 -1.986367 0.999349 77.929980 0.003161 0.201103 -0.008077 0.979532
30.800000000 -1.859534 0.998411 78.337733 0.002148 0.180584 -0.006484 0.983536
30.850000000 -1.743299 1.000191 78.756863 0.000717 0.159685 -0.004903 0.987156
30.900000000 -1.648802 0.997067 79.188942 -0.000919 0.139001 -0.004329 0.990282
30.950000000 -1.576506 1.002137 79.634519 -0.001769 0.119773 -0.005661 0.992784
31.000000000 -1.509219 1.008128 80.103255 -0.002210 0.102493 -0.007335 0.994704
31.050000000 -1.447048 1.010873 80.573540 -0.002551 0.087506 -0.008954 0.996120
31.100000000 -1.391840 1.014248 81.052815 -0.003287 0.075401 -0.010303 0.997095
31.150000000 -1.343330 1.019364 81.540694 -0.004030 0.065959 -0.011813 0.997744
31.200000000 -1.296721 1.025776 82.051108 -0.004500 0.058622 -0.012868 0.998187
31.250000000 -1.254743 1.031961 82.563817 -0.004894 0.052922 -0.013771 0.998492
31.300000000 -1.213116 1.041123 83.087927 -0.005290 0.048962 -0.014257 0.998685
31.350000000 -1.169923 1.045648 83.612443 -0.005704 0.046045 -0.014841 0.998813
31.400000000 -1.135274 1.050055 84.141337 -0.005992 0.044451 -0.015548 0.998873
31.450000000 -1.099377 1.055317 84.692898 -0.005810 0.043553 -0.016061 0.998905
31.500000000 -1.055084 1.064930 85.219399 -0.005502 0.042604 -0.016217 0.998945
31.550000000 -1.013082 1.076595 85.761877 -0.005309 0.041740 -0.014934 0.999003
31.600000000 -0.968346 1.085325 86.326799 -0.004785 0.040702 -0.013560 0.999068
31.650000000 -0.928779 1.090833 86.901073 -0.004468 0.039799 -0.013084 0.999112
31.700000000 -0.880409 1.096531 87.433827 -0.005142 0.038725 -0.010814 0.999178
31.750000000 -0.839061 1.096924 87.985367 -0.005528 0.037994 -0.009422 0.999218
31.800000000 -0.824333 1.105002 88.560211 -0.004388 0.037268 -0.010822 0.999237
31.850000000 -0.782747 1.106349 89.107245 -0.003198 0.036976 -0.012457 0.999233
31.900000000 -0.744817 1.105838 89.657891 -0.002883 0.037063 -0.013074 0.999223
31.950000000 -0.700234 1.112758 90.189966 -0.002425 0.036520 -0.011031 0.999269
32.000000000 -0.652996 1.119682 90.735232 -0.002048 0.036467 -0.008693 0.999295
32.050000000 -0.615111 1.120358 91.269558 -0.002932 0.037417 -0.009659 0.999249
32.100000000 -0.587081 1.120803 91.806768 -0.003925 0.037716 -0.012074 0.999208
32.150000000 -0.564722 1.126901 92.363931 -0.004734 0.037896 -0.013016 0.999186
32.200000000 -0.530868 1.132421 92.891287 -0.004830 0.037941 -0.012483 0.999190
32.250000000 -0.493495 1.142686 93.448685 -0.005188 0.038214 -0.012127 0.999182
32.300000000 -0.458960 1.152577 93.977794 -0.005021 0.038403 -0.012076 0.999177
32.350000000 -0.422797 1.150818 94.511779 -0.004946 0.038831 -0.012466 0.999156
32.400000000 -0.371013 1.152824 95.035512 -0.004889 0.039352 -0.012540 0.999135
32.450000000 -0.333431 1.162589 95.545020 -0.004843 0.040284 -0.011943 0.999105
32.500000000 -0.288914 1.172716 96.041953 -0.004520 0.040869 -0.010836 0.999096
32.550000000 -0.248721 1.176303 96.562480 -0.004373 0.041772 -0.010431 0.999063
32.600000000 -0.206410 1.183016 97.070921 -0.004475 0.042909 -0.010636 0.999012
32.650000000 -0.165869 1.187228 97.543709 -0.004727 0.044004 -0.010838 0.998961
32.700000000 -0.099083 1.186451 98.050378 -0.004775 0.044283 -0.009785 0.998960
32.750000000 -0.072095 1.191359 98.515738 -0.004685 0.045664 -0.008751 0.998908
32.800000000 -0.019189 1.190882 98.995481 -0.004568 0.046431 -0.007790 0.998881
32.850000000 0.034056 1.191236 99.495549 -0.004009 0.047098 -0.007381 0.998855
32.900000000 0.081510 1.196216 100.006508 -0.002536 0.047566 -0.007138 0.998839
32.950000000 0.135417 1.200576 100.513203 -0.001359 0.048043 -0.006449 0.998824
33.000000000 0.186198 1.207085 101.030672 -0.000937 0.047997 -0.006217 0.998828
33.050000000 0.242393 1.215233 101.564809 -0.000992 0.047823 -0.005329 0.998841
33.100000000 0.300907 1.220356 102.121951 -0.001340 0.047645 -0.004528 0.998853
33.150000000 0.347549 1.227595 102.652651 -0.001351 0.047122 -0.003762 0.998881
33.200000000 0.389068 1.224836 103.182711 -0.001387 0.046245 -0.002752 0.998925
33.250000000 0.433334 1.221076 103.744886 -0.001661 0.044916 -0.002699 0.998986
33.300000000 0.472317 1.225665 104.300297 -0.002332 0.043530 -0.002882 0.999045
33.350000000 0.512413 1.228499 104.853537 -0.003008 0.041520 -0.002709 0.999129
33.400000000 0.545286 1.234657 105.433016 -0.003547 0.039286 -0.002379 0.999219
33.450000000 0.583450 1.240926 106.025665 -0.004084 0.036663 -0.002519 0.999316
33.500000000 0.621232 1.243786 106.593269 -0.004141 0.034106 -0.002671 0.999406
33.550000000 0.651182 1.251333 107.163698 -0.003186 0.031467 -0.003025 0.999495
33.600000000 0.671493 1.261645 107.712266 -0.002164 0.028843 -0.003455 0.999576
33.650000000 0.698108 1.264834 108.318095 -0.001462 0.026206 -0.004755 0.999644
33.700000000 0.713360 1.273234 108.887558 -0.000803 0.023819 -0.005724 0.999700
33.750000000 0.722199 1.277528 109.449073 -0.000882 0.021507 -0.006611 0.999746
33.800000000 0.742077 1.282581 109.999266 -0.001380 0.019610 -0.006239 0.999787
33.850000000 0.757319 1.281494 110.632916 -0.002153 0.017956 -0.006138 0.999818
33.900000000 0.778068 1.288153 111.200969 -0.003328 0.016821 -0.006324 0.999833
33.950000000 0.793914 1.293777 111.754233 -0.004061 0.016145 -0.007659 0.999832
34.000000000 0.810479 1.301751 112.315897 -0.004173 0.015878 -0.008787 0.999827
34.050000000 0.811221 1.310977 112.938825 -0.004377 0.016233 -0.009412 0.999814
34.100000000 0.827624 1.321070 113.484933 -0.004353 0.017265 -0.009995 0.999792
34.150000000 0.853313 1.342158 114.022365 -0.004225 0.018552 -0.010233 0.999767
34.200000000 0.871562 1.349850 114.579378 -0.004685 0.020003 -0.010427 0.999735
34.250000000 0.939647 1.356642 115.185120 -0.005483 0.020858 -0.010979 0.999707
34.300000000 0.912061 1.345166 115.737710 -0.006285 0.023284 -0.011989 0.999637
34.350000000 0.931642 1.352037 116.268906 -0.006668 0.025548 -0.012596 0.999572
34.400000000 0.957853 1.366765 116.871972 -0.006564 0.027770 -0.013155 0.999506
34.450000000 0.990517 1.376192 117.376319 -0.006364 0.030596 -0.013788 0.999416
34.500000000 1.022491 1.387740 117.870132 -0.006392 0.033911 -0.013542 0.999313
34.550000000 1.078632 1.403946 118.400847 -0.006524 0.036931 -0.012306 0.999221
34.600000000 1.090678 1.395209 118.887781 -0.006970 0.040670 -0.011178 0.999086
34.650000000 1.153043 1.405284 119.358953 -0.004982 0.044014 -0.011379 0.998954
34.700000000 1.208482 1.406611 119.877062 -0.001777 0.047448 -0.010471 0.998817
34.750000000 1.261369 1.405721 120.311615 0.000685 0.051025 -0.010552 0.998641
34.800000000 1.304882 1.398426 120.757810 0.004753 0.054508 -0.010108 0.998451
34.850000000 1.381102 1.401359 121.250947 0.010098 0.057153 -0.010106 0.998263
34.900000000 1.444480 1.399877 121.684910 0.015326 0.059884 -0.009984 0.998038
34.950000000 1.506779 1.397198 122.129426 0.017417 0.062536 -0.009785 0.997843
35.000000000 2.090485 1.229572 122.795322 0.015607 0.059961 -0.008405 0.998043
35.050000000 1.681035 1.321119 123.126584 0.016150 0.066441 -0.007068 0.997635
35.100000000 1.741049 1.315912 123.576796 0.013215 0.068872 -0.007039 0.997513
35.150000000 1.803321 1.308553 124.021785 0.008770 0.070982 -0.008311 0.997404
35.200000000 1.884387 1.307259 124.483608 0.004817 0.072845 -0.008452 0.997296
35.250000000 1.920611 1.286728 124.926072 0.001939 0.075096 -0.009031 0.997134
35.300000000 2.008162 1.264917 125.338178 0.000200 0.077175 -0.008273 0.996983
35.350000000 2.093466 1.253929 125.714934 0.000109 0.079442 -0.007508 0.996811
35.400000000 2.162568 1.256173 126.121189 0.000997 0.082821 -0.006970 0.996540
35.450000000 2.235887 1.260971 126.524530 0.001345 0.086154 -0.007894 0.996250
35.500000000 2.296129 1.273770 126.944337 0.001134 0.089554 -0.007712 0.995951
35.550000000 2.392987 1.273613 127.377158 0.000416 0.092633 -0.007662 0.995671
35.600000000 2.478792 1.259933 127.814816 -0.001066 0.095988 -0.008531 0.995345
35.650000000 2.559077 1.260738 128.254739 -0.003328 0.099134 -0.010176 0.995017
35.700000000 2.662193 1.289546 128.691312 -0.006112 0.101778 -0.008657 0.994751
35.750000000 2.760014 1.288515 129.101069 -0.010376 0.104161 -0.006166 0.994487
35.800000000 2.853019 1.301755 129.509498 -0.014007 0.106555 -0.004511 0.994198
35.850000000 2.944061 1.316817 129.890095 -0.017743 0.108116 -0.003411 0.993974
35.900000000 3.038917 1.327541 130.269262 -0.020945 0.109688 -0.002448 0.993742
35.950000000 3.118234 1.330221 130.625576 -0.021615 0.111616 -0.003506 0.993510
36.000000000 3.219103 1.340298 131.016954 -0.019185 0.112973 -0.006249 0.993393
36.050000000 3.276332 1.337275 131.356717 -0.016958 0.114463 -0.007617 0.993254
36.100000000 3.361255 1.343862 131.692429 -0.014199 0.115807 -0.006753 0.993147
36.150000000 3.446607 1.354509 132.017765 -0.010751 0.116530 -0.004399 0.993119
36.200000000 3.491348 1.352314 132.329810 -0.007142 0.115852 -0.002812 0.993237
36.250000000 3.592510 1.373416 132.592005 -0.002729 0.112116 -0.000804 0.993691
36.300000000 3.653670 1.378967 132.861609 0.001190 0.106915 0.000439 0.994267
36.350000000 3.700712 1.377569 133.148231 0.003243 0.100030 0.001538 0.994978
36.400000000 3.737992 1.372831 133.447809 0.001737 0.090691 0.000883 0.995877
36.450000000 3.755804 1.360782 133.749314 0.000012 0.078496 0.000573 0.996914
36.500000000 3.764941 1.358753 134.040396 0.000749 0.064624 -0.000093 0.997909
36.550000000 3.760809 1.356421 134.310004 0.001883 0.049053 -0.000353 0.998794
36.600000000 3.732941 1.347428 134.570884 0.002243 0.032180 -0.000839 0.999479
36.650000000 3.701532 1.344418 134.833885 0.001891 0.014348 -0.001060 0.999895
36.700000000 3.665959 1.343760 135.093389 0.001627 -0.005016 -0.001220 0.999985
36.750000000 3.622734 1.346949 135.365907 0.000981 -0.025435 -0.001078 0.999675
36.800000000 3.567491 1.349737 135.634259 0.000251 -0.046969 -0.001081 0.998896
36.850000000 3.495354 1.359421 135.908616 -0.000928 -0.069194 -0.000968 0.997602
36.900000000 3.413738 1.360160 136.183339 -0.002399 -0.091534 -0.000966 0.995799
36.950000000 3.316520 1.361447 136.472444 -0.004414 -0.114013 -0.001658 0.993468
37.000000000 3.202494 1.366425 136.748525 -0.005584 -0.136824 -0.002970 0.990575
37.050000000 3.065573 1.371375 137.018167 -0.005888 -0.160387 -0.004977 0.987024
37.100000000 2.911632 1.380762 137.306589 -0.006090 -0.183939 -0.006213 0.982899
37.150000000 2.743055 1.389780 137.583156 -0.006160 -0.207088 -0.007097 0.978277
37.200000000 2.567245 1.396352 137.859029 -0.006989 -0.230412 -0.006266 0.973048
37.250000000 2.372110 1.404251 138.146831 -0.008539 -0.253617 -0.005265 0.967253
37.300000000 2.119906 1.427894 138.433459 -0.009390 -0.275976 -0.004407 0.961108
37.350000000 1.918675 1.427519 138.697995 -0.010221 -0.300015 -0.006131 0.953860
37.400000000 1.659770 1.443767 138.964370 -0.010481 -0.323756 -0.009029 0.946040
37.450000000 1.385344 1.455977 139.231730 -0.012054 -0.347264 -0.009020 0.937647
37.500000000 1.081542 1.472880 139.509328 -0.013790 -0.370497 -0.008106 0.928696
37.550000000 0.758677 1.492199 139.776293 -0.014085 -0.393896 -0.008329 0.919009
37.600000000 0.407326 1.515864 140.034886 -0.013584 -0.417556 -0.009234 0.908503
37.650000000 0.033516 1.535442 140.283427 -0.013713 -0.440703 -0.008918 0.897504
37.700000000 -0.354680 1.555211 140.516347 -0.013541 -0.463370 -0.008606 0.886019
37.750000000 -0.772119 1.574610 140.738637 -0.012224 -0.485861 -0.008179 0.873912
37.800000000 -1.213435 1.603611 140.947733 -0.010186 -0.507938 -0.007654 0.861299
37.850000000 -1.669054 1.625109 141.140442 -0.009726 -0.529284 -0.006891 0.848361
37.900000000 -2.207586 1.670796 141.402014 -0.010572 -0.550218 -0.005436 0.834937
37.950000000 -2.671693 1.672538 141.485613 -0.012072 -0.567673 -0.005810 0.823145
38.000000000 -3.206177 1.693299 141.639737 -0.012259 -0.584286 -0.008138 0.811414
38.050000000 -3.755653 1.714975 141.772007 -0.012331 -0.598937 -0.009891 0.800640
38.100000000 -4.313459 1.742795 141.894089 -0.012144 -0.612123 -0.010191 0.790604
38.150000000 -4.893026 1.762897 142.014122 -0.012874 -0.623746 -0.010098 0.781456
38.200000000 -5.488338 1.783402 142.126799 -0.014616 -0.634140 -0.009678 0.773020
38.250000000 -6.101231 1.810329 142.228295 -0.016322 -0.643473 -0.009312 0.765238
38.300000000 -6.731926 1.840279 142.315550 -0.017787 -0.651451 -0.010002 0.758416
38.350000000 -7.383455 1.869456 142.384999 -0.018796 -0.658314 -0.011051 0.752428
38.400000000 -8.034454 1.901629 142.451582 -0.019390 -0.664450 -0.011295 0.746996
38.450000000 -8.704148 1.937259 142.514091 -0.020083 -0.669521 -0.011405 0.742434
38.500000000 -9.368851 1.972985 142.560683 -0.020102 -0.673748 -0.011815 0.738593
38.550000000 -10.069818 2.013272 142.614250 -0.020558 -0.677023 -0.011939 0.735578
38.600000000 -10.751791 2.047215 142.665386 -0.021219 -0.679417 -0.012430 0.733340
38.650000000 -11.452605 2.088604 142.708791 -0.021927 -0.680873 -0.012770 0.731962
38.700000000 -12.171686 2.130903 142.753330 -0.022381 -0.681432 -0.013555 0.731414
38.750000000 -12.905776 2.174347 142.797679 -0.022960 -0.681166 -0.014186 0.731631
38.800000000 -13.641408 2.217670 142.862327 -0.024179 -0.680821 -0.013853 0.731920
38.850000000 -14.401679 2.266494 142.923096 -0.025650 -0.680246 -0.012707 0.732424
38.900000000 -15.141141 2.313290 142.981628 -0.028030 -0.679838 -0.011062 0.732743
38.950000000 -15.896603 2.357448 143.048773 -0.028673 -0.679664 -0.009803 0.732897
39.000000000 -16.651041 2.405360 143.098735 -0.027949 -0.679325 -0.007893 0.733262
39.050000000 -17.443426 2.450761 143.159674 -0.026320 -0.679135 -0.006891 0.733509
39.100000000 -18.208394 2.490839 143.215182 -0.025913 -0.678880 -0.004566 0.733778
39.150000000 -18.998307 2.535280 143.308115 -0.025899 -0.678637 -0.004685 0.734002
39.200000000 -19.793467 2.558368 143.339118 -0.026397 -0.677186 -0.004648 0.735324
39.250000000 -20.602469 2.594331 143.399853 -0.026318 -0.676441 -0.005486 0.736006
39.300000000 -21.404963 2.633264 143.454088 -0.026266 -0.675738 -0.006243 0.736647
39.350000000 -22.200909 2.676946 143.524786 -0.026279 -0.675297 -0.006844 0.737046
39.400000000 -23.010751 2.712188 143.591908 -0.027448 -0.674693 -0.006372 0.737561
39.450000000 -23.837850 2.755775 143.663434 -0.027549 -0.674149 -0.006486 0.738053
39.500000000 -24.671742 2.798707 143.729028 -0.026928 -0.673546 -0.006416 0.738626
39.550000000 -25.505460 2.842252 143.794867 -0.026526 -0.672983 -0.006207 0.739156
39.600000000 -26.337297 2.887179 143.867241 -0.027057 -0.672517 -0.005709 0.739565
39.650000000 -27.181763 2.926426 143.949769 -0.027641 -0.672215 -0.005401 0.739820
39.700000000 -28.048024 2.971025 144.029309 -0.028225 -0.672068 -0.004975 0.739935
39.750000000 -28.889193 3.010929 144.111835 -0.028582 -0.672225 -0.004833 0.739779
39.800000000 -29.731926 3.039304 144.177363 -0.028566 -0.672183 -0.005007 0.739817
39.850000000 -30.600927 3.092736 144.258249 -0.029107 -0.672446 -0.004178 0.739561
39.900000000 -31.467782 3.131835 144.340058 -0.029259 -0.672707 -0.004051 0.739319
