11 0 Car 1 1 -8.08119 -0.0467519 260.583 177.827 367.815 4.71 1.57 1.88  -13.39 3.54 18.97  3.14149 0
12 0 Car 1 1 -8.07902 -73.3856 268.438 137.03 390.116 4.71 1.57 1.88  -13.54 3.56 17.35  3.14042 0
13 0 Car 1 1 -8.07942 -164.161 277.287 90.4039 418.162 4.71 1.57 1.88  -13.57 3.55 15.62  3.14042 0
14 0 Car 1 1 -8.07927 -278.763 287.637 35.3041 453.53 4.71 1.57 1.88  -13.60 3.54 13.94  3.13992 0
15 0 Car 1 1 -8.07935 -437.608 301.175 -34.6114 502.727 4.71 1.57 1.88  -13.65 3.54 12.23  3.14009 0
16 0 Car 1 1 -8.07934 -661.571 317.891 -122.152 571.617 4.71 1.57 1.88  -13.71 3.54 10.53  3.14003 0
17 0 Car 1 1 -8.07678 -1005.56 340.996 -235.582 680.603 4.71 1.57 1.88  -13.75 3.56 8.82  3.13852 0
18 0 Car 1 1 -8.07589 -1595.38 371.405 -386.579 866.961 4.71 1.57 1.88  -13.73 3.57 7.10  3.13777 0
19 0 Car 1 1 -8.07574 -2784.4 413.559 -589.97 1245.97 4.71 1.57 1.88  -13.67 3.57 5.45  3.13777 0
20 0 Car 1 1 -8.07668 -6697.93 474.468 -901.117 2467.86 4.71 1.57 1.88  -13.66 3.55 3.82  3.13778 0
90 1 Car 1 1 -9.92048 472.067 128.782 510.295 166.319 4.39 1.49 1.84  -6.23 -1.29 38.35  3.14083 0
91 1 Car 1 1 -9.92117 464.278 126.284 505.337 165.984 4.39 1.49 1.84  -6.24 -1.29 36.43  3.14067 0
92 1 Car 1 1 -3.60188 456.054 124.595 500.169 166.595 4.39 1.49 1.84  -6.23 -1.24 34.55  -3.14127 0
93 1 Car 1 1 -9.87275 436.751 118.603 488.59 166.075 4.39 1.49 1.84  -6.18 -1.23 30.75  3.14038 0
94 1 Car 1 1 -9.95128 413.163 107.312 475.562 162.69 4.39 1.49 1.84  -6.07 -1.33 26.93  3.14042 0
95 1 Car 1 1 -3.66175 364.487 97.369 444.612 161.763 4.39 1.49 1.84  -6.58 -1.32 23.61  -3.14111 0
96 1 Car 1 1 -9.91339 334.022 80.195 435.407 160.873 4.39 1.49 1.84  -5.86 -1.28 19.31  3.14115 0
97 2 Car 1 1 -5.23349 362.43 175.396 439.007 224.114 4.45 1.42 1.85  -8.53 1.04 29.87  0.00156465 0
97 1 Car 1 1 -9.92568 262.132 53.5149 402.896 157.636 4.39 1.49 1.84  -5.76 -1.29 15.58  3.14052 0
98 2 Car 1 1 -5.23667 342.346 175.325 431.155 227.522 4.45 1.42 1.85  -8.52 1.03 28.01  0.00204305 0
98 1 Car 1 1 -9.92386 127.729 5.85039 350.042 153.697 4.39 1.49 1.84  -5.70 -1.29 11.76  3.14108 0
99 2 Car 1 1 -5.2414 323.873 174.961 421.829 230.926 4.45 1.42 1.85  -8.47 1.01 26.26  0.00175218 0
99 1 Car 1 1 -9.93591 -163.158 -101.113 264.475 145.679 4.39 1.49 1.84  -5.59 -1.31 8.07  3.14088 0
100 2 Car 1 1 -5.24231 272.086 175.039 394.725 242.178 4.45 1.42 1.85  -8.36 1.00 22.31  0.000801513 0
100 1 Car 1 1 -9.93322 -1593.18 -615.828 69.7866 129.683 4.39 1.49 1.84  -5.52 -1.30 4.25  3.14012 0
101 2 Car 1 1 -5.23949 198.799 175.888 358.197 258.524 4.45 1.42 1.85  -8.31 1.01 18.61  0.00132686 0
101 1 Car 1 1 -9.93195 -1058.4 -421.459 3208.99 1148.14 4.39 1.49 1.84  -5.42 -1.30 0.53  3.14033 0
102 2 Car 1 1 -5.64809 85.4555 132.137 313.363 216.085 4.45 1.42 1.85  -9.39 0.03 16.74  0.00423532 0
102 1 Car 1 1 -3.84909 -9943.19 -3347.1 1973.84 644.978 4.39 1.49 1.84  -6.64 -1.59 -1.67  -3.13848 0
103 2 Car 1 1 -5.5368 -131.302 122.819 239.715 253.269 4.45 1.42 1.85  -8.34 0.20 11.14  -0.00593793 0
103 1 Car 1 1 -3.68978 961.322 205.556 1485.44 493.237 4.39 1.49 1.84  -5.43 -1.35 -7.31  -3.13947 0
104 2 Car 1 1 -5.53701 -558.741 93.5176 74.9017 299.824 4.45 1.42 1.85  -8.31 0.21 7.39  -0.00378837 0
104 1 Car 1 1 -3.69449 860.186 196.773 1116.16 359.585 4.39 1.49 1.84  -5.37 -1.36 -10.97  -3.13827 0
105 2 Car 1 1 -5.63424 -1854.08 -45.0172 -239.844 412.407 4.45 1.42 1.85  -7.80 0.05 3.86  0.00219938 0
105 1 Car 1 1 -3.76651 772.69 196.016 925.617 311.064 4.39 1.49 1.84  -4.61 -1.45 -14.56  -3.13551 0
106 2 Car 1 1 -5.56616 -16236.7 -1345.77 9120.53 1881.07 4.45 1.42 1.85  -8.34 0.16 -0.03  -0.000548698 0
107 3 Car 1 1 -2.06378 450.024 175.703 486.771 208.616 4.63 1.47 1.92  -8.73 1.15 44.90  -3.13637 0
107 2 Car 1 1 -5.53969 -194853 -21908.2 17585.9 29356.9 4.45 1.42 1.85  -8.40 0.21 -0.92  0.00243323 0
108 3 Car 1 1 -2.06319 435.865 176.23 479.037 213.459 4.63 1.47 1.92  -8.34 1.16 39.91  -3.13478 0
108 2 Car 1 1 -5.57252 1143.05 59.5344 1667.3 254.535 4.45 1.42 1.85  -8.38 0.15 -7.76  0.000532198 0
109 3 Car 1 1 -2.06552 426.747 176.19 472.988 215.403 4.63 1.47 1.92  -8.33 1.15 37.98  -3.13528 0
109 2 Car 1 1 -5.56471 974.631 99.2975 1304.74 224.818 4.45 1.42 1.85  -8.37 0.16 -11.54  -0.000564923 0
110 3 Car 1 1 -2.06711 412.709 176.237 462.732 217.458 4.63 1.47 1.92  -8.54 1.14 36.22  -3.1351 0
110 2 Car 1 1 -5.56419 893.676 118.286 1136.57 211.693 4.45 1.42 1.85  -8.46 0.16 -15.19  -0.00167483 0
111 3 Car 1 1 -8.35548 398.107 174.888 452.435 219.004 4.63 1.47 1.92  -8.68 1.08 34.34  3.13819 0
111 2 Car 1 1 -5.57032 838.62 129.085 1030.29 203.202 4.45 1.42 1.85  -8.44 0.16 -18.89  0.00402743 0
112 3 Car 1 1 -10.0963 377.019 120.997 430.247 162.388 4.63 1.47 1.92  -10.48 -1.53 37.00  3.13937 0
113 3 Car 1 1 -3.80503 330.172 105.452 402.248 160.148 4.63 1.47 1.92  -9.60 -1.51 28.83  -3.14097 0
114 3 Car 1 1 -3.81829 288.412 94.978 376.208 158.049 4.63 1.47 1.92  -9.64 -1.53 25.45  -3.14059 0
115 3 Car 1 1 -3.77405 240.764 87.0496 347.028 158.516 4.63 1.47 1.92  -9.77 -1.46 22.73  -3.13981 0
116 3 Car 1 1 -3.77086 183.876 74.7024 314.093 157.288 4.63 1.47 1.92  -9.85 -1.45 20.14  -3.13744 0
117 3 Car 1 1 -3.75205 97.1582 56.5808 267.881 156.03 4.63 1.47 1.92  -9.90 -1.43 17.19  -3.13709 0
118 3 Car 1 1 -3.73834 -31.6095 29.5476 205.342 153.772 4.63 1.47 1.92  -9.96 -1.41 14.28  -3.13818 0
119 3 Car 1 1 -3.71966 -206.783 -5.98049 129.829 151.64 4.63 1.47 1.92  -10.05 -1.38 11.80  -3.13892 0
120 3 Car 1 1 -3.69801 -682.874 -106.7 -26.6934 146.863 4.63 1.47 1.92  -10.04 -1.35 8.31  -3.13832 0
121 4 Car 1 1 -8.31688 379.281 179.538 448.075 231.472 4.49 1.53 1.82  -7.63 1.21 28.49  3.1355 0
121 3 Car 1 1 -3.69697 -2766.98 -563.473 -354.455 133.528 4.63 1.47 1.92  -9.93 -1.35 4.60  -3.13695 0
122 4 Car 1 1 -8.31534 360.987 180.101 437.15 236.023 4.49 1.53 1.82  -7.66 1.21 26.68  3.13525 0
122 3 Car 1 1 -3.67879 -1610.21 -291.254 7663.05 1754.47 4.63 1.47 1.92  -10.03 -1.32 1.24  -3.13724 0
123 4 Car 1 1 -8.31943 340.1 180.293 425.237 240.872 4.49 1.53 1.82  -7.65 1.20 24.75  3.13625 0
123 3 Car 1 1 -3.64778 -132299 -24310.4 2311.22 533.021 4.63 1.47 1.92  -10.09 -1.28 -2.23  -3.13803 0
124 4 Car 1 1 -8.32678 290.375 180.303 400.179 254.073 4.49 1.53 1.82  -7.43 1.16 20.76  3.1355 0
124 3 Car 1 1 -3.61649 1715.86 206.357 5674.12 1209 4.63 1.47 1.92  -10.25 -1.24 -3.87  -3.13876 0
125 4 Car 1 1 -8.33454 219.828 180.833 367.674 273.367 4.49 1.53 1.82  -7.20 1.13 16.98  3.13714 0
125 3 Car 1 1 -3.63869 1324.07 196.827 2223.45 500.388 4.63 1.47 1.92  -10.24 -1.27 -7.23  -3.13712 0
126 4 Car 1 1 -8.33127 93.54 183.592 313.26 307.888 4.49 1.53 1.82  -7.14 1.15 13.29  3.13754 0
127 4 Car 1 1 -8.3728 -198.409 176.635 193.652 351.948 4.49 1.53 1.82  -7.76 0.98 9.86  3.13935 0
128 4 Car 1 1 -8.33033 -808.492 191.296 38.4505 515.667 4.49 1.53 1.82  -7.78 1.15 6.60  3.13618 0
129 4 Car 1 1 -8.3355 -13985.9 202.492 -284.283 4011.21 4.49 1.53 1.82  -6.80 1.12 2.62  3.13589 0
130 4 Car 1 1 -8.34413 -3174.19 -300.843 2364.57 1172.61 4.49 1.53 1.82  -6.68 1.08 -0.82  3.13617 0
131 4 Car 1 1 -8.34639 1247.59 -512.179 3160.56 153.393 4.49 1.53 1.82  -6.58 1.08 -4.33  3.13624 0
132 4 Car 1 1 -8.3391 1021.87 -87.3381 1556.34 158.061 4.49 1.53 1.82  -6.50 1.10 -7.79  3.13501 0
133 4 Car 1 1 -8.33226 912.053 10.8372 1186.24 160.413 4.49 1.53 1.82  -6.43 1.13 -11.25  3.13361 0
134 4 Car 1 1 -8.33336 851.195 55.102 1028.79 163.176 4.49 1.53 1.82  -6.40 1.12 -14.59  3.13321 0
135 4 Car 1 1 -8.33064 815.831 78.5508 946.689 164.247 4.49 1.53 1.82  -6.47 1.13 -17.73  3.13296 0
136 4 Car 1 1 -8.32759 791.625 93.4893 894.826 164.927 4.49 1.53 1.82  -6.57 1.15 -20.79  3.13314 0
181 6 Car 1 1 -4.98449 612.986 207.94 648.488 253.358 4.34 1.64 1.88  1.05 2.77 35.47  0.000443613 0
182 6 Car 1 1 -4.93361 635.185 219.654 667.44 262.461 4.34 1.64 1.88  2.22 3.60 38.82  -0.0011919 0
183 6 Car 1 1 -4.93293 636.453 221.562 669.922 266.191 4.34 1.64 1.88  2.24 3.62 37.50  -0.00093431 0
184 6 Car 1 1 -4.93063 634.94 223.34 668.479 268.09 4.34 1.64 1.88  2.16 3.71 37.44  0.000963786 0
185 6 Car 1 1 -4.92899 634.136 224.516 667.936 269.628 4.34 1.64 1.88  2.11 3.76 37.21  0.00144866 0
186 6 Car 1 1 -4.92763 633.452 225.648 667.586 271.19 4.34 1.64 1.88  2.07 3.80 36.92  0.00184673 0
187 6 Car 1 1 -4.9222 622.252 224.72 654.813 268.416 4.34 1.64 1.88  1.55 3.87 38.50  -0.000513465 0
188 6 Car 1 1 -4.92519 631.792 227.388 666.743 274.256 4.34 1.64 1.88  1.97 3.83 36.14  0.00107666 0
189 6 Car 1 1 -4.92547 631.144 227.179 666.444 274.7 4.34 1.64 1.88  1.92 3.80 35.76  -0.00030852 0
190 6 Car 1 1 -4.92629 630.11 226.438 665.756 274.564 4.34 1.64 1.88  1.86 3.74 35.40  -0.00224958 0
191 6 Car 1 1 -4.92576 628.982 226.682 664.992 275.41 4.34 1.64 1.88  1.80 3.73 35.07  -0.00324954 0
192 6 Car 1 1 -4.92436 627.722 228.386 664.155 277.721 4.34 1.64 1.88  1.73 3.78 34.72  -0.00201492 0
193 6 Car 1 1 -4.92323 627.421 230.174 664.449 280.365 4.34 1.64 1.88  1.70 3.84 34.25  -0.000805501 0
194 6 Car 1 1 -4.92292 627.02 231.168 664.586 282.143 4.34 1.64 1.88  1.67 3.85 33.82  -0.000442578 0
195 6 Car 1 1 -4.92358 626.31 231.119 664.331 282.759 4.34 1.64 1.88  1.63 3.82 33.45  -0.00112613 0
196 7 Car 1 1 -4.99734 533.62 204.03 566.443 248.261 4.44 1.54 1.91  -2.97 2.64 36.62  -0.00071309 0
196 6 Car 1 1 -4.92455 627.236 231.357 672.567 283.604 4.34 1.64 1.88  1.79 3.81 33.16  -0.000708682 0
197 7 Car 1 1 -4.99785 529.666 204.937 564.032 250.896 4.44 1.54 1.91  -3.02 2.63 35.38  -0.0007702 0
197 6 Car 1 1 -4.92467 626.408 231.868 672.342 284.688 4.34 1.64 1.88  1.74 3.80 32.82  -0.00078435 0
198 7 Car 1 1 -4.99787 525.59 205.64 561.554 253.653 4.44 1.54 1.91  -3.06 2.61 34.12  -0.0021076 0
198 6 Car 1 1 -4.92326 622.997 231.585 668.461 284.179 4.34 1.64 1.88  1.59 3.81 32.98  -0.00211218 0
199 7 Car 1 1 -4.99845 521.095 206.781 558.909 256.925 4.44 1.54 1.91  -3.11 2.61 32.84  -0.00170021 0
199 6 Car 1 1 -4.92305 619.72 231.687 664.787 284.074 4.34 1.64 1.88  1.43 3.82 33.09  -0.00169151 0
200 7 Car 1 1 -4.99857 519.289 207.174 557.537 257.681 4.44 1.54 1.91  -3.16 2.62 32.65  -0.000747438 0
200 6 Car 1 1 -4.92292 618.812 232.835 664.584 285.987 4.34 1.64 1.88  1.39 3.85 32.71  -0.000717742 0
201 7 Car 1 1 -5.11152 524.331 209.054 560.415 255.137 4.44 1.54 1.91  -3.04 2.79 33.20  0.125265 0
201 6 Car 1 1 -5.05685 619.619 235.089 665.748 281.33 4.34 1.64 1.88  1.42 3.86 32.39  0.133929 0
202 7 Car 1 1 -4.96486 543.709 210.392 575.806 255.56 4.44 1.54 1.91  -2.58 3.01 36.95  -0.00635225 0
202 6 Car 1 1 -4.87978 616.057 229.303 658.281 286.768 4.34 1.64 1.88  1.18 3.76 32.55  -0.0477087 0
203 7 Car 1 1 -4.94234 547.112 214.003 578.833 259.629 4.44 1.54 1.91  -2.46 3.27 37.66  -0.0129454 0
203 6 Car 1 1 -4.90691 610.154 228.438 651.474 283.201 4.34 1.64 1.88  0.91 3.70 32.84  -0.023528 0
204 7 Car 1 1 -4.94661 547.699 218.869 579.031 263.233 4.44 1.54 1.91  -2.43 3.50 37.77  0.00413625 0
204 6 Car 1 1 -4.93964 605.747 230.757 647.119 282.176 4.34 1.64 1.88  0.71 3.74 32.94  0.011296 0
205 7 Car 1 1 -4.93399 547.686 222.453 579.449 267.491 4.44 1.54 1.91  -2.40 3.70 37.69  0.0014617 0
205 6 Car 1 1 -4.93207 603.707 231.738 644.484 283.746 4.34 1.64 1.88  0.60 3.79 32.90  0.00602545 0
206 9 Car 1 1 -2.03203 -70.0887 181.814 160.345 285.912 4.68 1.67 1.90  -12.12 1.18 15.98  -3.14102 0
206 7 Car 1 1 -4.93348 546.473 222.914 578.425 268.301 4.44 1.54 1.91  -2.44 3.71 37.45  0.00132189 0
206 6 Car 1 1 -4.93212 602.928 232.223 644.223 284.983 4.34 1.64 1.88  0.57 3.79 32.54  0.00585445 0
207 9 Car 1 1 -8.3251 -141.834 178.944 125.475 294.238 4.68 1.67 1.90  -12.13 1.11 14.68  3.13717 0
207 7 Car 1 1 -4.86251 545.64 216.618 577.66 268.566 4.44 1.54 1.91  -2.46 3.53 37.30  -0.07859 0
207 6 Car 1 1 -4.93602 601.763 228.742 643.384 281.837 4.34 1.64 1.88  0.52 3.61 32.32  0.00156852 0
208 9 Car 1 1 -8.33565 -223.74 175.531 90.0016 304.482 4.68 1.67 1.90  -12.03 1.04 13.39  3.13192 0
208 8 Car 1 1 -8.34913 333.51 174.855 379.789 213.219 4.52 1.42 1.91  -13.76 1.10 39.47  3.13102 0
208 7 Car 1 1 -4.87051 546.654 213.315 578.929 264.973 4.44 1.54 1.91  -2.44 3.34 37.12  -0.0808567 0
208 6 Car 1 1 -4.93995 602.231 225.342 644.693 278.984 4.34 1.64 1.88  0.55 3.44 32.01  -0.00325418 0
209 9 Car 1 1 -8.32818 -337.146 176.394 41.4372 323.117 4.68 1.67 1.90  -12.13 1.06 12.16  3.12866 0
209 8 Car 1 1 -8.33125 326.073 176.164 374.199 215.776 4.52 1.42 1.91  -13.77 1.17 38.51  3.12977 0
209 7 Car 1 1 -4.88015 543.879 211.947 577.427 264.446 4.44 1.54 1.91  -2.49 3.27 36.97  -0.0750106 0
209 6 Car 1 1 -4.94137 600.96 224.315 643.469 278.605 4.34 1.64 1.88  0.49 3.37 31.72  -0.00527354 0
210 9 Car 1 1 -8.32906 -480.686 177.275 -14.0522 345.753 4.68 1.67 1.90  -12.14 1.06 10.88  3.13066 0
210 8 Car 1 1 -8.32035 315.359 177.507 366.213 218.494 4.52 1.42 1.91  -13.79 1.23 37.24  3.13214 0
210 7 Car 1 1 -4.87914 543.001 213.182 576.66 265.82 4.44 1.54 1.91  -2.52 3.32 36.86  -0.0728135 0
210 6 Car 1 1 -4.94117 600.462 225.787 643.406 280.705 4.34 1.64 1.88  0.47 3.41 31.39  -0.00327862 0
211 9 Car 1 1 -8.325 -672.097 179.725 -80.7813 377.912 4.68 1.67 1.90  -12.18 1.09 9.63  3.13259 0
211 8 Car 1 1 -8.28511 294.413 181.75 351.876 226.748 4.52 1.42 1.91  -13.56 1.42 34.41  3.13436 0
211 7 Car 1 1 -4.87703 542.166 214.701 575.916 267.475 4.44 1.54 1.91  -2.55 3.40 36.79  -0.0707966 0
211 6 Car 1 1 -4.94007 599.971 227.258 642.971 282.414 4.34 1.64 1.88  0.45 3.47 31.29  -0.00137191 0
212 9 Car 1 1 -8.32036 -933.807 182.352 -158.432 423.122 4.68 1.67 1.90  -12.15 1.11 8.39  3.13327 0
212 8 Car 1 1 -8.26382 270.485 185.184 335.626 234.725 4.52 1.42 1.91  -13.38 1.55 31.75  3.13505 0
212 7 Car 1 1 -4.87482 541.717 215.642 575.414 268.384 4.44 1.54 1.91  -2.58 3.45 36.86  -0.0701197 0
212 6 Car 1 1 -4.93907 599.992 228.495 643.571 284.379 4.34 1.64 1.88  0.46 3.50 30.98  -0.000702501 0
213 9 Car 1 1 -8.31574 -1324.6 185.959 -254.834 490.963 4.68 1.67 1.90  -12.13 1.14 7.17  3.1346 0
213 8 Car 1 1 -8.24624 242.133 189.054 316.873 244.004 4.52 1.42 1.91  -13.20 1.67 29.11  3.13642 0
213 7 Car 1 1 -4.87225 541.246 216.974 574.903 269.684 4.44 1.54 1.91  -2.61 3.53 36.94  -0.0687943 0
213 6 Car 1 1 -4.93805 600.059 230.042 644.222 286.635 4.34 1.64 1.88  0.47 3.55 30.69  0.00060125 0
214 9 Car 1 1 -8.31586 -1999.45 188.401 -382.46 602.519 4.68 1.67 1.90  -12.12 1.15 5.94  3.13552 0
214 8 Car 1 1 -8.23666 207.304 192.39 294.507 253.886 4.52 1.42 1.91  -13.02 1.75 26.47  3.13736 0
214 7 Car 1 1 -4.87063 540.697 217.741 574.219 270.243 4.44 1.54 1.91  -2.65 3.58 37.10  -0.0678798 0
214 6 Car 1 1 -4.93784 600.083 231.044 644.728 288.258 4.34 1.64 1.88  0.48 3.57 30.42  0.00150498 0
215 9 Car 1 1 -8.31647 -3407.19 190.418 -558.115 829.73 4.68 1.67 1.90  -12.16 1.14 4.70  3.13503 0
215 8 Car 1 1 -8.23301 162.881 194.934 266.801 264.556 4.52 1.42 1.91  -12.88 1.77 23.85  3.13687 0
215 7 Car 1 1 -4.87149 539.67 216.605 572.68 268.186 4.44 1.54 1.91  -2.76 3.55 37.65  -0.068373 0
215 6 Car 1 1 -4.93938 599.692 230.322 644.438 287.725 4.34 1.64 1.88  0.46 3.53 30.30  0.00100448 0
216 8 Car 1 1 -8.23002 106.751 197.847 233.327 277.921 4.52 1.42 1.91  -12.73 1.79 21.24  3.13628 0
216 7 Car 1 1 -4.87333 538.614 214.816 570.905 265.078 4.44 1.54 1.91  -2.89 3.50 38.48  -0.0690314 0
216 6 Car 1 1 -4.94204 599.437 229.022 644.384 286.58 4.34 1.64 1.88  0.45 3.47 30.18  0.000293253 0
217 8 Car 1 1 -8.2303 33.7314 200.629 191.967 294.235 4.52 1.42 1.91  -12.59 1.78 18.66  3.13555 0
217 7 Car 1 1 -4.87422 537.564 213.152 568.801 261.636 4.44 1.54 1.91  -3.06 3.48 39.68  -0.0695457 0
217 6 Car 1 1 -4.94396 599.421 227.824 644.368 285.196 4.34 1.64 1.88  0.45 3.41 30.20  -0.000449434 0
218 8 Car 1 1 -8.22472 -65.8106 205.716 139.535 318.59 4.52 1.42 1.91  -12.46 1.81 16.11  3.1347 0
218 7 Car 1 1 -4.87173 537.279 212.291 567.355 259.003 4.44 1.54 1.91  -3.27 3.51 41.13  -0.0703416 0
218 6 Car 1 1 -4.94297 599.433 227.603 644.225 284.817 4.34 1.64 1.88  0.45 3.42 30.32  -0.00140293 0
219 8 Car 1 1 -8.22067 -210.233 211.793 70.3752 353.054 4.52 1.42 1.91  -12.33 1.83 13.57  3.13356 0
219 7 Car 1 1 -4.86951 536.347 212.012 565.979 258.05 4.44 1.54 1.91  -3.38 3.53 41.77  -0.0714699 0
219 6 Car 1 1 -4.94219 599.111 226.994 643.639 283.878 4.34 1.64 1.88  0.43 3.41 30.52  -0.00263415 0
220 8 Car 1 1 -8.22153 -434.623 218.697 -21.9775 405.544 4.52 1.42 1.91  -12.11 1.82 11.01  3.13312 0
220 7 Car 1 1 -4.87049 535.892 211.351 564.904 256.35 4.44 1.54 1.91  -3.49 3.53 42.52  -0.0706435 0
220 6 Car 1 1 -4.94334 600.023 225.836 644.549 282.067 4.34 1.64 1.88  0.48 3.38 30.79  -0.00315448 0
221 8 Car 1 1 -8.21297 -841.625 233.323 -161.9 504.017 4.52 1.42 1.91  -12.10 1.89 8.57  3.13343 0
221 7 Car 1 1 -4.86853 534.814 211.648 563.628 256.266 4.44 1.54 1.91  -3.59 3.57 42.94  -0.0704303 0
221 6 Car 1 1 -4.94221 598.986 225.796 642.894 281.521 4.34 1.64 1.88  0.43 3.40 31.10  -0.00306539 0
222 8 Car 1 1 -8.20225 -871.628 238.312 -170.169 520.896 4.52 1.42 1.91  -12.07 1.96 8.43  3.13141 0
222 7 Car 1 1 -4.86882 534.077 208.569 561.142 250.256 4.44 1.54 1.91  -3.93 3.52 45.73  -0.0725774 0
222 6 Car 1 1 -4.94171 595.047 220.826 635.233 271.243 4.34 1.64 1.88  0.20 3.36 33.93  -0.00535693 0
223 8 Car 1 1 -8.20376 -6680.14 293.25 -793.16 1885.52 4.52 1.42 1.91  -11.91 1.96 3.56  3.13335 0
223 7 Car 1 1 -4.8687 533.309 210.75 561.753 254.571 4.44 1.54 1.91  -3.76 3.56 43.75  -0.0707197 0
223 6 Car 1 1 -4.94306 598.032 223.504 640.665 277.213 4.34 1.64 1.88  0.37 3.37 32.15  -0.00361111 0
224 8 Car 1 1 -8.20255 -2195.06 -1962.54 8489.12 808.169 4.52 1.42 1.91  -11.83 1.97 1.15  3.13342 0
224 7 Car 1 1 -4.86916 532.499 209.977 560.517 253.006 4.44 1.54 1.91  -3.89 3.55 44.49  -0.0707328 0
224 6 Car 1 1 -4.94482 597.584 223.031 640.672 277.141 4.34 1.64 1.88  0.36 3.34 31.95  -0.00372509 0
225 8 Car 1 1 -8.2028 -9082.86 -462.415 3116.32 2352.61 4.52 1.42 1.91  -11.80 1.98 -1.19  3.13454 0
225 7 Car 1 1 -4.86803 531.747 210.409 559.532 253.042 4.44 1.54 1.91  -3.97 3.59 44.86  -0.069616 0
225 6 Car 1 1 -4.94469 596.822 223.973 640.286 278.621 4.34 1.64 1.88  0.33 3.36 31.68  -0.00261138 0
226 8 Car 1 1 -8.20509 1970.25 -1602.78 7460.71 43.082 4.52 1.42 1.91  -11.70 1.99 -3.52  3.13745 0
226 7 Car 1 1 -4.86434 530.824 212.179 558.251 254.263 4.44 1.54 1.91  -4.09 3.73 45.37  -0.066675 0
226 6 Car 1 1 -4.94308 596.192 226.388 640.216 281.59 4.34 1.64 1.88  0.31 3.45 31.40  0.000366037 0
227 10 Car 1 1 -8.28322 196.367 183.028 281.692 234.756 4.54 1.61 1.85  -14.83 1.37 29.16  3.14008 0
227 7 Car 1 1 -4.86077 529.836 213.731 556.861 255.229 4.44 1.54 1.91  -4.21 3.86 45.94  -0.0643775 0
227 6 Car 1 1 -4.94106 594.832 228.99 639.114 284.98 4.34 1.64 1.88  0.25 3.53 31.03  0.0027469 0
228 10 Car 1 1 -8.2866 173.955 183.123 266.47 237.141 4.54 1.61 1.85  -14.94 1.36 27.97  3.1411 0
228 7 Car 1 1 -4.85966 528.235 213.855 554.733 254.5 4.44 1.54 1.91  -4.39 3.91 46.73  -0.0632874 0
228 6 Car 1 1 -4.94173 592.231 230.253 636.615 287.32 4.34 1.64 1.88  0.14 3.54 30.48  0.00392427 0
229 10 Car 1 1 -8.30449 129.847 181.397 238.136 241.304 4.54 1.61 1.85  -14.77 1.26 25.35  3.14058 0
229 7 Car 1 1 -4.85962 527.231 213.496 553.517 253.862 4.44 1.54 1.91  -4.50 3.90 47.00  -0.0637514 0
229 6 Car 1 1 -4.94241 592.009 230.931 637.85 289.418 4.34 1.64 1.88  0.15 3.52 29.84  0.00353878 0
230 10 Car 1 1 -8.31082 74.3401 181.299 204.032 248.767 4.54 1.61 1.85  -14.63 1.23 22.77  3.14048 0
230 7 Car 1 1 -4.85857 525.939 213.736 552.153 254.025 4.44 1.54 1.91  -4.59 3.92 47.10  -0.0638297 0
230 6 Car 1 1 -4.94285 590.274 232.361 637.459 293.012 4.34 1.64 1.88  0.10 3.51 28.95  0.00348475 0
231 10 Car 1 1 -8.31535 2.27891 181.233 161.307 258.472 4.54 1.61 1.85  -14.54 1.20 20.24  3.13921 0
231 7 Car 1 1 -4.8587 524.618 213.245 550.875 253.617 4.44 1.54 1.91  -4.67 3.89 47.07  -0.0651184 0
231 6 Car 1 1 -4.94301 588.662 232.349 636.419 294.055 4.34 1.64 1.88  0.05 3.48 28.57  0.00217219 0
232 11 Car 1 1 -5.18637 235.293 177.066 293.823 219.571 4.66 1.55 1.93  -16.87 1.18 35.48  0.00179162 0
232 10 Car 1 1 -8.32091 -92.2557 180.697 108.329 270.883 4.54 1.61 1.85  -14.45 1.16 17.73  3.13676 0
232 7 Car 1 1 -4.86152 523.245 211.535 549.622 252.057 4.44 1.54 1.91  -4.74 3.77 46.93  -0.0676191 0
232 6 Car 1 1 -4.94497 587.449 231.111 636.163 294.136 4.34 1.64 1.88  0.02 3.40 28.08  -0.000380701 0
233 11 Car 1 1 -5.18656 220.645 177.187 282.852 221.313 4.66 1.55 1.93  -16.90 1.18 34.29  0.00179858 0
233 10 Car 1 1 -8.32326 -220.709 181.367 42.4872 289.33 4.54 1.61 1.85  -14.32 1.15 15.23  3.13668 0
233 7 Car 1 1 -4.86224 522.214 211.345 548.689 251.979 4.44 1.54 1.91  -4.80 3.75 46.82  -0.0677273 0
233 6 Car 1 1 -4.94649 586.592 231.244 636.275 295.52 4.34 1.64 1.88  -0.00 3.37 27.61  -0.000533176 0
234 11 Car 1 1 -5.17133 205.108 179.225 271.416 225.093 4.66 1.55 1.93  -16.94 1.27 33.13  0.00416594 0
234 10 Car 1 1 -8.31997 -409.205 184.376 -44.1985 318.626 4.54 1.61 1.85  -14.18 1.17 12.75  3.13904 0
234 7 Car 1 1 -4.85924 521.138 213.293 547.734 254.138 4.44 1.54 1.91  -4.84 3.87 46.64  -0.0653769 0
234 6 Car 1 1 -4.9459 585.386 233.448 635.761 298.833 4.34 1.64 1.88  -0.04 3.42 27.23  0.00180219 0
235 11 Car 1 1 -5.14991 170.914 182.737 247.902 233.409 4.66 1.55 1.93  -16.71 1.40 30.37  0.0063745 0
235 10 Car 1 1 -8.32632 -719.985 185.802 -165.967 362.565 4.54 1.61 1.85  -14.04 1.15 10.25  3.1414 0
235 7 Car 1 1 -4.85676 520.433 214.251 546.426 254.139 4.44 1.54 1.91  -5.01 3.98 47.59  -0.0629544 0
235 6 Car 1 1 -4.94516 583.376 234.235 632.621 298.294 4.34 1.64 1.88  -0.13 3.48 27.66  0.00429906 0
236 11 Car 1 1 -5.14465 129.468 184.544 220.299 240.955 4.66 1.55 1.93  -16.48 1.43 27.61  0.00741805 0
236 10 Car 1 1 -2.05688 -1316.08 184.822 -346.796 441.841 4.54 1.61 1.85  -13.90 1.09 7.75  -3.14047 0
236 7 Car 1 1 -4.85466 519.014 215.432 544.836 255.143 4.44 1.54 1.91  -5.12 4.07 47.74  -0.0615274 0
236 6 Car 1 1 -4.94449 581.638 235.584 630.743 299.736 4.34 1.64 1.88  -0.20 3.53 27.59  0.00586913 0
237 11 Car 1 1 -5.14817 78.294 185.109 187.418 248.566 4.66 1.55 1.93  -16.24 1.41 24.87  0.00732366 0
237 10 Car 1 1 -2.0677 -2960.19 184.001 -648.152 664.452 4.54 1.61 1.85  -13.73 1.05 5.24  -3.14034 0
237 7 Car 1 1 -4.85304 517.6 215.952 543.238 255.469 4.44 1.54 1.91  -5.24 4.11 47.93  -0.0613036 0
237 6 Car 1 1 -4.94341 580.032 236.53 629.076 300.912 4.34 1.64 1.88  -0.26 3.56 27.50  0.00621434 0
238 11 Car 1 1 -5.15219 15.3616 185.582 148.517 257.593 4.66 1.55 1.93  -16.05 1.39 22.25  0.00687013 0
238 10 Car 1 1 -2.07674 -25501.3 183.351 -1235.89 3735.84 4.54 1.61 1.85  -13.56 1.01 2.75  -3.14062 0
238 7 Car 1 1 -4.8518 516.764 216.196 542.248 255.556 4.44 1.54 1.91  -5.32 4.14 48.10  -0.0615072 0
238 6 Car 1 1 -4.94239 578.989 237.153 627.972 301.722 4.34 1.64 1.88  -0.30 3.57 27.44  0.00610703 0
239 11 Car 1 1 -5.15888 -62.5541 186.033 102.696 268.284 4.66 1.55 1.93  -15.87 1.35 19.77  0.00795399 0
239 10 Car 1 1 -2.09657 -3705.02 -553.556 5438.48 723.498 4.54 1.61 1.85  -13.35 0.93 0.29  -3.13941 0
239 7 Car 1 1 -4.85175 516.46 216.532 541.784 255.626 4.44 1.54 1.91  -5.37 4.17 48.32  -0.0602488 0
239 6 Car 1 1 -4.94361 578.954 237.068 627.765 301.141 4.34 1.64 1.88  -0.31 3.58 27.55  0.00742731 0
240 11 Car 1 1 -5.15672 -167.829 187.784 44.4181 284.384 4.66 1.55 1.93  -15.76 1.36 17.32  0.00673616 0
240 10 Car 1 1 -2.0934 -43869.5 -125931 2.07999e+06 6696.58 4.54 1.61 1.85  -13.27 0.94 -2.15  -3.14064 0
240 7 Car 1 1 -4.85204 516.91 215.724 542.09 254.589 4.44 1.54 1.91  -5.37 4.14 48.59  -0.061474 0
240 6 Car 1 1 -4.9428 578.505 236.619 626.706 300.517 4.34 1.64 1.88  -0.34 3.57 27.63  0.00620367 0
241 11 Car 1 1 -5.1579 -314.004 189.305 -29.8049 306.111 4.66 1.55 1.93  -15.59 1.35 14.84  0.00550638 0
241 10 Car 1 1 -8.37761 1893.16 -423.894 4766.81 176.037 4.54 1.61 1.85  -13.11 0.93 -4.61  3.14125 0
241 7 Car 1 1 -4.85406 517.492 214.269 542.536 252.854 4.44 1.54 1.91  -5.36 4.05 48.88  -0.0627979 0
241 6 Car 1 1 -4.9441 579.198 234.998 627.149 298.487 4.34 1.64 1.88  -0.32 3.51 27.76  0.00484875 0
242 11 Car 1 1 -5.15788 -530.751 191.414 -127.56 338.793 4.66 1.55 1.93  -15.42 1.34 12.38  0.00360309 0
242 10 Car 1 1 -8.36862 1545.43 -119.728 2698.52 170.978 4.54 1.61 1.85  -12.98 0.96 -7.01  3.13925 0
242 7 Car 1 1 -4.85655 518.808 212.494 543.748 250.86 4.44 1.54 1.91  -5.30 3.95 49.12  -0.0648345 0
242 6 Car 1 1 -4.94507 580.67 233.146 628.362 296.218 4.34 1.64 1.88  -0.27 3.45 27.91  0.00276847 0
243 11 Car 1 1 -5.15739 -897.877 194.941 -267.061 394.181 4.66 1.55 1.93  -15.27 1.33 9.89  0.00258289 0
243 10 Car 1 1 -8.36298 1354.24 -23.025 2017.46 170.04 4.54 1.61 1.85  -12.98 0.97 -9.37  3.13823 0
243 7 Car 1 1 -4.85798 520.363 211.503 545.178 249.648 4.44 1.54 1.91  -5.22 3.89 49.35  -0.0658561 0
243 6 Car 1 1 -4.94544 581.713 232.243 628.949 294.98 4.34 1.64 1.88  -0.23 3.43 28.02  0.00174999 0
244 11 Car 1 1 -5.15157 -1609.43 203.941 -470.343 507.37 4.66 1.55 1.93  -15.11 1.37 7.45  0.00415948 0
244 7 Car 1 1 -4.85622 522.731 212.383 547.417 250.307 4.44 1.54 1.91  -5.09 3.96 49.62  -0.0643558 0
244 6 Car 1 1 -4.94444 583.761 233.126 630.64 295.489 4.34 1.64 1.88  -0.16 3.48 28.17  0.00321584 0
245 11 Car 1 1 -5.15144 -3661.71 217.091 -804.229 827.11 4.66 1.55 1.93  -14.94 1.40 5.02  0.00778395 0
245 7 Car 1 1 -4.85279 525.065 214.709 549.63 252.444 4.44 1.54 1.91  -4.96 4.14 49.84  -0.060699 0
245 6 Car 1 1 -4.94295 586.34 235.426 633.002 297.385 4.34 1.64 1.88  -0.06 3.58 28.33  0.00687204 0
246 11 Car 1 1 -5.14953 -71077.9 243.855 -1466.18 11326.7 4.66 1.55 1.93  -14.84 1.43 2.60  0.0113202 0
246 7 Car 1 1 -4.84925 527.361 217.124 551.848 254.729 4.44 1.54 1.91  -4.82 4.32 50.04  -0.0572807 0
246 6 Car 1 1 -4.94066 588.341 238.002 634.57 299.66 4.34 1.64 1.88  0.01 3.70 28.49  0.0102332 0
247 11 Car 1 1 -5.15059 -4332.19 -710.543 5728.39 919.16 4.66 1.55 1.93  -14.76 1.43 0.21  0.0124673 0
247 7 Car 1 1 -4.84781 529.329 217.938 553.72 255.397 4.44 1.54 1.91  -4.70 4.39 50.24  -0.0561733 0
247 6 Car 1 1 -4.93917 590.398 239.014 636.351 300.348 4.34 1.64 1.88  0.08 3.75 28.65  0.0113213 0
248 11 Car 1 1 -5.15736 -59247.1 -239.138 3119.34 9024.31 4.66 1.55 1.93  -14.83 1.39 -1.93  0.0124312 0
248 7 Car 1 1 -4.84783 531.331 217.843 555.577 255.097 4.44 1.54 1.91  -4.59 4.39 50.43  -0.0560276 0
248 6 Car 1 1 -4.93878 592.522 238.896 637.983 299.591 4.34 1.64 1.88  0.16 3.76 28.87  0.0115361 0
249 7 Car 1 1 -4.84865 533.34 217.316 557.42 254.313 4.44 1.54 1.91  -4.47 4.36 50.66  -0.0561481 0
249 6 Car 1 1 -4.93945 594.436 238.127 639.347 298.125 4.34 1.64 1.88  0.23 3.75 29.09  0.0114937 0
250 7 Car 1 1 -4.85048 535.007 215.432 558.967 252.255 4.44 1.54 1.91  -4.37 4.24 50.86  -0.0588597 0
250 6 Car 1 1 -4.93957 596.443 236.313 641.097 295.923 4.34 1.64 1.88  0.31 3.69 29.24  0.00881454 0
251 7 Car 1 1 -4.85534 536.723 211.778 560.547 248.342 4.44 1.54 1.91  -4.28 4.00 51.13  -0.0638283 0
251 6 Car 1 1 -4.94072 598.223 232.814 642.422 291.855 4.34 1.64 1.88  0.37 3.56 29.45  0.00390329 0
252 7 Car 1 1 -4.85859 538.64 209.936 562.387 246.286 4.44 1.54 1.91  -4.16 3.88 51.34  -0.0658246 0
252 6 Car 1 1 -4.9426 600.307 230.678 644.184 289.195 4.34 1.64 1.88  0.46 3.49 29.62  0.00192645 0
253 6 Car 1 1 -4.94014 602.22 232.992 645.753 291.104 4.34 1.64 1.88  0.53 3.59 29.79  0.00489837 0
253 7 Car 1 1 -4.85403 540.534 212.308 564.221 248.572 4.44 1.54 1.91  -4.04 4.05 51.45  -0.0629282 0
254 6 Car 1 1 -4.93823 603.628 236.035 646.775 293.647 4.34 1.64 1.88  0.59 3.74 30.00  0.00976355 0
254 7 Car 1 1 -4.84878 542.177 215.758 565.798 251.862 4.44 1.54 1.91  -3.94 4.31 51.63  -0.0581462 0
255 14 Car 1 1 -1.90816 1004.28 198.634 1108.62 243.742 4.33 1.54 1.85  19.97 2.12 32.25  -3.13795 0
255 13 Car 1 1 -1.91364 854.268 198.546 976.161 246.713 4.46 1.54 1.91  12.75 2.06 30.23  -3.1385 0
255 6 Car 1 1 -4.937 604.604 236.336 647.48 293.773 4.34 1.64 1.88  0.62 3.77 30.15  0.00984034 0
255 7 Car 1 1 -4.84821 543.272 216.15 567.007 252.4 4.44 1.54 1.91  -3.84 4.32 51.41  -0.0581561 0
256 14 Car 1 1 -1.91194 1022.28 199.156 1131.24 246.168 4.33 1.54 1.85  20.06 2.09 30.98  -3.13666 0
256 13 Car 1 1 -1.91326 866.644 199.869 994.13 250.3 4.46 1.54 1.91  12.88 2.08 29.11  -3.13663 0
256 6 Car 1 1 -4.93835 605.411 234.374 647.959 291.421 4.34 1.64 1.88  0.66 3.70 30.33  0.00809289 0
256 7 Car 1 1 -4.8512 544.259 214.549 568.1 250.851 4.44 1.54 1.91  -3.75 4.19 51.24  -0.0599844 0
257 14 Car 1 1 -1.91609 1042.15 199.264 1156.3 248.565 4.33 1.54 1.85  20.13 2.05 29.67  -3.13702 0
257 13 Car 1 1 -1.91197 880.085 201.268 1013.85 254.07 4.46 1.54 1.91  13.00 2.10 27.94  -3.13635 0
257 6 Car 1 1 -4.93947 606.206 232.49 648.413 289.267 4.34 1.64 1.88  0.69 3.63 30.45  0.00589289 0
257 7 Car 1 1 -4.85442 545.197 212.872 569.25 249.36 4.44 1.54 1.91  -3.66 4.06 50.96  -0.0621962 0
258 14 Car 1 1 -1.94298 1065 195.676 1191.17 250.189 4.33 1.54 1.85  19.32 1.81 26.89  -3.13885 0
258 13 Car 1 1 -1.92042 893.538 200.083 1033.45 254.826 4.46 1.54 1.91  13.11 2.01 26.88  -3.13794 0
258 6 Car 1 1 -4.94175 607.02 230.554 648.814 286.665 4.34 1.64 1.88  0.72 3.56 30.66  0.00478971 0
258 7 Car 1 1 -4.85805 546.013 211.803 570.413 248.79 4.44 1.54 1.91  -3.54 3.95 50.30  -0.0632301 0
259 14 Car 1 1 -8.25689 1092.95 190.857 1231.34 250.69 4.33 1.54 1.85  18.82 1.58 24.58  3.1412 0
259 13 Car 1 1 -1.93261 909.626 197.935 1056.45 254.823 4.46 1.54 1.91  13.28 1.88 25.80  -3.14056 0
259 6 Car 1 1 -4.94431 608.366 228.101 649.761 283.606 4.34 1.64 1.88  0.77 3.47 30.85  0.0025643 0
259 7 Car 1 1 -4.86256 547.318 210.317 572.214 248.073 4.44 1.54 1.91  -3.37 3.80 49.38  -0.0653406 0
260 14 Car 1 1 -8.28778 1128.84 186.919 1284.81 254.267 4.33 1.54 1.85  18.10 1.38 21.88  3.14036 0
260 13 Car 1 1 -1.94309 927.781 196.734 1083.53 256.614 4.46 1.54 1.91  13.39 1.80 24.54  -3.14107 0
260 6 Car 1 1 -4.94673 609.58 226.241 650.744 281.242 4.34 1.64 1.88  0.82 3.40 31.03  0.00132135 0
260 7 Car 1 1 -4.86657 548.422 209.384 573.78 247.916 4.44 1.54 1.91  -3.21 3.69 48.44  -0.0665611 0
261 14 Car 1 1 -8.29682 1167.23 185.926 1338.54 259.75 4.33 1.54 1.85  17.93 1.32 20.12  3.13866 0
261 13 Car 1 1 -8.22882 944.136 197.097 1110.25 260.625 4.46 1.54 1.91  13.37 1.77 23.24  3.14103 0
261 6 Car 1 1 -4.9461 609.05 225.021 649.62 279.545 4.34 1.64 1.88  0.81 3.36 31.31  -0.00098956 0
261 7 Car 1 1 -4.86949 550.421 209.215 577.228 249.607 4.44 1.54 1.91  -2.90 3.58 46.47  -0.0688236 0
262 14 Car 1 1 -8.2989 1217.36 186.753 1400 265.556 4.33 1.54 1.85  18.29 1.32 18.89  3.14007 0
262 13 Car 1 1 -1.94654 968.069 198.601 1146.27 266.069 4.46 1.54 1.91  13.50 1.77 21.90  -3.14139 0
262 6 Car 1 1 -4.94773 610.817 225.216 651.236 279.305 4.34 1.64 1.88  0.88 3.38 31.44  0.00138278 0
262 7 Car 1 1 -4.87225 551.049 210.883 578.874 253.365 4.44 1.54 1.91  -2.69 3.57 44.28  -0.0664854 0
263 14 Car 1 1 -8.29534 1271.07 188.583 1467.85 273.601 4.33 1.54 1.85  18.55 1.34 17.63  3.14051 0
263 13 Car 1 1 -1.94203 992.474 201.371 1184.42 273.433 4.46 1.54 1.91  13.56 1.80 20.59  -3.14141 0
263 6 Car 1 1 -4.94533 611.338 226.602 651.489 280.383 4.34 1.64 1.88  0.91 3.45 31.63  0.0029907 0
263 7 Car 1 1 -4.87333 552.078 212.921 581.31 257.745 4.44 1.54 1.91  -2.46 3.58 42.17  -0.064877 0
264 14 Car 1 1 -8.2971 1332.75 188.93 1545.5 281.18 4.33 1.54 1.85  18.82 1.32 16.38  3.13905 0
264 13 Car 1 1 -8.22154 1019.79 203.532 1227.26 281.048 4.46 1.54 1.91  13.63 1.81 19.29  3.13967 0
264 6 Car 1 1 -4.94298 612.005 228.166 651.83 281.538 4.34 1.64 1.88  0.94 3.54 31.84  0.00489716 0
264 7 Car 1 1 -4.87435 553.059 215.309 583.85 262.803 4.44 1.54 1.91  -2.23 3.60 40.05  -0.062879 0
265 14 Car 1 1 -8.30015 1401.76 189.067 1633.29 289.533 4.33 1.54 1.85  19.07 1.30 15.17  3.13789 0
265 13 Car 1 1 -8.2196 1049.33 205.596 1274.7 289.078 4.46 1.54 1.91  13.70 1.82 18.04  3.13815 0
265 6 Car 1 1 -4.94235 612.496 228.378 651.962 281.096 4.34 1.64 1.88  0.97 3.57 32.16  0.00592581 0
265 7 Car 1 1 -4.87648 554.163 217.136 586.651 267.531 4.44 1.54 1.91  -2.01 3.58 37.99  -0.0617836 0
266 14 Car 1 1 -8.30604 1485.32 188.16 1740.74 298.906 4.33 1.54 1.85  19.32 1.26 13.91  3.13534 0
266 13 Car 1 1 -8.21752 1084.13 207.445 1331.47 298.263 4.46 1.54 1.91  13.77 1.81 16.76  3.13506 0
266 6 Car 1 1 -4.94171 613.193 228.813 652.438 281.08 4.34 1.64 1.88  1.01 3.61 32.44  0.0073211 0
266 7 Car 1 1 -4.87813 555.338 219.561 589.97 273.368 4.44 1.54 1.91  -1.78 3.58 35.89  -0.0602527 0
267 14 Car 1 1 -8.31301 1583.21 186.666 1867.59 309.858 4.33 1.54 1.85  19.56 1.21 12.66  3.13225 0
267 13 Car 1 1 -5.09411 1123.2 209.259 1396.39 308.606 4.46 1.54 1.91  13.83 1.80 15.51  0.0100351 0
267 6 Car 1 1 -4.94045 613.857 229.385 652.985 281.4 4.34 1.64 1.88  1.05 3.66 32.65  0.00821699 0
268 14 Car 1 1 -8.31696 1668.61 185.202 1969.86 315.386 4.33 1.54 1.85  20.23 1.18 12.08  3.12941 0
268 13 Car 1 1 -5.10285 1169.84 209.851 1473.95 318.982 4.46 1.54 1.91  13.93 1.75 14.28  0.0129369 0
268 6 Car 1 1 -4.94002 615.099 228.984 654.035 280.646 4.34 1.64 1.88  1.11 3.66 32.90  0.00793084 0
269 14 Car 1 1 -8.31805 1765.67 184.996 2087.12 323.838 4.33 1.54 1.85  20.86 1.17 11.45  3.12839 0
269 13 Car 1 1 -5.10983 1225.5 210.634 1569.47 331.657 4.46 1.54 1.91  13.98 1.70 12.97  0.0130347 0
269 6 Car 1 1 -4.93811 616.458 226.065 654.854 277.361 4.34 1.64 1.88  1.17 3.55 33.20  0.000783838 0
270 14 Car 1 1 -8.27238 1785.28 196.517 2078.73 323.433 4.33 1.54 1.85  23.09 1.41 12.62  3.12898 0
270 13 Car 1 1 -5.10158 1290.25 217.721 1683.31 353.041 4.46 1.54 1.91  14.05 1.76 11.73  0.0124789 0
270 6 Car 1 1 -4.93584 617.555 226.735 655.626 277.66 4.34 1.64 1.88  1.23 3.60 33.45  0.000982811 0
271 13 Car 1 1 -5.07743 1370.2 230.36 1832.07 382.949 4.46 1.54 1.91  13.98 1.84 10.36  -0.00152022 0
271 6 Car 1 1 -4.91371 619.193 229.556 657.013 281.516 4.34 1.64 1.88  1.28 3.81 33.88  -0.0116942 0
272 13 Car 1 1 -5.05379 1466.43 248.594 2012.69 427.777 4.46 1.54 1.91  14.04 2.00 9.16  -0.0053819 0
272 6 Car 1 1 -4.91217 619.193 234.522 657.801 285.826 4.34 1.64 1.88  1.31 4.05 34.14  -0.00264934 0
273 13 Car 1 1 -5.02522 1580.54 270.477 2234.62 486.138 4.46 1.54 1.91  14.11 2.17 8.05  -0.0150649 0
273 6 Car 1 1 -4.90933 619.451 236.01 658.05 287.283 4.34 1.64 1.88  1.33 4.16 34.43  -0.00130935 0
274 13 Car 1 1 -5.01229 1741.78 288.719 2554.58 552.082 4.46 1.54 1.91  14.32 2.23 6.92  -0.0220077 0
274 6 Car 1 1 -4.90931 619.691 235.046 658.439 286.003 4.34 1.64 1.88  1.36 4.14 34.74  -0.0019111 0
275 13 Car 1 1 -5.01013 1985.62 311.986 3121.25 663.743 4.46 1.54 1.91  14.31 2.22 5.54  -0.0247741 0
275 6 Car 1 1 -4.91134 618.815 231.306 657.027 282.313 4.34 1.64 1.88  1.31 3.97 34.77  -0.00700697 0
276 6 Car 1 1 -4.91369 617.033 226.192 659.037 276.719 4.34 1.64 1.88  1.32 3.75 35.14  -0.0140336 0
277 6 Car 1 1 -4.91982 617.986 220.676 659.645 270.31 4.34 1.64 1.88  1.38 3.50 35.51  -0.0200492 0
278 6 Car 1 1 -4.92728 614.757 212.861 651.852 258.188 4.34 1.64 1.88  1.20 3.24 38.09  -0.0266027 0
279 6 Car 1 1 -4.93031 619.245 215.505 659.153 263.438 4.34 1.64 1.88  1.42 3.26 36.03  -0.0227823 0
280 6 Car 1 1 -4.92545 622.16 220.602 662.237 267.844 4.34 1.64 1.88  1.58 3.52 36.30  -0.0134471 0
281 6 Car 1 1 -4.92061 620.411 226.595 659.351 273.574 4.34 1.64 1.88  1.47 3.83 36.45  -0.00361316 0
282 6 Car 1 1 -4.91884 620.427 227.416 658.695 273.525 4.34 1.64 1.88  1.49 3.92 37.11  -0.0014094 0
283 6 Car 1 1 -4.92182 620.426 225.747 658.499 271.554 4.34 1.64 1.88  1.49 3.85 37.26  -0.00179212 0
284 6 Car 1 1 -4.94 621.283 219.794 657.66 263.866 4.34 1.64 1.88  1.50 3.53 37.57  0.00133699 0
285 6 Car 1 1 -4.94325 621.66 217.778 657.827 261.693 4.34 1.64 1.88  1.52 3.42 37.64  -0.000684868 0
286 6 Car 1 1 -4.94528 623.191 217.274 659.11 260.832 4.34 1.64 1.88  1.60 3.41 37.83  0.000416481 0
287 6 Car 1 1 -4.94202 624.162 219.445 660.099 263 4.34 1.64 1.88  1.66 3.53 37.93  0.00348984 0
288 6 Car 1 1 -4.93922 625.028 220.691 661.16 264.519 4.34 1.64 1.88  1.71 3.60 37.93  0.00427038 0
289 6 Car 1 1 -4.9377 626.789 220.408 663.227 264.708 4.34 1.64 1.88  1.80 3.58 37.75  0.00175966 0
290 6 Car 1 1 -4.93738 626.596 218.135 661.911 261.208 4.34 1.64 1.88  1.81 3.52 38.74  -0.00141001 0
291 6 Car 1 1 -4.93886 627.998 217.309 662.614 259.881 4.34 1.64 1.88  1.88 3.49 39.00  -0.0016467 0
292 6 Car 1 1 -4.94127 630.264 217.211 664.527 259.117 4.34 1.64 1.88  2.01 3.49 39.26  0.000842135 0
293 6 Car 1 1 -4.96819 629.74 209.173 664.224 249.67 4.34 1.64 1.88  2.00 3.03 39.49  0.0018673 0
294 6 Car 1 1 -4.97576 622.593 204.977 668.497 245.3 4.34 1.64 1.88  2.04 2.82 39.72  -0.00510741 0
295 6 Car 1 1 -4.97972 623.354 203.949 668.673 243.824 4.34 1.64 1.88  2.08 2.77 40.00  -0.00462452 0
296 6 Car 1 1 -5.00087 626.438 204.64 667.364 242.898 4.34 1.64 1.88  2.13 2.77 40.13  0.0167322 0
297 6 Car 1 1 -4.97913 625.084 206.602 667.23 245.93 4.34 1.64 1.88  2.10 2.92 40.33  0.00555182 0
298 6 Car 1 1 -4.9729 624.703 209.334 666.964 248.552 4.34 1.64 1.88  2.09 3.08 40.49  0.00970749 0
299 6 Car 1 1 -4.9747 624.794 208.444 666.937 247.517 4.34 1.64 1.88  2.11 3.05 40.72  0.00924992 0
300 6 Car 1 1 -4.97848 624.461 206.528 666.761 245.514 4.35 1.64 1.88  2.10 2.95 40.87  0.00665616 0
301 16 Car 1 1 -8.11864 272.399 182.811 327.679 231.458 4.65 1.52 1.92  -17.04 1.83 39.92  3.03749 0
301 6 Car 1 1 -4.95376 626.935 208.843 665.391 249.936 4.35 1.64 1.88  2.13 3.15 41.00  -0.00555603 0
302 16 Car 1 1 -8.16497 259.137 191.934 324.417 235.981 4.65 1.52 1.92  -16.87 2.13 38.55  3.11914 0
302 6 Car 1 1 -4.9923 624.491 210.266 665.012 248.848 4.35 1.64 1.88  2.06 3.17 41.09  0.0341387 0
303 16 Car 1 1 -4.97518 245.938 207.708 348.621 251.968 4.64 1.52 1.93  -16.13 2.89 37.43  -0.00450056 0
303 6 Car 1 1 -4.92631 625.78 212.268 658.535 255.286 4.35 1.64 1.88  1.88 3.39 40.93  -0.0192709 0
304 16 Car 1 1 -1.81859 234.118 217.415 320.221 266.329 4.64 1.52 1.93  -15.73 3.19 34.05  -3.14158 0
304 6 Car 1 1 -4.90715 624.117 212.936 657.028 255.859 4.35 1.64 1.88  1.71 3.44 41.05  -0.0358747 0
305 16 Car 1 1 -8.10207 203.86 220.548 261.243 277.372 4.64 1.52 1.93  -16.18 3.16 30.85  3.14014 0
305 6 Car 1 1 -4.98397 623.75 214.561 655.803 251.562 4.35 1.64 1.88  1.68 3.38 41.19  0.0379141 0
306 16 Car 1 1 -8.09717 161.165 228.486 214.029 295.17 4.64 1.52 1.93  -15.99 3.25 27.24  3.14048 0
306 6 Car 1 1 -4.97717 623.497 214.019 655.888 250.983 4.35 1.64 1.88  1.68 3.37 41.40  0.0303094 0
307 16 Car 1 1 -1.8229 89.4557 234.72 151.74 313.477 4.64 1.52 1.93  -15.84 3.17 23.50  -3.13867 0
307 6 Car 1 1 -4.9798 622.47 215.54 654.91 252.17 4.35 1.64 1.88  1.63 3.45 41.44  0.037276 0
308 16 Car 1 1 -1.80341 -5.1707 256.529 85.8894 358.037 4.64 1.52 1.93  -15.48 3.53 19.82  -3.13814 0
308 6 Car 1 1 -4.97215 623.846 216.775 656.344 253.417 4.35 1.64 1.88  1.71 3.54 41.66  0.0342494 0
309 16 Car 1 1 -1.79488 -161.307 280.924 -11.9432 417.906 4.64 1.52 1.93  -15.31 3.72 16.13  -3.13699 0
309 6 Car 1 1 -4.97093 623.327 217.151 655.599 253.683 4.35 1.64 1.88  1.68 3.57 41.81  0.0345843 0
310 16 Car 1 1 -1.78567 -452.523 317.074 -171.231 521.094 4.64 1.52 1.93  -15.46 3.92 12.47  -3.13717 0
310 6 Car 1 1 -4.92235 619.31 219.754 651.71 260.341 4.35 1.64 1.88  1.44 3.80 41.44  -0.00323509 0
311 16 Car 1 1 -1.78476 -1005.74 368.618 -397.558 730.836 4.64 1.52 1.93  -14.84 3.96 8.72  -3.13639 0
311 6 Car 1 1 -4.90835 618.565 218.852 652.979 261.924 4.35 1.64 1.88  1.46 3.84 41.74  -0.015298 0
312 16 Car 1 1 -1.78184 -3198.39 474.278 -879.642 1530.55 4.64 1.52 1.93  -14.61 4.03 5.02  -3.1361 0
312 6 Car 1 1 -4.90837 617.784 219.322 653.048 262.109 4.35 1.64 1.88  1.45 3.88 41.89  -0.0137962 0
313 16 Car 1 1 -1.78217 -3542.62 -15610.4 42972.1 1464.15 4.64 1.52 1.93  -14.42 4.10 1.31  -3.1332 0
313 6 Car 1 1 -4.90889 616.851 222.46 652.286 264.657 4.35 1.64 1.88  1.41 4.06 42.08  -0.00559061 0
314 16 Car 1 1 -1.78 2623.7 -29677 103695 -301.268 4.64 1.52 1.93  -14.16 4.16 -2.48  -3.13287 0
314 6 Car 1 1 -4.90773 616.227 223.648 651.393 265.468 4.35 1.64 1.88  1.37 4.14 42.34  -0.00340514 0
315 16 Car 1 1 -1.7744 1727.43 -802.585 3344.66 -100.68 4.64 1.52 1.93  -13.91 4.23 -6.20  -3.13589 0
315 6 Car 1 1 -4.90839 615.67 222.353 650.737 264.083 4.35 1.64 1.88  1.34 4.07 42.40  -0.00561666 0
316 6 Car 1 1 -4.90824 615.163 220.856 650.26 262.713 4.35 1.64 1.88  1.31 3.99 42.41  -0.00915054 0
317 6 Car 1 1 -4.90924 614.929 219.682 649.981 261.423 4.35 1.64 1.88  1.30 3.93 42.52  -0.0107685 0
318 6 Car 1 1 -4.91113 614.91 218.909 650.082 260.693 4.35 1.64 1.88  1.30 3.88 42.47  -0.0109884 0
319 6 Car 1 1 -4.91298 614.689 218.064 649.741 259.726 4.35 1.64 1.88  1.28 3.83 42.50  -0.0113319 0
320 6 Car 1 1 -4.91362 615.828 218.691 650.965 260.236 4.35 1.64 1.88  1.35 3.86 42.48  -0.00930976 0
321 6 Car 1 1 -4.90993 616.803 222.082 651.864 263.469 4.35 1.64 1.88  1.41 4.06 42.58  -0.0043774 0
322 6 Car 1 1 -4.91015 617.254 221.963 652.289 263.347 4.35 1.64 1.88  1.44 4.05 42.56  -0.00454442 0
323 6 Car 1 1 -4.91323 618.284 219.116 653.527 260.684 4.35 1.64 1.88  1.50 3.88 42.42  -0.00880288 0
324 6 Car 1 1 -4.91829 618.983 216.413 654.181 257.708 4.35 1.64 1.88  1.54 3.73 42.57  -0.0105895 0
325 18 Car 1 1 -5.23437 -1065.07 185.528 391.092 1095.65 4.65 1.46 1.83  -2.96 1.02 3.92  0.00257843 0
325 6 Car 1 1 -4.91898 619.416 216.881 654.755 258.137 4.35 1.64 1.88  1.57 3.75 42.58  -0.00866551 0
326 18 Car 1 1 -5.20611 -182520 192.261 320.65 43776.6 4.65 1.46 1.83  -2.97 1.07 2.44  -0.0123443 0
326 6 Car 1 1 -4.9178 620 218.21 655.229 259.218 4.35 1.64 1.88  1.61 3.84 42.73  -0.00599744 0
327 18 Car 1 1 -5.18234 -2507.68 210.675 359.22 2354.06 4.65 1.46 1.83  -2.97 1.22 3.12  -0.00368332 0
327 6 Car 1 1 -4.91751 620.31 220.458 655.48 261.161 4.35 1.64 1.88  1.63 3.97 42.82  -0.000590256 0
328 18 Car 1 1 -5.20396 212.086 -4106.32 7149.39 537.141 4.65 1.46 1.83  -1.98 1.13 1.82  -0.00236066 0
328 6 Car 1 1 -4.93114 620.536 222.505 655.629 261.665 4.35 1.64 1.88  1.65 4.06 42.99  0.0168715 0
329 18 Car 1 1 -5.19721 243.592 -34147.1 56063.2 515.351 4.65 1.46 1.83  -1.94 1.16 2.13  -0.00288646 0
329 6 Car 1 1 -4.93292 620.032 222.554 653.871 261.291 4.35 1.64 1.88  1.58 4.06 43.06  0.0185642 0
330 18 Car 1 1 -5.19406 -434683 208.068 481.461 571086 4.65 1.46 1.83  -1.94 1.17 2.42  -0.00349664 0
330 6 Car 1 1 -4.93225 618.377 222.297 652.059 260.942 4.35 1.64 1.88  1.48 4.05 43.13  0.0174736 0
331 18 Car 1 1 -5.19289 -3367.67 206.399 487.892 4855.83 4.65 1.46 1.83  -1.95 1.17 2.73  -0.003994 0
331 6 Car 1 1 -4.93272 616.416 221.563 649.847 260.035 4.35 1.64 1.88  1.36 4.01 43.23  0.0163372 0
332 18 Car 1 1 -5.19331 -1885.73 203.975 498.898 2496.8 4.65 1.46 1.83  -1.92 1.17 3.05  -0.00441657 0
332 6 Car 1 1 -4.93679 614.716 219.411 647.866 257.447 4.35 1.64 1.88  1.26 3.89 43.45  0.0152832 0
333 18 Car 1 1 -5.19169 -1221.05 202.694 504.137 1733.26 4.65 1.46 1.83  -1.91 1.17 3.37  -0.00587087 0
333 6 Car 1 1 -4.93875 612.771 217.178 645.279 254.597 4.35 1.64 1.88  1.14 3.78 43.92  0.0123488 0
334 18 Car 1 1 -5.18942 -850.108 201.827 508.387 1364.34 4.65 1.46 1.83  -1.91 1.17 3.67  -0.0070093 0
334 6 Car 1 1 -4.93754 610.591 216.894 642.871 254.295 4.35 1.64 1.88  1.00 3.76 43.95  0.0104572 0
335 18 Car 1 1 -5.19097 -562.718 198.045 514.628 1094.82 4.65 1.46 1.83  -1.91 1.16 4.03  -0.00862487 0
335 17 Car 1 1 -5.27558 487.823 170.257 514.43 203.063 4.43 1.55 1.93  -6.69 0.82 44.80  0.00190898 0
335 6 Car 1 1 -4.93718 608.433 216.109 640.412 253.274 4.35 1.64 1.88  0.86 3.74 44.26  0.00881455 0
336 18 Car 1 1 -5.19281 -389.859 194.954 516.608 930.32 4.65 1.46 1.83  -1.93 1.15 4.37  -0.00917842 0
336 17 Car 1 1 -5.26025 483.529 171.131 510.768 204.466 4.43 1.55 1.93  -6.86 0.88 44.31  0.00292182 0
336 6 Car 1 1 -4.93839 606.133 215.645 638.047 252.712 4.35 1.64 1.88  0.72 3.72 44.45  0.0093158 0
337 18 Car 1 1 -5.18263 -254.359 197.075 520.498 824.879 4.65 1.46 1.83  -1.95 1.19 4.73  -0.0105187 0
337 17 Car 1 1 -5.23362 480.084 172.825 508.135 206.778 4.43 1.55 1.93  -6.97 0.98 43.84  0.00408655 0
337 6 Car 1 1 -4.93896 604.678 215.361 636.693 252.499 4.35 1.64 1.88  0.64 3.72 44.57  0.00965758 0
338 18 Car 1 1 -5.18095 -165.63 196.734 520.523 744.326 4.65 1.46 1.83  -1.99 1.20 5.07  -0.00982079 0
338 17 Car 1 1 -5.1935 477.566 175.903 505.928 209.949 4.43 1.55 1.93  -7.13 1.17 43.95  0.00670329 0
338 6 Car 1 1 -4.94035 602.67 215.24 634.491 252.098 4.35 1.64 1.88  0.51 3.73 44.92  0.0116591 0
339 18 Car 1 1 -5.17784 -88.6042 197.732 521.139 680.165 4.65 1.46 1.83  -2.03 1.22 5.43  -0.00826363 0
339 17 Car 1 1 -5.16045 475.11 178.991 504.069 213.51 4.43 1.55 1.93  -7.19 1.36 43.53  0.00950353 0
339 6 Car 1 1 -4.93991 601.168 215.967 632.788 252.594 4.35 1.64 1.88  0.42 3.79 45.20  0.0140705 0
340 18 Car 1 1 -5.17722 -25.8895 197.148 522.162 627.765 4.65 1.46 1.83  -2.06 1.23 5.78  -0.00789084 0
340 17 Car 1 1 -5.14978 473.006 180.147 502.511 215.133 4.43 1.55 1.93  -7.21 1.42 43.00  0.00980988 0
340 6 Car 1 1 -4.94026 600.146 215.952 631.64 252.529 4.35 1.64 1.88  0.35 3.79 45.23  0.0144018 0
341 18 Car 1 1 -5.17703 20.3641 196.555 521.877 586.657 4.65 1.46 1.83  -2.11 1.23 6.12  -0.00731487 0
341 17 Car 1 1 -5.13904 470.974 181.352 501.09 216.873 4.43 1.55 1.93  -7.23 1.49 42.49  0.0105334 0
341 6 Car 1 1 -4.9398 599.334 216.086 630.492 252.388 4.35 1.64 1.88  0.29 3.82 45.52  0.0150827 0
342 18 Car 1 1 -5.17633 67.0409 197.991 523.712 552.734 4.65 1.46 1.83  -2.13 1.25 6.48  -0.0039357 0
342 17 Car 1 1 -5.11894 469.298 183.966 499.858 219.931 4.43 1.55 1.93  -7.23 1.64 42.00  0.0131843 0
342 6 Car 1 1 -4.9366 598.582 218.04 629.314 253.991 4.35 1.64 1.88  0.23 3.96 45.86  0.0180004 0
343 18 Car 1 1 -5.16889 111.139 202.049 527.407 528.233 4.65 1.46 1.83  -2.13 1.31 6.86  -1.21835e-05 0
343 17 Car 1 1 -5.09023 467.332 188.287 498.448 224.867 4.43 1.55 1.93  -7.24 1.88 41.54  0.0177594 0
343 6 Car 1 1 -4.93234 597.555 221.163 628.116 256.993 4.35 1.64 1.88  0.16 4.17 46.08  0.0223998 0
344 18 Car 1 1 -5.16644 147.128 200.809 530.267 501.152 4.65 1.46 1.83  -2.14 1.31 7.24  -0.00170933 0
344 17 Car 1 1 -5.09097 465.61 188.106 497.318 225.243 4.43 1.55 1.93  -7.24 1.87 41.08  0.0164443 0
344 6 Car 1 1 -4.93233 596.83 220.403 627.227 256.173 4.35 1.64 1.88  0.11 4.14 46.23  0.0209454 0
345 18 Car 1 1 -5.17405 149.846 194.72 522.438 476.66 4.65 1.46 1.83  -2.28 1.25 7.51  -0.00617428 0
345 17 Car 1 1 -5.11101 462.339 185.084 495.085 222.767 4.43 1.55 1.93  -7.30 1.69 40.55  0.0124105 0
345 6 Car 1 1 -4.93729 595.564 216.695 625.516 252.23 4.35 1.64 1.88  0.02 3.91 46.46  0.0167313 0
346 18 Car 1 1 -5.16484 198.935 195.136 533.769 456.677 4.65 1.46 1.83  -2.17 1.28 7.96  -0.00974063 0
346 17 Car 1 1 -5.11887 461.476 183.758 494.524 221.972 4.43 1.55 1.93  -7.27 1.61 40.17  0.0091801 0
346 6 Car 1 1 -4.93815 595.132 214.83 624.973 250.167 4.35 1.64 1.88  -0.01 3.82 46.81  0.0133596 0
347 18 Car 1 1 -5.16049 223.681 196.781 536.329 442.138 4.65 1.46 1.83  -2.18 1.31 8.33  -0.00782992 0
347 17 Car 1 1 -5.10605 459.05 185.738 492.744 224.519 4.43 1.55 1.93  -7.30 1.71 39.69  0.0113196 0
347 6 Car 1 1 -4.93543 593.987 216.332 623.613 251.532 4.35 1.64 1.88  -0.09 3.93 47.02  0.0154421 0
348 18 Car 1 1 -5.15992 245.188 198.347 538.721 428.501 4.65 1.46 1.83  -2.18 1.34 8.69  -0.00332473 0
348 17 Car 1 1 -5.08783 456.154 189.171 490.68 228.646 4.43 1.55 1.93  -7.32 1.89 39.06  0.0161007 0
348 6 Car 1 1 -4.93167 592.644 219.258 621.982 254.223 4.35 1.64 1.88  -0.19 4.13 47.30  0.0201746 0
349 18 Car 1 1 -5.15543 261.874 200.101 540.644 419.786 4.65 1.46 1.83  -2.18 1.37 9.00  -0.00152039 0
349 17 Car 1 1 -5.08028 453.44 190.743 488.602 230.705 4.43 1.55 1.93  -7.36 1.96 38.64  0.0176489 0
349 6 Car 1 1 -4.92993 591.318 220.142 620.178 254.689 4.35 1.64 1.88  -0.30 4.22 47.78  0.0218223 0
350 18 Car 1 1 -5.17128 280.173 194.44 545.376 403.352 4.65 1.46 1.83  -2.11 1.28 9.22  -0.00184234 0
350 17 Car 1 1 -5.09898 449.631 188.04 485.375 228.352 4.43 1.55 1.93  -7.43 1.80 38.02  0.0156848 0
350 6 Car 1 1 -4.93411 588.923 217.6 617.242 251.467 4.35 1.64 1.88  -0.48 4.08 48.32  0.0203878 0
351 18 Car 1 1 -5.1587 283.709 195.672 540.143 396.986 4.65 1.46 1.83  -2.23 1.33 9.58  -0.00639385 0
351 17 Car 1 1 -5.10557 444.835 186.534 481.658 227.517 4.43 1.55 1.93  -7.57 1.72 37.64  0.0113646 0
351 6 Car 1 1 -4.93512 586.427 214.962 614.004 248.371 4.35 1.64 1.88  -0.68 3.95 49.03  0.0159513 0
352 18 Car 1 1 -5.16504 301.89 192.827 543.145 383.359 4.65 1.46 1.83  -2.21 1.29 9.93  -0.00762145 0
352 17 Car 1 1 -5.12268 441.169 184.075 478.402 225.264 4.43 1.55 1.93  -7.68 1.58 37.26  0.00806811 0
352 6 Car 1 1 -4.93751 583.865 212.763 610.71 245.466 4.35 1.64 1.88  -0.89 3.83 49.75  0.0133143 0
353 18 Car 1 1 -5.17042 312.127 191.417 542.749 372.767 4.65 1.46 1.83  -2.24 1.27 10.26  -0.00658269 0
353 17 Car 1 1 -5.13082 437.012 183.206 474.86 224.615 4.43 1.55 1.93  -7.79 1.52 36.87  0.007408 0
353 6 Car 1 1 -4.93938 581.307 211.666 607.389 243.648 4.35 1.64 1.88  -1.10 3.78 50.48  0.0132138 0
354 18 Car 1 1 -5.20151 273.357 184.502 521.317 364.452 4.65 1.46 1.83  -2.59 1.13 10.09  -0.00322082 0
354 17 Car 1 1 -5.14645 424.652 182.127 464.964 224.141 4.43 1.55 1.93  -8.15 1.44 35.98  0.0102253 0
354 6 Car 1 1 -4.94793 575.54 210.165 601.323 241.788 4.35 1.64 1.88  -1.50 3.67 50.44  0.0162379 0
355 18 Car 1 1 -5.1756 329.904 190.186 541.983 354.319 4.65 1.46 1.83  -2.32 1.25 10.99  -0.00347369 0
355 17 Car 1 1 -5.125 428.629 184.623 468.266 226.83 4.43 1.55 1.93  -8.00 1.58 36.13  0.0106111 0
355 6 Car 1 1 -4.94376 577.028 210.801 602.413 241.963 4.35 1.64 1.88  -1.44 3.76 51.31  0.0164147 0
356 18 Car 1 1 -5.16108 348.051 193.611 547.142 350.105 4.65 1.46 1.83  -2.28 1.33 11.50  -0.00264335 0
356 17 Car 1 1 -5.10221 426.758 187.989 467.139 230.928 4.43 1.55 1.93  -8.02 1.75 35.87  0.0126437 0
356 6 Car 1 1 -4.93611 576.343 213.172 601.492 244.111 4.35 1.64 1.88  -1.51 3.97 51.99  0.0180654 0
357 18 Car 1 1 -5.15568 356.937 194.501 548.115 344.896 4.65 1.46 1.83  -2.30 1.36 11.89  -0.00257171 0
357 17 Car 1 1 -5.09249 423.082 189.631 464.588 233.401 4.43 1.55 1.93  -8.06 1.83 35.40  0.0129549 0
357 6 Car 1 1 -4.9304 575.004 214.355 599.677 244.785 4.35 1.64 1.88  -1.65 4.12 53.00  0.0182997 0
358 18 Car 1 1 -5.15 368.471 195.419 551.769 340.979 4.65 1.46 1.83  -2.26 1.39 12.24  -0.00287355 0
358 17 Car 1 1 -5.09259 420.344 189.715 462.72 234.028 4.43 1.55 1.93  -8.09 1.82 35.02  0.0125639 0
358 6 Car 1 1 -4.93011 574.125 214.062 598.622 244.271 4.35 1.64 1.88  -1.73 4.12 53.35  0.0179348 0
359 18 Car 1 1 -5.15381 381.237 192.978 556.325 332.925 4.65 1.46 1.83  -2.20 1.36 12.61  -0.00540809 0
359 17 Car 1 1 -5.11705 417.702 185.932 461.091 230.673 4.43 1.55 1.93  -8.07 1.62 34.50  0.00940907 0
359 6 Car 1 1 -4.93913 573.667 210.576 598.331 240.884 4.35 1.64 1.88  -1.73 3.83 52.89  0.0149579 0
360 18 Car 1 1 -5.15953 389.601 190.573 559.072 325.726 4.65 1.46 1.83  -2.17 1.32 12.93  -0.00704114 0
360 17 Car 1 1 -5.14318 414.816 182.484 459.283 227.455 4.43 1.55 1.93  -8.08 1.45 34.09  0.00744737 0
360 6 Car 1 1 -4.94934 573.133 208.195 598.591 239.388 4.35 1.64 1.88  -1.68 3.57 51.25  0.0130878 0
361 19 Car 1 1 -8.34059 -58.5418 175.852 123.643 251.496 4.56 1.64 1.91  -16.33 1.06 20.79  3.13904 0
361 18 Car 1 1 -5.15406 400.347 192.409 563.493 323.269 4.65 1.46 1.83  -2.10 1.36 13.28  -0.00458371 0
361 17 Car 1 1 -5.13691 413.672 183.688 458.837 228.919 4.43 1.55 1.93  -8.06 1.50 33.85  0.00966178 0
361 6 Car 1 1 -4.95349 573.26 208.892 599.579 241.063 4.35 1.64 1.88  -1.59 3.53 49.60  0.0154032 0
362 19 Car 1 1 -8.34871 -122.146 174.984 88.3192 257.879 4.56 1.64 1.91  -16.25 1.02 19.10  3.13976 0
362 18 Car 1 1 -5.15659 411.896 191.88 569.745 319.337 4.65 1.46 1.83  -1.99 1.35 13.53  -0.00359093 0
362 17 Car 1 1 -5.14149 412.683 183.318 458.507 228.737 4.43 1.55 1.93  -8.03 1.47 33.60  0.0102067 0
363 19 Car 1 1 -8.35662 -199.77 173.313 46.9832 265.432 4.56 1.64 1.91  -16.18 0.98 17.43  3.13738 0
363 18 Car 1 1 -5.06176 474.102 231.481 569.75 350.992 4.65 1.46 1.83  -1.72 2.34 15.42  0.034184 0
364 19 Car 1 1 -8.35987 -298.581 172.642 -3.23712 276.23 4.56 1.64 1.91  -16.12 0.96 15.74  3.13674 0
364 18 Car 1 1 -5.05339 487.716 221.462 570.266 332.569 4.65 1.46 1.83  -1.66 2.15 16.11  0.0067176 0
365 19 Car 1 1 -8.35417 -427.573 173.963 -64.9435 292.793 4.56 1.64 1.91  -16.08 0.99 14.04  3.13764 0
365 18 Car 1 1 -5.05062 496.06 222.088 575.674 330.791 4.65 1.46 1.83  -1.55 2.18 16.42  0.00762979 0
366 19 Car 1 1 -8.34715 -604.768 176.318 -142.976 316.068 4.56 1.64 1.91  -16.03 1.03 12.30  3.13953 0
366 18 Car 1 1 -5.05401 496.68 221.368 575.736 328.029 4.65 1.46 1.83  -1.56 2.17 16.58  0.0095839 0
367 19 Car 1 1 -8.34194 -853.763 178.604 -241.785 348.042 4.56 1.64 1.91  -16.00 1.06 10.58  3.14098 0
367 18 Car 1 1 -5.05478 500.935 221.44 578.825 326.824 4.65 1.46 1.83  -1.49 2.18 16.71  0.0110625 0
368 19 Car 1 1 -8.34575 -1220.99 178.594 -367.455 390.816 4.56 1.64 1.91  -15.97 1.04 8.90  3.14144 0
368 18 Car 1 1 -5.03086 510.007 223.474 581.462 327.455 4.65 1.46 1.83  -1.41 2.30 17.31  -0.000679395 0
368 17 Car 1 1 -5.11263 353.822 191.703 420.81 256.466 4.40 1.51 1.85  -7.34 1.61 24.18  0.000724194 0
369 19 Car 1 1 -2.07272 -1866.27 176.633 -544.457 462.221 4.56 1.64 1.91  -15.94 1.00 7.17  -3.14081 0
369 18 Car 1 1 -5.03276 514.522 222.515 584.699 324.505 4.65 1.46 1.83  -1.35 2.29 17.55  0.000191138 0
369 17 Car 1 1 -5.11709 349.801 191.302 418.515 256.646 4.40 1.51 1.85  -7.36 1.59 23.90  0.00142345 0
370 19 Car 1 1 -2.07813 -3259.59 175.513 -807.129 621.617 4.56 1.64 1.91  -15.91 0.98 5.40  -3.14042 0
370 18 Car 1 1 -5.03437 522.245 227.281 587.496 320.318 4.65 1.46 1.83  -1.32 2.45 18.62  0.0177845 0
370 17 Car 1 1 -5.03556 355.944 207.942 425.28 278.173 4.40 1.51 1.85  -7.10 2.20 23.76  -0.00308252 0
371 18 Car 1 1 -5.03175 526.149 227.306 589.891 318.409 4.65 1.46 1.83  -1.27 2.48 18.98  0.0175626 0
371 17 Car 1 1 -5.03459 347.981 209.015 420.776 281.654 4.40 1.51 1.85  -7.11 2.21 23.14  -0.00316515 0
372 18 Car 1 1 -5.03311 531.054 225.407 593.431 314.199 4.65 1.46 1.83  -1.19 2.46 19.34  0.0165618 0
372 17 Car 1 1 -5.03714 341.557 208.87 417.714 283.876 4.40 1.51 1.85  -7.05 2.18 22.51  -0.00420312 0
373 18 Car 1 1 -5.04101 536.725 222.928 597.633 307.233 4.65 1.46 1.83  -1.13 2.43 20.04  0.021846 0
373 17 Car 1 1 -5.02285 338.874 214.345 417.614 291.568 4.40 1.51 1.85  -6.95 2.33 22.06  -0.00328585 0
374 18 Car 1 1 -5.08341 537.594 205.122 597.861 282.668 4.65 1.46 1.83  -1.11 1.93 20.90  0.0117668 0
374 17 Car 1 1 -5.00283 342.143 222.418 424.278 301.428 4.40 1.51 1.85  -6.75 2.59 21.92  -0.000486691 0
375 18 Car 1 1 -5.10181 542.478 197.979 601.256 274.463 4.65 1.46 1.83  -1.01 1.73 21.11  0.00339387 0
375 17 Car 1 1 -5.01681 333.488 215.724 420.191 298.122 4.40 1.51 1.85  -6.66 2.33 21.07  -0.00902063 0
376 18 Car 1 1 -5.11025 543.625 194.405 601.451 268.999 4.65 1.46 1.83  -1.01 1.64 21.57  -0.00153779 0
376 17 Car 1 1 -5.02311 323.31 212.997 414.771 298.419 4.40 1.51 1.85  -6.67 2.22 20.44  -0.0138626 0
377 18 Car 1 1 -5.19277 552.14 177.867 604.093 246.197 4.65 1.46 1.83  -0.95 1.12 22.71  -0.0144755 0
377 17 Car 1 1 -5.00348 321.751 219.036 417.919 309.57 4.40 1.51 1.85  -6.47 2.38 19.92  -0.0172937 0
378 18 Car 1 1 -5.09417 556.879 191.288 607.525 261.014 4.65 1.46 1.83  -0.88 1.63 23.62  -0.0186321 0
378 17 Car 1 1 -5.01327 319.958 230.105 420.235 321.771 4.40 1.51 1.85  -6.27 2.62 19.35  0.0128468 0
379 18 Car 1 1 -5.09115 559.499 192.067 609.44 260.578 4.65 1.46 1.83  -0.82 1.67 23.99  -0.0164651 0
379 17 Car 1 1 -5.01281 309.034 233.449 415.705 329.965 4.40 1.51 1.85  -6.21 2.65 18.60  0.0151218 0
380 18 Car 1 1 -5.09478 563.535 190.817 612.744 258.171 4.65 1.46 1.83  -0.72 1.63 24.36  -0.0176428 0
380 17 Car 1 1 -5.0128 299.376 235.063 412.425 336.988 4.40 1.51 1.85  -6.10 2.64 17.86  0.0140383 0
381 18 Car 1 1 -5.09915 565.151 190.054 613.72 256.068 4.65 1.46 1.83  -0.68 1.62 24.74  -0.0163226 0
381 17 Car 1 1 -5.0139 284.843 237.022 406.373 344.849 4.40 1.51 1.85  -6.07 2.63 17.11  0.0143254 0
382 18 Car 1 1 -5.08137 571.566 195.942 617.297 258.152 4.65 1.46 1.83  -0.59 1.83 25.66  -0.00391426 0
382 17 Car 1 1 -5.01186 289.3 235.139 411.16 346.723 4.40 1.51 1.85  -5.80 2.55 16.68  0.00600256 0
383 18 Car 1 1 -5.08054 573.246 195.507 618.198 256.49 4.65 1.46 1.83  -0.56 1.83 26.19  -0.00428918 0
383 17 Car 1 1 -5.0093 276.236 236.987 406.52 355.136 4.40 1.51 1.85  -5.75 2.55 16.02  0.00321279 0
384 18 Car 1 1 -5.04816 574.92 203.508 619.854 263.932 4.65 1.46 1.83  -0.52 2.15 26.69  0.00188882 0
384 17 Car 1 1 -4.99423 265.24 245.326 412.315 373.473 4.40 1.51 1.85  -5.50 2.69 15.25  -0.000708253 0
385 18 Car 1 1 -5.05056 575.831 207.646 619.156 265.365 4.65 1.46 1.83  -0.52 2.30 27.17  0.0196137 0
385 17 Car 1 1 -4.98752 251.742 250.858 409.079 392.024 4.40 1.51 1.85  -5.33 2.75 14.41  -0.00285747 0
386 18 Car 1 1 -5.03276 575.951 206.48 617.58 264.476 4.64 1.46 1.83  -0.52 2.31 27.68  0.0024148 0
386 17 Car 1 1 -4.99398 241.645 260.882 405.904 410.087 4.40 1.51 1.85  -5.16 2.85 13.65  0.0106948 0
387 18 Car 1 1 -5.02552 576.976 208.448 617.997 265.684 4.64 1.46 1.83  -0.51 2.41 28.08  0.00441446 0
387 17 Car 1 1 -4.99284 215.316 267.595 395.598 429.752 4.40 1.51 1.85  -5.16 2.89 12.90  0.0126982 0
388 18 Car 1 1 -5.01751 577.292 210.741 617.479 266.986 4.64 1.46 1.83  -0.52 2.52 28.56  0.0067251 0
388 17 Car 1 1 -4.99133 186.72 275.24 384.291 451.401 4.40 1.51 1.85  -5.17 2.95 12.20  0.0149983 0
