0.500000000 0.115291 0.141448 16.567750 -0.000531 0.024405 -0.001872 0.999700
0.550000000 -0.122142 0.144827 18.962545 -0.000556 0.029649 -0.002322 0.999558
0.600000000 0.137713 0.119031 20.577938 -0.001118 0.029395 -0.001743 0.999566
0.650000000 0.232501 0.130523 22.276566 -0.001118 0.030456 -0.001743 0.999534
0.700000000 0.327381 0.133378 23.913938 -0.001366 0.031919 -0.001761 0.999488
0.750000000 0.468127 0.140989 25.601903 -0.001286 0.032690 -0.001647 0.999463
0.800000000 0.636050 0.155031 27.287707 -0.001336 0.032803 -0.001266 0.999460
0.850000000 0.801333 0.144596 29.006960 -0.002134 0.032358 -0.000496 0.999474
0.900000000 0.907330 0.152914 30.738009 -0.002528 0.031851 -0.000137 0.999489
0.950000000 0.953572 0.163435 32.411720 -0.002535 0.031252 0.000060 0.999508
1.000000000 1.052519 0.170089 34.076493 -0.002492 0.029709 -0.000699 0.999555
1.050000000 1.154589 0.199078 35.844561 -0.002621 0.028113 -0.001550 0.999600
1.100000000 1.212830 0.197492 37.488427 -0.002449 0.026325 -0.002583 0.999647
1.150000000 1.287630 0.255966 39.229372 -0.001162 0.024624 -0.004168 0.999687
1.200000000 1.314989 0.297925 40.975301 -0.000229 0.023277 -0.005659 0.999713
1.250000000 1.368790 0.272436 42.679501 0.000111 0.021116 -0.005586 0.999761
1.300000000 1.405975 0.283068 44.425836 0.000408 0.019125 -0.005640 0.999801
1.350000000 1.424075 0.311570 46.174076 0.000083 0.017232 -0.005871 0.999834
1.400000000 1.502045 0.309279 47.938524 -0.000673 0.014748 -0.005715 0.999875
1.450000000 1.545953 0.321552 49.696572 -0.001072 0.012762 -0.005883 0.999901
1.500000000 1.591832 0.324897 51.419947 -0.002022 0.010582 -0.006238 0.999923
1.550000000 1.633319 0.323699 53.165091 -0.003021 0.008531 -0.005731 0.999943
1.600000000 1.662327 0.367856 54.922198 -0.003609 0.006908 -0.007191 0.999944
1.650000000 1.684544 0.369596 56.660621 -0.004475 0.005211 -0.006679 0.999954
1.700000000 1.709570 0.388207 58.437752 -0.005440 0.003466 -0.007716 0.999949
1.750000000 1.704193 0.421488 60.218283 -0.006147 0.001715 -0.007412 0.999952
1.800000000 3.250675 0.664431 61.245060 -0.004840 -0.006129 -0.008666 0.999932
1.850000000 1.820549 0.445267 63.471948 -0.003514 -0.001633 -0.012956 0.999909
1.900000000 1.780516 0.482401 65.501815 -0.003192 -0.002877 -0.015214 0.999875
1.950000000 1.781409 0.489289 67.304428 -0.003775 -0.004006 -0.016204 0.999854
2.000000000 1.771828 0.487580 69.068568 -0.003095 -0.005065 -0.016393 0.999848
2.050000000 1.752102 0.515105 70.926043 -0.001356 -0.006211 -0.017070 0.999834
2.100000000 1.693216 0.544655 72.681295 -0.000461 -0.006836 -0.018024 0.999814
2.150000000 1.659217 0.546470 74.483818 -0.001688 -0.007641 -0.019147 0.999786
2.200000000 1.618643 0.554436 76.257601 -0.002726 -0.008464 -0.020537 0.999750
2.250000000 1.574984 0.563863 78.002351 -0.002768 -0.009546 -0.021585 0.999718
2.300000000 1.469897 0.600486 79.734413 -0.002999 -0.010518 -0.022043 0.999697
2.350000000 1.435033 0.600123 81.385394 -0.004025 -0.012132 -0.022730 0.999660
2.400000000 1.398887 0.613976 83.103541 -0.005094 -0.013678 -0.022853 0.999632
2.450000000 1.350677 0.644843 84.801451 -0.005268 -0.015069 -0.023441 0.999598
2.500000000 1.291663 0.680158 86.596698 -0.004097 -0.016199 -0.024390 0.999563
2.550000000 1.236034 0.707320 88.280550 -0.004466 -0.017035 -0.024863 0.999536
2.600000000 1.176850 0.734674 90.018384 -0.006678 -0.017472 -0.024437 0.999526
2.650000000 1.120318 0.753398 91.741565 -0.008524 -0.017646 -0.024226 0.999514
2.700000000 1.061613 0.784942 93.465417 -0.010534 -0.017570 -0.024034 0.999501
2.750000000 0.980816 0.822097 95.160511 -0.010471 -0.017214 -0.022927 0.999534
2.800000000 0.911865 0.871842 96.901011 -0.010409 -0.017079 -0.022086 0.999556
2.850000000 0.844642 0.899160 98.583296 -0.007834 -0.017060 -0.021417 0.999594
2.900000000 0.775798 0.928293 100.340287 -0.006154 -0.017214 -0.022973 0.999569
2.950000000 0.729191 0.956071 102.105672 -0.006005 -0.017588 -0.025093 0.999512
3.000000000 0.862291 0.969273 103.788568 -0.006414 -0.019012 -0.026322 0.999452
3.050000000 0.587315 1.013567 105.620377 -0.007181 -0.018283 -0.026040 0.999468
3.100000000 0.512110 1.037769 107.374068 -0.007908 -0.018602 -0.023816 0.999512
3.150000000 0.448132 1.059371 109.149224 -0.008721 -0.019244 -0.021288 0.999550
3.200000000 0.393002 1.124456 110.887500 -0.009174 -0.019786 -0.019982 0.999562
3.250000000 0.307145 1.150594 112.696190 -0.009827 -0.020082 -0.020623 0.999537
3.300000000 0.219417 1.175406 114.518938 -0.009017 -0.020279 -0.021966 0.999512
3.350000000 0.154155 1.216903 116.284503 -0.008552 -0.020329 -0.022859 0.999495
3.400000000 0.080022 1.271091 118.137362 -0.010255 -0.020273 -0.023407 0.999468
3.450000000 -0.007174 1.309944 119.985430 -0.011416 -0.020055 -0.023740 0.999452
3.500000000 -0.087788 1.355854 121.831090 -0.011194 -0.019725 -0.024803 0.999435
3.550000000 -0.253719 1.419954 123.734801 -0.010301 -0.019001 -0.026505 0.999415
3.600000000 -0.299364 1.449894 125.601240 -0.010289 -0.018997 -0.028146 0.999370
3.650000000 -0.405401 1.477025 127.422427 -0.010574 -0.018578 -0.028527 0.999364
3.700000000 -0.493295 1.531225 129.295973 -0.011233 -0.018379 -0.028544 0.999360
3.750000000 -0.562799 1.561674 131.162392 -0.011724 -0.018268 -0.028295 0.999364
3.800000000 -0.612562 1.611409 132.985737 -0.011885 -0.018375 -0.028311 0.999360
3.850000000 -0.687044 1.670584 134.902131 -0.011702 -0.018395 -0.028234 0.999364
3.900000000 -0.724468 1.708549 136.798036 -0.012043 -0.018538 -0.027618 0.999374
3.950000000 -0.778865 1.737554 138.684728 -0.012073 -0.018854 -0.027201 0.999379
4.000000000 -0.782363 1.772647 140.597178 -0.012081 -0.019578 -0.026929 0.999373
4.050000000 -0.889340 1.832292 142.438061 -0.012450 -0.019373 -0.026984 0.999371
4.100000000 -0.980184 1.885758 144.358811 -0.013096 -0.019531 -0.027090 0.999356
4.150000000 -1.042516 1.927837 146.264723 -0.013707 -0.019527 -0.027418 0.999339
4.200000000 -1.097345 1.995975 148.106241 -0.013588 -0.019210 -0.026900 0.999361
4.250000000 -1.181999 2.035911 150.004277 -0.013562 -0.018850 -0.026613 0.999376
4.300000000 -1.253238 2.083258 151.934834 -0.012805 -0.018802 -0.025615 0.999413
4.350000000 -1.329536 2.153463 153.834095 -0.012019 -0.018709 -0.025876 0.999418
4.400000000 -1.422586 2.219892 155.756087 -0.012590 -0.018529 -0.026817 0.999389
4.450000000 -1.533725 2.282369 157.614013 -0.013320 -0.018360 -0.027904 0.999353
4.500000000 -1.583166 2.324382 159.482332 -0.013641 -0.018497 -0.028955 0.999316
4.550000000 -1.645226 2.368610 161.394478 -0.013685 -0.018541 -0.029498 0.999299
4.600000000 -1.722215 2.425435 163.276123 -0.013110 -0.018585 -0.028740 0.999328
4.650000000 -1.755884 2.447716 165.140700 -0.013917 -0.018991 -0.028284 0.999323
4.700000000 -1.809297 2.567233 166.911199 -0.014559 -0.019397 -0.027641 0.999324
4.750000000 -1.032616 2.574748 168.364847 -0.013809 -0.024619 -0.028098 0.999207
4.800000000 -2.003651 2.642975 170.629923 -0.014069 -0.020171 -0.026776 0.999339
4.850000000 -2.078805 2.698287 172.415445 -0.014435 -0.020677 -0.026542 0.999330
4.900000000 -2.132305 2.753412 174.308024 -0.014283 -0.021492 -0.026316 0.999321
4.950000000 -2.233952 2.819502 176.058916 -0.014419 -0.021836 -0.026075 0.999317
5.000000000 -2.322982 2.872507 177.956309 -0.014844 -0.022511 -0.025603 0.999308
5.050000000 -2.435295 2.917479 179.747926 -0.014708 -0.022904 -0.026339 0.999282
5.100000000 -1.234645 3.132559 180.153889 -0.013483 -0.027884 -0.026666 0.999164
5.150000000 -2.578979 3.037936 183.760340 -0.014451 -0.024809 -0.028067 0.999194
5.200000000 -2.703164 3.080590 185.661073 -0.013806 -0.025046 -0.029065 0.999168
5.250000000 -3.322606 3.274550 187.253757 -0.012318 -0.021856 -0.032012 0.999173
5.300000000 -2.870424 3.196644 189.373714 -0.014413 -0.025225 -0.030837 0.999102
5.350000000 -2.767247 3.082378 188.357383 -0.015101 -0.021177 -0.032504 0.999133
5.400000000 -3.043496 3.315594 193.398698 -0.014475 -0.025026 -0.031393 0.999089
5.450000000 -3.156864 3.377418 195.323973 -0.014746 -0.024913 -0.030876 0.999104
5.500000000 -3.213611 3.452679 197.207261 -0.014681 -0.024919 -0.030309 0.999122
5.550000000 -3.303776 3.506660 199.006114 -0.014849 -0.024955 -0.030664 0.999108
5.600000000 -3.178055 3.433634 195.676755 -0.015592 -0.017897 -0.035142 0.999100
5.650000000 -3.570266 3.732376 203.224777 -0.015731 -0.025165 -0.031819 0.999053
5.700000000 -3.666076 3.827055 205.210341 -0.015445 -0.025230 -0.032542 0.999033
5.750000000 -3.708447 3.834497 207.247931 -0.015024 -0.025903 -0.033339 0.998995
5.800000000 -3.804965 3.943139 209.029852 -0.013815 -0.026087 -0.033748 0.998994
5.850000000 -3.942886 3.998865 211.076270 -0.013658 -0.026291 -0.033611 0.998996
5.900000000 -4.006154 4.032034 212.942686 -0.014208 -0.026698 -0.033710 0.998974
5.950000000 -4.134706 4.072914 214.946720 -0.014587 -0.026917 -0.033735 0.998962
6.000000000 -4.225574 4.118312 216.830088 -0.014294 -0.027328 -0.033826 0.998952
6.050000000 -4.402681 4.189007 218.710916 -0.013603 -0.027172 -0.033799 0.998967
6.100000000 -4.408950 4.228058 220.549648 -0.013780 -0.028160 -0.033697 0.998940
6.150000000 -4.501240 4.288114 222.491372 -0.014204 -0.028685 -0.033459 0.998927
6.200000000 -4.592812 4.330696 224.454950 -0.014603 -0.029253 -0.033246 0.998912
6.250000000 -4.786223 4.438888 226.407184 -0.013781 -0.029094 -0.033124 0.998933
6.300000000 -4.826387 4.465832 228.432871 -0.013597 -0.030054 -0.033628 0.998890
6.350000000 -4.117810 4.642480 230.350466 -0.012855 -0.035153 -0.033816 0.998727
6.400000000 -4.139473 4.471213 232.022300 -0.014449 -0.035903 -0.034376 0.998659
6.450000000 -5.232333 4.619104 234.240176 -0.014416 -0.031062 -0.034808 0.998807
6.500000000 -5.375818 4.709077 236.064246 -0.014287 -0.031414 -0.034804 0.998798
6.550000000 -5.503718 4.771478 237.957277 -0.014272 -0.031887 -0.034749 0.998785
6.600000000 -5.624629 4.794295 239.809777 -0.014878 -0.032431 -0.035553 0.998731
6.650000000 -5.765085 4.840861 241.718478 -0.015577 -0.032833 -0.036139 0.998686
6.700000000 -5.889804 4.921701 243.603830 -0.015780 -0.033450 -0.036757 0.998640
6.750000000 -5.983247 4.996210 245.438432 -0.015945 -0.034252 -0.036318 0.998626
6.800000000 -6.145384 5.044238 247.272973 -0.015962 -0.034973 -0.035746 0.998621
6.850000000 -6.267884 5.116009 249.139402 -0.015114 -0.035878 -0.034986 0.998629
6.900000000 -6.384392 5.168951 250.881001 -0.013856 -0.036823 -0.034268 0.998638
6.950000000 -6.537548 5.222983 252.688876 -0.013599 -0.037461 -0.034382 0.998614
7.000000000 -6.665307 5.261669 254.446205 -0.013940 -0.038099 -0.034305 0.998588
7.050000000 -6.804316 5.311283 256.225517 -0.015029 -0.038324 -0.035701 0.998514
7.100000000 -6.924356 5.365491 257.978381 -0.016589 -0.038086 -0.036773 0.998460
7.150000000 -7.047731 5.407616 259.744106 -0.017072 -0.037578 -0.038281 0.998414
7.200000000 -7.165225 5.462965 261.499662 -0.016048 -0.037180 -0.039185 0.998411
7.250000000 -7.305931 5.503497 263.235509 -0.014571 -0.036575 -0.039266 0.998453
7.300000000 -7.365479 5.541026 264.929203 -0.013346 -0.036403 -0.037898 0.998529
7.350000000 -7.475829 5.603540 266.696363 -0.012970 -0.036181 -0.036290 0.998602
7.400000000 -7.597466 5.624346 268.492411 -0.013625 -0.035864 -0.034996 0.998651
7.450000000 -7.775517 5.674831 270.273247 -0.013933 -0.035260 -0.033712 0.998712
7.500000000 -7.964270 5.708582 272.068730 -0.014148 -0.034954 -0.033843 0.998716
7.550000000 -8.096044 5.797266 273.854016 -0.013747 -0.035351 -0.033362 0.998723
7.600000000 -8.239125 5.858013 275.662074 -0.013436 -0.035699 -0.032866 0.998732
7.650000000 -8.344211 5.897335 277.369755 -0.013622 -0.036452 -0.034094 0.998661
7.700000000 -8.481175 5.936923 279.098174 -0.014666 -0.036869 -0.035458 0.998583
7.750000000 -8.634590 5.974067 280.781258 -0.016049 -0.037185 -0.039209 0.998410
7.800000000 -8.754350 6.025208 282.416106 -0.015417 -0.037572 -0.041081 0.998330
7.850000000 -8.914839 6.082564 284.042137 -0.012751 -0.037856 -0.041249 0.998350
7.900000000 -9.018007 6.114516 285.655912 -0.011257 -0.038901 -0.039745 0.998389
7.950000000 -9.163622 6.140369 287.275973 -0.009352 -0.039633 -0.039136 0.998404
8.000000000 -9.318099 6.170089 288.867788 -0.009982 -0.039895 -0.037880 0.998436
8.050000000 -9.442326 6.221334 290.443842 -0.014868 -0.040295 -0.037431 0.998376
8.100000000 -9.594806 6.286718 292.001486 -0.018709 -0.040607 -0.037000 0.998315
8.150000000 -9.719664 6.337295 293.517256 -0.018489 -0.041008 -0.032956 0.998444
8.200000000 -9.822209 6.392635 294.997696 -0.016911 -0.041842 -0.031921 0.998471
8.250000000 -9.928797 6.441298 296.427949 -0.013375 -0.042675 -0.031242 0.998511
8.300000000 -10.044652 6.474449 297.849015 -0.012816 -0.043042 -0.030015 0.998540
8.350000000 -10.163330 6.497294 299.245141 -0.014686 -0.043432 -0.032087 0.998433
8.400000000 -10.268961 6.527898 300.602597 -0.014019 -0.043946 -0.031702 0.998432
8.450000000 -10.385448 6.564798 301.944895 -0.013012 -0.044427 -0.030898 0.998450
8.500000000 -10.500429 6.582636 303.210685 -0.010657 -0.045054 -0.031209 0.998440
8.550000000 -10.629680 6.600888 304.598087 -0.007537 -0.045655 -0.030217 0.998472
8.600000000 -10.775607 6.637078 305.920032 -0.006969 -0.045959 -0.030128 0.998465
8.650000000 -10.909552 6.657349 307.232749 -0.008943 -0.046338 -0.030149 0.998431
8.700000000 -11.036778 6.676025 308.527975 -0.010279 -0.046843 -0.030037 0.998398
8.750000000 -11.165903 6.710061 309.832341 -0.010100 -0.047320 -0.030426 0.998365
8.800000000 -11.308505 6.751224 311.131034 -0.009728 -0.047711 -0.030990 0.998333
8.850000000 -11.488298 6.768375 312.457535 -0.009229 -0.047759 -0.031924 0.998306
8.900000000 -11.647908 6.550352 311.407508 -0.010839 -0.045634 -0.032488 0.998371
8.950000000 -11.703925 6.832782 315.012291 -0.008279 -0.049140 -0.032763 0.998220
9.000000000 -11.179636 6.785640 314.246160 -0.008571 -0.050926 -0.033011 0.998120
9.050000000 -11.992970 6.869631 317.590957 -0.008302 -0.049816 -0.033587 0.998159
9.100000000 -12.123490 6.893784 318.911724 -0.008904 -0.050092 -0.033568 0.998141
9.150000000 -12.267262 6.912862 320.218486 -0.008776 -0.050154 -0.033693 0.998134
9.200000000 -12.399873 6.949906 321.500563 -0.007828 -0.050130 -0.033335 0.998156
9.250000000 -12.530739 6.981400 322.782607 -0.007587 -0.050125 -0.032779 0.998176
9.300000000 -12.665412 7.010832 324.064097 -0.007385 -0.049927 -0.032048 0.998211
9.350000000 -12.193420 6.839383 323.516620 -0.008538 -0.049205 -0.032921 0.998209
9.400000000 -12.908139 7.045199 326.779188 -0.007766 -0.049723 -0.031562 0.998234
9.450000000 -13.050982 7.077351 328.056119 -0.008435 -0.049080 -0.032206 0.998240
9.500000000 -13.184869 7.109457 329.354622 -0.009384 -0.048449 -0.032559 0.998251
9.550000000 -13.318153 7.121423 330.637781 -0.009862 -0.047770 -0.032500 0.998281
9.600000000 -13.452275 7.143471 331.934717 -0.009222 -0.046974 -0.032065 0.998339
9.650000000 -13.596200 7.175971 333.262680 -0.008602 -0.046330 -0.031383 0.998396
9.700000000 -13.729736 7.201237 334.556452 -0.008405 -0.045709 -0.030979 0.998439
9.750000000 -13.843742 7.222323 335.834065 -0.008730 -0.045119 -0.030830 0.998468
9.800000000 -13.965062 7.234579 337.113682 -0.009029 -0.044463 -0.031219 0.998482
9.850000000 -14.070338 7.261343 338.346349 -0.008941 -0.043892 -0.032411 0.998470
9.900000000 -14.204707 7.258655 339.602770 -0.009505 -0.042984 -0.033194 0.998479
9.950000000 -14.317088 7.300006 340.869794 -0.009181 -0.042357 -0.034164 0.998476
10.000000000 -14.435501 7.353996 342.166298 -0.008523 -0.041676 -0.035679 0.998458
10.050000000 -14.554320 7.384700 343.456934 -0.008497 -0.041039 -0.036833 0.998442
10.100000000 -14.653527 7.384777 344.728355 -0.008902 -0.040333 -0.036891 0.998465
10.150000000 -14.819666 7.396277 345.992803 -0.008873 -0.038976 -0.036969 0.998517
10.200000000 -14.868179 7.445151 347.284451 -0.006886 -0.038958 -0.036087 0.998565
10.250000000 -14.959567 7.468432 348.547780 -0.005371 -0.038521 -0.034767 0.998638
10.300000000 -15.058482 7.491645 349.824162 -0.005467 -0.037840 -0.034298 0.998680
10.350000000 -15.163034 7.521375 351.099955 -0.007998 -0.036969 -0.033847 0.998711
10.400000000 -15.398026 7.558129 352.339586 -0.010576 -0.035096 -0.033894 0.998753
10.450000000 -15.366408 7.534584 353.609577 -0.012306 -0.036035 -0.033340 0.998718
10.500000000 -15.442878 7.586493 354.877042 -0.011309 -0.035943 -0.033226 0.998737
10.550000000 -15.491790 7.614256 356.128033 -0.010389 -0.036219 -0.032830 0.998750
10.600000000 -15.614306 7.629274 357.349638 -0.010051 -0.035758 -0.032655 0.998776
10.650000000 -15.725763 7.649604 358.552769 -0.009420 -0.035364 -0.032171 0.998812
10.700000000 -15.823097 7.683469 359.781929 -0.008980 -0.035219 -0.031919 0.998829
10.750000000 -15.871293 7.710904 361.018235 -0.009241 -0.035378 -0.031852 0.998824
10.800000000 -15.944044 7.741017 362.246748 -0.009618 -0.035314 -0.031502 0.998833
10.850000000 -16.050793 7.781199 363.475130 -0.009933 -0.034920 -0.031916 0.998831
10.900000000 -16.135204 7.796012 364.681577 -0.010423 -0.034725 -0.031512 0.998846
10.950000000 -16.218855 7.824433 365.888168 -0.011068 -0.034434 -0.031005 0.998865
11.000000000 -16.399435 7.889799 367.068886 -0.011281 -0.033098 -0.030975 0.998908
11.050000000 -16.384776 7.887431 368.307412 -0.011357 -0.033667 -0.029572 0.998931
11.100000000 -16.284157 7.800231 367.119198 -0.012531 -0.030578 -0.028107 0.999059
11.150000000 -16.536893 7.939931 370.770185 -0.011820 -0.032909 -0.026749 0.999030
11.200000000 -16.637504 7.981434 371.969870 -0.011944 -0.032273 -0.025644 0.999079
11.250000000 -16.711849 8.008176 373.180584 -0.011383 -0.031906 -0.025561 0.999099
11.300000000 -16.849527 8.040245 374.352736 -0.009838 -0.030654 -0.025831 0.999148
11.350000000 -16.866698 8.044913 375.502141 -0.008586 -0.030822 -0.026636 0.999133
11.400000000 -16.764052 8.079310 376.737011 -0.007961 -0.032149 -0.027539 0.999072
11.450000000 -17.014183 8.106248 377.902779 -0.008017 -0.029666 -0.028453 0.999123
11.500000000 -17.073632 8.119592 379.099678 -0.008006 -0.029090 -0.028731 0.999132
11.550000000 -17.129165 8.139164 380.311433 -0.008664 -0.028528 -0.028536 0.999148
11.600000000 -17.201438 8.162809 381.509153 -0.009956 -0.027662 -0.028091 0.999173
11.650000000 -17.277167 8.198869 382.672263 -0.010052 -0.026960 -0.027612 0.999205
11.700000000 -17.334652 8.220586 383.813232 -0.008891 -0.026494 -0.027330 0.999236
11.750000000 -17.401599 8.253482 384.982522 -0.007567 -0.025999 -0.028034 0.999240
11.800000000 -17.472306 8.284240 386.137904 -0.006635 -0.025307 -0.029556 0.999221
11.850000000 -17.551983 8.296371 387.314543 -0.006328 -0.024581 -0.030905 0.999200
11.900000000 -17.633996 8.304873 388.472505 -0.006277 -0.024152 -0.031998 0.999176
11.950000000 -17.744386 8.364432 389.598990 -0.005548 -0.023746 -0.032631 0.999170
12.000000000 -17.730530 8.345839 390.762553 -0.006204 -0.025216 -0.032703 0.999128
12.050000000 -17.796605 8.366121 391.926485 -0.006928 -0.025876 -0.032418 0.999115
12.100000000 -17.869927 8.384978 393.089772 -0.008039 -0.026965 -0.032024 0.999091
12.150000000 -17.924095 8.402298 394.294309 -0.008598 -0.028677 -0.032096 0.999036
12.200000000 -18.001234 8.415164 395.447812 -0.007961 -0.030621 -0.031619 0.998999
12.250000000 -18.105337 8.443586 396.578490 -0.006193 -0.032271 -0.031422 0.998966
12.300000000 -18.144057 8.457462 397.723359 -0.004640 -0.034625 -0.030603 0.998921
12.350000000 -18.243689 8.464891 398.896504 -0.004160 -0.036152 -0.030330 0.998877
12.400000000 -18.344838 8.483492 400.068752 -0.004048 -0.037783 -0.031091 0.998794
12.450000000 -18.422730 8.522355 401.206400 -0.004064 -0.039573 -0.031967 0.998697
12.500000000 -18.550522 8.534522 402.409927 -0.005413 -0.040753 -0.032448 0.998628
12.550000000 -18.665245 8.543716 403.586443 -0.007860 -0.042038 -0.033305 0.998530
12.600000000 -18.777218 8.586408 404.786434 -0.008882 -0.043566 -0.033599 0.998446
12.650000000 -18.899802 8.609029 405.955630 -0.007401 -0.045177 -0.034318 0.998362
12.700000000 -19.001361 8.652960 407.103826 -0.004976 -0.046905 -0.035053 0.998272
12.750000000 -19.130125 8.653626 408.293726 -0.004924 -0.048202 -0.036035 0.998175
12.800000000 -19.260675 8.678685 409.504301 -0.005786 -0.049430 -0.037027 0.998074
12.850000000 -19.378743 8.679758 410.757808 -0.006925 -0.050775 -0.037240 0.997992
12.900000000 -19.529975 8.724125 411.910071 -0.007544 -0.051413 -0.036484 0.997982
12.950000000 -19.694683 8.767426 413.129046 -0.008761 -0.052321 -0.035247 0.997970
13.000000000 -19.886790 8.820317 414.372712 -0.009417 -0.052948 -0.035033 0.997938
13.050000000 -19.782207 8.778307 415.552795 -0.010751 -0.057281 -0.034522 0.997703
13.100000000 -20.117198 8.883548 416.850197 -0.009509 -0.056199 -0.034837 0.997766
13.150000000 -20.256646 8.915731 418.112712 -0.008754 -0.057541 -0.034761 0.997699
13.200000000 -20.415417 8.950425 419.367622 -0.007889 -0.058569 -0.033642 0.997685
13.250000000 -20.557239 8.980557 420.576412 -0.007455 -0.059839 -0.032838 0.997640
13.300000000 -20.698585 9.004652 421.828371 -0.006878 -0.061297 -0.031244 0.997607
13.350000000 -20.825708 9.014953 423.063049 -0.006558 -0.062856 -0.029454 0.997566
13.400000000 -21.007762 9.050341 424.284764 -0.006775 -0.063923 -0.028006 0.997539
13.450000000 -21.161525 9.091977 425.507305 -0.008454 -0.065503 -0.028041 0.997422
13.500000000 -21.307110 9.102212 426.737686 -0.008392 -0.067306 -0.028297 0.997296
13.550000000 -21.477964 9.126982 427.968929 -0.005681 -0.068749 -0.029917 0.997169
13.600000000 -21.667841 9.157025 429.193091 -0.002291 -0.069774 -0.033096 0.997011
13.650000000 -21.904519 9.162693 430.325566 -0.001299 -0.070297 -0.037879 0.996806
13.700000000 -22.200059 9.216156 431.519857 -0.001342 -0.069760 -0.041404 0.996703
13.750000000 -22.209694 9.237895 433.040909 -0.003902 -0.072415 -0.042940 0.996442
13.800000000 -22.431409 9.267544 434.242841 -0.007184 -0.072159 -0.042936 0.996443
13.850000000 -22.756825 9.283914 435.451292 -0.011131 -0.070873 -0.040815 0.996588
13.900000000 -22.097398 9.180583 434.522286 -0.015232 -0.075162 -0.035054 0.996439
13.950000000 -22.974635 9.403190 438.200489 -0.014047 -0.074025 -0.032817 0.996617
14.000000000 -23.441946 9.545611 439.315217 -0.009799 -0.072501 -0.030579 0.996851
14.050000000 -23.351444 9.481902 440.781857 -0.007227 -0.075888 -0.030440 0.996625
14.100000000 -23.611562 9.511116 442.132458 -0.005986 -0.076202 -0.031807 0.996567
14.150000000 -23.830556 9.554439 443.503534 -0.006100 -0.076796 -0.032727 0.996491
14.200000000 -24.057086 9.594608 444.899503 -0.007205 -0.077389 -0.033124 0.996425
14.250000000 -24.252242 9.626999 446.290846 -0.008342 -0.078331 -0.033347 0.996335
14.300000000 -24.497944 9.674313 447.666854 -0.008502 -0.079366 -0.034629 0.996208
14.350000000 -24.753684 9.714560 449.038792 -0.007112 -0.080184 -0.036713 0.996078
14.400000000 -25.013445 9.755022 450.440051 -0.006679 -0.080922 -0.039381 0.995920
14.450000000 -25.261214 9.782006 451.867231 -0.007889 -0.081935 -0.040569 0.995780
14.500000000 -25.544599 9.814878 453.281069 -0.009519 -0.082447 -0.040373 0.995732
14.550000000 -25.809357 9.845447 454.716622 -0.009870 -0.083390 -0.038249 0.995734
14.600000000 -26.054295 9.904840 456.165466 -0.008874 -0.084543 -0.035704 0.995740
14.650000000 -26.261876 9.956809 457.614308 -0.008739 -0.086227 -0.034494 0.995640
14.700000000 -26.503073 9.995010 459.069294 -0.010035 -0.087175 -0.033773 0.995570
14.750000000 -26.772104 10.048860 460.471974 -0.010624 -0.087417 -0.033873 0.995539
14.800000000 -27.034556 10.107517 461.928926 -0.009765 -0.087934 -0.033886 0.995502
14.850000000 -27.277692 10.148387 463.380067 -0.007296 -0.088211 -0.034347 0.995483
14.900000000 -27.446598 10.149158 464.840846 -0.005401 -0.089555 -0.035493 0.995335
14.950000000 -27.874973 10.217681 466.308205 -0.005459 -0.088096 -0.038766 0.995342
15.000000000 -28.178697 10.261125 467.782864 -0.006670 -0.087848 -0.041438 0.995249
15.050000000 -28.467446 10.304821 469.276314 -0.007643 -0.087628 -0.043125 0.995190
15.100000000 -28.737838 10.347930 470.806751 -0.007974 -0.087765 -0.043315 0.995167
15.150000000 -29.014419 10.404678 472.316550 -0.007785 -0.088156 -0.041805 0.995199
15.200000000 -29.265974 10.443713 473.842227 -0.009621 -0.088497 -0.040917 0.995189
15.250000000 -29.530233 10.492591 475.333591 -0.011961 -0.088390 -0.040988 0.995170
15.300000000 -29.791270 10.540795 476.824873 -0.012367 -0.088666 -0.041157 0.995134
15.350000000 -29.966720 10.887210 478.372043 -0.007415 -0.089480 -0.044280 0.994976
15.400000000 -30.416507 10.700781 479.807168 -0.008852 -0.088187 -0.041940 0.995181
15.450000000 -30.616925 10.667913 481.335832 -0.008788 -0.088693 -0.041109 0.995172
15.500000000 -30.441108 10.582806 483.017842 -0.009772 -0.092727 -0.040158 0.994833
15.550000000 -31.192851 10.742268 484.319879 -0.009527 -0.087272 -0.039611 0.995351
15.600000000 -31.465893 10.803385 485.816777 -0.009143 -0.086983 -0.039857 0.995370
15.650000000 -31.691312 10.857831 487.319079 -0.006806 -0.087083 -0.040497 0.995354
15.700000000 -32.011150 10.884317 488.879747 -0.005720 -0.086430 -0.041584 0.995373
15.750000000 -32.297147 10.925134 490.412628 -0.006819 -0.085929 -0.042611 0.995366
15.800000000 -32.546624 10.949758 491.992280 -0.008769 -0.085742 -0.041968 0.995394
15.850000000 -32.839932 11.012879 493.499149 -0.009604 -0.085234 -0.041922 0.995432
15.900000000 -33.107373 11.063584 495.046657 -0.009850 -0.085173 -0.040825 0.995481
15.950000000 -33.356235 11.101990 496.583606 -0.010066 -0.085478 -0.041050 0.995443
16.000000000 -33.684849 11.171972 498.113927 -0.009057 -0.085550 -0.041692 0.995420
16.050000000 -33.973444 11.199221 499.644093 -0.006694 -0.085917 -0.041778 0.995403
16.100000000 -34.236052 11.257078 501.190363 -0.006903 -0.086407 -0.041871 0.995356
16.150000000 -34.528355 11.294413 502.755609 -0.009122 -0.086689 -0.041427 0.995332
16.200000000 -34.806991 11.362548 504.307980 -0.010113 -0.086886 -0.040741 0.995334
16.250000000 -35.110315 11.408889 505.873407 -0.009280 -0.086733 -0.039557 0.995403
16.300000000 -35.396327 11.461179 507.443469 -0.008255 -0.086861 -0.038901 0.995426
16.350000000 -35.696840 11.513031 509.017468 -0.006761 -0.086583 -0.037964 0.995498
16.400000000 -35.999253 11.555645 510.588517 -0.006051 -0.085668 -0.037829 0.995587
16.450000000 -36.298976 11.583569 512.180309 -0.006268 -0.084543 -0.037790 0.995683
16.500000000 -36.567481 11.622540 513.797851 -0.006580 -0.083572 -0.038323 0.995743
16.550000000 -36.828067 11.664523 515.388858 -0.006914 -0.082690 -0.039799 0.995756
16.600000000 -37.128438 11.715528 516.964822 -0.007210 -0.081539 -0.041449 0.995782
16.650000000 -37.407167 11.757340 518.569862 -0.008249 -0.080675 -0.044532 0.995711
16.700000000 -37.679548 11.791416 520.172798 -0.008927 -0.079709 -0.046518 0.995692
16.750000000 -37.959018 11.842579 521.760498 -0.009692 -0.078577 -0.046616 0.995770
16.800000000 -38.206355 11.901958 523.385465 -0.009721 -0.077585 -0.043877 0.995972
16.850000000 -38.467458 11.923675 524.997909 -0.010048 -0.077011 -0.039501 0.996197
16.900000000 -38.700663 11.980838 526.639515 -0.009432 -0.076551 -0.036087 0.996368
16.950000000 -38.937102 12.025600 528.257663 -0.008481 -0.076339 -0.033835 0.996472
17.000000000 -39.186108 12.070584 529.886045 -0.008302 -0.076353 -0.033939 0.996468
17.050000000 -39.416131 12.118502 531.535364 -0.008006 -0.076746 -0.033654 0.996450
17.100000000 -39.671734 12.160793 533.158573 -0.006408 -0.077101 -0.034821 0.996394
17.150000000 -39.943469 12.187980 534.760288 -0.004342 -0.077000 -0.033531 0.996458
17.200000000 -40.200757 12.226842 536.370871 -0.005155 -0.077190 -0.032913 0.996460
17.250000000 -40.321760 12.299743 538.119957 -0.007395 -0.078558 -0.032297 0.996359
17.300000000 -40.700948 12.304645 539.635129 -0.009116 -0.077544 -0.031834 0.996439
17.350000000 -40.962157 12.336084 541.268664 -0.008122 -0.077520 -0.031363 0.996464
17.400000000 -41.220207 12.393200 542.885628 -0.005817 -0.077571 -0.030716 0.996497
17.450000000 -41.474843 12.422476 544.525151 -0.004946 -0.077737 -0.031106 0.996476
17.500000000 -41.836537 12.534899 546.270541 -0.005279 -0.076501 -0.034030 0.996475
17.550000000 -41.963392 12.492718 547.924786 -0.007568 -0.077196 -0.033777 0.996415
17.600000000 -42.266574 12.540445 549.548873 -0.008424 -0.076383 -0.037487 0.996338
17.650000000 -42.511554 12.591360 551.199272 -0.008112 -0.076251 -0.040456 0.996235
17.700000000 -42.475182 12.760705 553.416388 -0.006539 -0.077533 -0.041291 0.996113
17.750000000 -42.939251 12.712467 554.484483 -0.006552 -0.076755 -0.040176 0.996219
17.800000000 -43.196815 12.729021 556.010885 -0.006003 -0.077382 -0.038017 0.996258
17.850000000 -43.438951 12.758291 557.615527 -0.005970 -0.078272 -0.037585 0.996205
17.900000000 -43.719041 12.774956 559.271244 -0.006161 -0.078992 -0.037749 0.996141
17.950000000 -44.022328 12.810508 560.929321 -0.007551 -0.079744 -0.038927 0.996026
18.000000000 -44.278541 12.859665 562.639708 -0.008477 -0.081221 -0.039550 0.995875
18.050000000 -44.567026 12.902937 564.350896 -0.007343 -0.083038 -0.039885 0.995721
18.100000000 -44.871806 12.962767 566.062391 -0.006974 -0.084722 -0.040633 0.995551
18.150000000 -45.181899 12.992008 567.760508 -0.008190 -0.086245 -0.041073 0.995393
18.200000000 -45.483547 13.040332 569.469753 -0.008572 -0.087761 -0.041060 0.995258
18.250000000 -45.792336 13.075388 571.192887 -0.008209 -0.089268 -0.040772 0.995139
18.300000000 -46.122747 13.138541 572.941184 -0.007418 -0.090493 -0.039579 0.995083
18.350000000 -46.436885 13.176631 574.671393 -0.006788 -0.091846 -0.039063 0.994984
18.400000000 -46.760638 13.221179 576.351939 -0.006571 -0.092934 -0.039377 0.994872
18.450000000 -47.099392 13.282561 578.079736 -0.006079 -0.093845 -0.040045 0.994763
18.500000000 -47.453109 13.334102 579.832616 -0.005887 -0.094548 -0.040301 0.994687
18.550000000 -47.752844 13.371398 581.486345 -0.006127 -0.095577 -0.039639 0.994614
18.600000000 -48.075511 13.424634 583.096519 -0.006649 -0.096876 -0.039900 0.994474
18.650000000 -48.434108 13.465135 584.789607 -0.005540 -0.097708 -0.041705 0.994325
18.700000000 -48.772016 13.514442 586.472907 -0.007572 -0.098248 -0.044158 0.994153
18.750000000 -49.229671 13.616747 588.239209 -0.011621 -0.097794 -0.045580 0.994094
18.800000000 -49.463016 13.641769 589.819628 -0.014179 -0.099327 -0.045482 0.993914
18.850000000 -49.797356 13.733619 591.517272 -0.014182 -0.100378 -0.043555 0.993894
18.900000000 -50.163768 13.795073 593.190764 -0.012821 -0.101252 -0.041663 0.993905
18.950000000 -50.505804 13.867539 594.837665 -0.011963 -0.102406 -0.040242 0.993856
19.000000000 -50.919076 13.930191 596.453792 -0.012704 -0.102766 -0.039243 0.993850
19.050000000 -51.221061 14.020062 598.114589 -0.012796 -0.104184 -0.037097 0.993784
19.100000000 -51.562916 14.071323 599.558956 -0.013450 -0.105048 -0.036135 0.993719
19.150000000 -51.877996 14.119151 601.066371 -0.014034 -0.105870 -0.034972 0.993666
19.200000000 -52.230771 14.203335 602.819328 -0.013551 -0.106824 -0.034321 0.993593
19.250000000 -52.583312 14.299904 604.544368 -0.012706 -0.107187 -0.034010 0.993576
19.300000000 -52.937602 14.351423 606.187368 -0.011575 -0.107306 -0.034056 0.993575
19.350000000 -53.256853 14.393592 607.719392 -0.010632 -0.107506 -0.033629 0.993579
19.400000000 -53.585122 14.409488 609.206552 -0.009370 -0.107318 -0.034254 0.993590
