1403636579.763556 4.774172 -1.658854 0.916075
1403636579.863555 4.774172 -1.658854 0.916075
1403636579.963556 4.774172 -1.658854 0.916075
1403636580.063555 4.774172 -1.658854 0.916075
1403636580.163555 4.774172 -1.658854 0.916075
1403636580.263556 4.774172 -1.658854 0.916075
1403636580.363555 4.774172 -1.658854 0.916075
1403636580.463556 4.774172 -1.658854 0.916075
1403636580.563555 4.774172 -1.658854 0.916075
1403636580.663555 4.777067 -1.681603 0.657815
1403636580.763556 4.783111 -1.678850 0.698208
1403636580.863555 4.775829 -1.674020 0.773722
1403636580.963556 4.765067 -1.673043 0.851163
1403636581.063555 4.756281 -1.678414 0.921338
1403636581.163555 4.750302 -1.681889 0.981885
1403636581.263556 4.747051 -1.682788 1.030310
1403636581.363555 4.749284 -1.683790 1.056602
1403636581.463556 4.753505 -1.681528 1.048557
1403636581.563555 4.758325 -1.676472 1.007826
1403636581.663555 4.763258 -1.671449 0.949392
1403636581.763556 4.769438 -1.666197 0.885094
1403636581.863555 4.777358 -1.663586 0.818413
1403636581.963556 4.785531 -1.663894 0.753844
1403636582.063555 4.789659 -1.660224 0.696099
1403636582.163555 4.791291 -1.663531 0.657324
1403636582.263556 4.790412 -1.666391 0.647751
1403636582.363555 4.786222 -1.669754 0.675470
1403636582.463556 4.780466 -1.673154 0.728535
1403636582.563555 4.774527 -1.675124 0.792364
1403636582.663555 4.769420 -1.676111 0.859249
1403636582.763556 4.764496 -1.675000 0.925406
1403636582.863555 4.760333 -1.671311 0.990631
1403636582.963556 4.758648 -1.669000 1.047893
1403636583.063555 4.760000 -1.668034 1.081320
1403636583.163555 4.761230 -1.665130 1.084710
1403636583.263556 4.763200 -1.662812 1.055036
1403636583.363555 4.766074 -1.659617 1.006166
1403636583.463556 4.770597 -1.655504 0.944103
1403636583.563555 4.775067 -1.651511 0.874644
1403636583.663555 4.779919 -1.647951 0.804341
1403636583.763556 4.785572 -1.647344 0.740192
1403636583.863555 4.792354 -1.646684 0.687615
1403636583.963556 4.797511 -1.647551 0.649694
1403636584.063555 4.798785 -1.651095 0.633226
1403636584.163555 4.797452 -1.653709 0.645129
1403636584.263556 4.791903 -1.654392 0.685425
1403636584.363555 4.784690 -1.653873 0.741952
1403636584.463556 4.775514 -1.651260 0.810466
1403636584.563555 4.765331 -1.649516 0.884044
1403636584.663555 4.756382 -1.648521 0.957833
1403636584.763556 4.752030 -1.648893 1.024269
1403636584.863555 4.750944 -1.651186 1.077011
1403636584.963556 4.750635 -1.654028 1.107094
1403636585.063555 4.750144 -1.654085 1.106391
1403636585.163555 4.749575 -1.650989 1.080586
1403636585.263556 4.750216 -1.645711 1.035617
1403636585.363555 4.753266 -1.639314 0.983413
1403636585.463556 4.756112 -1.634690 0.928994
1403636585.563555 4.762987 -1.634273 0.878425
1403636585.663555 4.775225 -1.637305 0.838536
1403636585.763556 4.786737 -1.640921 0.814573
1403636585.863555 4.797136 -1.645285 0.804907
1403636585.963556 4.805828 -1.649078 0.804647
1403636586.063555 4.810955 -1.651019 0.807128
1403636586.163555 4.814862 -1.655712 0.811476
1403636586.263556 4.819527 -1.662691 0.816097
1403636586.363555 4.827510 -1.668453 0.819559
1403636586.463556 4.838265 -1.672943 0.821726
1403636586.563555 4.848893 -1.673046 0.825324
1403636586.663555 4.855422 -1.667036 0.830112
1403636586.763556 4.858050 -1.658306 0.833604
1403636586.863555 4.857544 -1.648978 0.834833
1403636586.963556 4.854380 -1.644399 0.834153
1403636587.063555 4.849720 -1.640419 0.834181
1403636587.163555 4.845784 -1.634410 0.834445
1403636587.263556 4.843806 -1.622966 0.833715
1403636587.363555 4.843837 -1.604580 0.833207
1403636587.463556 4.846705 -1.580140 0.833111
1403636587.563555 4.853068 -1.549847 0.833009
1403636587.663555 4.861918 -1.515016 0.834635
1403636587.763556 4.870931 -1.477994 0.837512
1403636587.863555 4.881166 -1.441826 0.838808
1403636587.963556 4.891992 -1.408372 0.836403
1403636588.063555 4.902833 -1.379012 0.833234
1403636588.163555 4.910489 -1.356397 0.828791
1403636588.263556 4.915046 -1.340847 0.824171
1403636588.363555 4.916770 -1.333577 0.820908
1403636588.463556 4.917250 -1.334911 0.819158
1403636588.563555 4.915883 -1.344114 0.820984
1403636588.663555 4.912154 -1.362077 0.824614
1403636588.763556 4.907391 -1.387142 0.825673
1403636588.863555 4.900149 -1.417278 0.825402
1403636588.963556 4.890555 -1.453403 0.826526
1403636589.063555 4.880419 -1.494137 0.830148
1403636589.163555 4.869051 -1.536917 0.835140
1403636589.263556 4.856364 -1.582352 0.839649
1403636589.363555 4.842900 -1.629071 0.841126
1403636589.463556 4.829313 -1.675540 0.841315
1403636589.563555 4.815860 -1.722052 0.840224
1403636589.663555 4.803074 -1.767751 0.838817
1403636589.763556 4.790276 -1.812235 0.836060
1403636589.863555 4.779080 -1.852098 0.831475
1403636589.963556 4.769250 -1.885375 0.825998
1403636590.063555 4.761730 -1.911881 0.823337
1403636590.163555 4.757948 -1.928574 0.824109
1403636590.263556 4.759079 -1.933682 0.826084
1403636590.363555 4.765273 -1.927135 0.829238
1403636590.463556 4.775890 -1.908987 0.832979
1403636590.563555 4.789248 -1.881528 0.837713
1403636590.663555 4.804242 -1.847228 0.841650
1403636590.763556 4.819079 -1.808005 0.842764
1403636590.863555 4.832350 -1.765235 0.840915
1403636590.963556 4.845508 -1.719278 0.838592
1403636591.063555 4.856876 -1.673702 0.835940
1403636591.163555 4.867061 -1.630309 0.833855
1403636591.263556 4.875979 -1.590736 0.830849
1403636591.363555 4.882869 -1.558056 0.825280
1403636591.463556 4.886818 -1.534109 0.817456
1403636591.563555 4.887714 -1.514036 0.809383
1403636591.663555 4.885359 -1.498450 0.802249
1403636591.763556 4.881843 -1.489037 0.799004
1403636591.863555 4.877925 -1.481338 0.799478
1403636591.963556 4.873659 -1.473075 0.800394
1403636592.063555 4.866173 -1.459224 0.799503
1403636592.163555 4.854368 -1.440253 0.797541
1403636592.263556 4.838477 -1.420335 0.795271
1403636592.363555 4.816341 -1.403486 0.793654
1403636592.463556 4.787100 -1.393084 0.793709
1403636592.563555 4.752000 -1.390722 0.795360
1403636592.663555 4.714126 -1.397265 0.795623
1403636592.763556 4.676575 -1.414501 0.794417
1403636592.863555 4.642012 -1.445969 0.792497
1403636592.963556 4.615940 -1.491381 0.789643
1403636593.063555 4.601516 -1.549927 0.788606
1403636593.163555 4.600841 -1.616051 0.789495
1403636593.263556 4.612455 -1.683065 0.791638
1403636593.363555 4.635529 -1.741105 0.793096
1403636593.463556 4.670017 -1.783867 0.791708
1403636593.563555 4.713801 -1.810105 0.788401
1403636593.663555 4.761258 -1.819243 0.782673
1403636593.763556 4.810368 -1.811489 0.776422
1403636593.863555 4.859419 -1.788928 0.772166
1403636593.963556 4.905106 -1.753973 0.771338
1403636594.063555 4.942245 -1.709894 0.772708
1403636594.163555 4.967577 -1.658989 0.773194
1403636594.263556 4.977104 -1.600483 0.772014
1403636594.363555 4.970857 -1.537435 0.770741
1403636594.463556 4.950920 -1.472945 0.769806
1403636594.563555 4.919534 -1.416844 0.768518
1403636594.663555 4.881202 -1.379442 0.767982
1403636594.763556 4.837284 -1.367497 0.767275
1403636594.863555 4.788119 -1.381284 0.762915
1403636594.963556 4.740180 -1.422460 0.760064
1403636595.063555 4.699108 -1.485922 0.757454
1403636595.163555 4.669756 -1.558176 0.754064
1403636595.263556 4.654208 -1.627951 0.751855
1403636595.363555 4.656086 -1.685517 0.750128
1403636595.463556 4.673041 -1.722289 0.749083
1403636595.563555 4.701617 -1.734754 0.747202
1403636595.663555 4.740751 -1.722841 0.744164
1403636595.763556 4.784458 -1.692345 0.739120
1403636595.863555 4.830328 -1.649945 0.732871
1403636595.963556 4.876505 -1.607590 0.726770
1403636596.063555 4.924057 -1.576458 0.722719
1403636596.163555 4.964301 -1.567507 0.721524
1403636596.263556 4.996461 -1.584120 0.726357
1403636596.363555 5.021641 -1.622772 0.736713
1403636596.463556 5.045589 -1.671485 0.749876
1403636596.563555 5.065369 -1.718012 0.760944
1403636596.663555 5.077761 -1.754556 0.767916
1403636596.763556 5.080237 -1.774452 0.770069
1403636596.863555 5.067751 -1.773350 0.768831
1403636596.963556 5.038961 -1.754603 0.765912
1403636597.063555 4.995917 -1.723646 0.761514
1403636597.163555 4.943570 -1.686353 0.757700
1403636597.263556 4.885533 -1.647845 0.760100
1403636597.363555 4.824785 -1.612990 0.765251
1403636597.463556 4.765340 -1.585333 0.769026
1403636597.563555 4.715598 -1.571394 0.770263
1403636597.663555 4.682188 -1.575113 0.768677
1403636597.763556 4.668953 -1.594680 0.766592
1403636597.863555 4.688212 -1.623043 0.770403
1403636597.963556 4.701272 -1.649368 0.763535
1403636598.063555 4.737099 -1.673453 0.759991
1403636598.163555 4.777496 -1.692226 0.752945
1403636598.263556 4.813882 -1.701858 0.741227
1403636598.363555 4.837334 -1.701607 0.727266
1403636598.463556 4.843278 -1.692098 0.712002
1403636598.563555 4.830946 -1.675477 0.698097
1403636598.663555 4.805664 -1.655861 0.685268
1403636598.763556 4.775239 -1.636720 0.668991
1403636598.863555 4.746324 -1.618844 0.648098
1403636598.963556 4.721601 -1.602759 0.624612
1403636599.063555 4.702078 -1.590706 0.603119
1403636599.163555 4.687530 -1.582653 0.588464
1403636599.263556 4.674919 -1.576586 0.579176
1403636599.363555 4.664749 -1.571888 0.570839
1403636599.463556 4.656709 -1.567827 0.561393
1403636599.563555 4.650959 -1.565141 0.552375
1403636599.663555 4.648640 -1.562993 0.543598
1403636599.763556 4.648831 -1.560909 0.540007
1403636599.863555 4.650128 -1.559588 0.539580
1403636599.963556 4.651161 -1.558515 0.538496
1403636600.063555 4.651690 -1.557135 0.536986
1403636600.163555 4.652415 -1.555958 0.536825
1403636600.263556 4.652248 -1.556360 0.536769
1403636600.363555 4.652489 -1.556539 0.536779
1403636600.463556 4.652532 -1.556656 0.536799
1403636600.563555 4.652549 -1.556430 0.536842
1403636600.663555 4.652576 -1.556474 0.536819
1403636600.763556 4.652571 -1.556498 0.536820
1403636600.863555 4.652634 -1.556484 0.536817
1403636600.963556 4.652636 -1.556475 0.536815
1403636601.063555 4.652673 -1.556450 0.536814
1403636601.163555 4.652713 -1.556416 0.536803
1403636601.263556 4.652718 -1.556411 0.536794
1403636601.363555 4.652742 -1.556373 0.536784
1403636601.463556 4.652738 -1.556354 0.536750
1403636601.563555 4.652780 -1.556320 0.536722
1403636601.663555 4.652803 -1.556291 0.536687
1403636601.763556 4.652799 -1.556288 0.536676
1403636601.863555 4.652785 -1.556262 0.536658
1403636601.963556 4.652825 -1.556257 0.536658
1403636602.063555 4.652880 -1.556220 0.536650
1403636602.163555 4.652876 -1.556229 0.536654
1403636602.263556 4.652916 -1.556240 0.536664
1403636602.363555 4.652907 -1.556224 0.536649
1403636602.463556 4.652902 -1.556203 0.536617
1403636602.563555 4.652940 -1.556224 0.536641
1403636602.663555 4.652937 -1.556198 0.536631
1403636602.763556 4.652955 -1.556193 0.536620
1403636602.863555 4.652986 -1.556202 0.536621
1403636602.963556 4.652992 -1.556181 0.536604
1403636603.063555 4.652991 -1.556174 0.536596
1403636603.163555 4.653039 -1.556193 0.536607
1403636603.263556 4.653040 -1.556160 0.536593
1403636603.363555 4.653054 -1.556157 0.536573
1403636603.463556 4.653052 -1.556153 0.536584
1403636603.563555 4.653061 -1.556125 0.536584
1403636603.663555 4.653078 -1.556122 0.536575
1403636603.763556 4.653115 -1.556136 0.536573
1403636603.863555 4.653087 -1.556097 0.536555
1403636603.963556 4.653109 -1.556080 0.536558
1403636604.063555 4.653127 -1.556076 0.536530
1403636604.163555 4.653142 -1.556073 0.536528
1403636604.263556 4.653147 -1.556073 0.536528
1403636604.363555 4.653151 -1.556060 0.536538
1403636604.463556 4.653164 -1.556042 0.536522
1403636604.563555 4.653151 -1.556053 0.536518
1403636604.663555 4.653154 -1.556045 0.536516
1403636604.763556 4.653164 -1.556040 0.536523
1403636604.863555 4.653178 -1.556039 0.536524
1403636604.963556 4.653186 -1.556014 0.536523
1403636605.063555 4.653196 -1.556024 0.536520
1403636605.163555 4.653193 -1.556013 0.536505
1403636605.263556 4.653204 -1.556017 0.536502
1403636605.363555 4.653207 -1.556010 0.536498
1403636605.463556 4.653216 -1.555995 0.536503
1403636605.563555 4.653238 -1.556008 0.536506
1403636605.663555 4.653234 -1.555972 0.536490
1403636605.763556 4.653313 -1.555994 0.536536
1403636605.863555 4.653323 -1.555980 0.536532
1403636605.963556 4.653334 -1.555970 0.536468
1403636606.063555 4.653280 -1.556014 0.536527
1403636606.163555 4.653290 -1.556018 0.536523
1403636606.263556 4.653287 -1.556008 0.536521
1403636606.363555 4.653296 -1.556008 0.536516
1403636606.463556 4.653303 -1.555989 0.536509
1403636606.563555 4.653306 -1.555988 0.536497
1403636606.663555 4.653291 -1.555981 0.536481
1403636606.763556 4.653333 -1.555991 0.536514
1403636606.863555 4.653333 -1.555964 0.536504
1403636606.963556 4.653347 -1.555981 0.536516
1403636607.063555 4.653356 -1.555964 0.536505
1403636607.163555 4.653367 -1.555957 0.536507
1403636607.263556 4.653374 -1.555960 0.536511
1403636607.363555 4.653379 -1.555949 0.536519
1403636607.463556 4.653388 -1.555933 0.536494
1403636607.563555 4.653392 -1.555936 0.536497
1403636607.663555 4.653406 -1.555948 0.536511
1403636607.763556 4.653404 -1.555933 0.536510
1403636607.863555 4.653407 -1.555927 0.536497
1403636607.963556 4.653418 -1.555939 0.536500
1403636608.063555 4.653420 -1.555928 0.536497
1403636608.163555 4.653422 -1.555918 0.536483
1403636608.263556 4.653421 -1.555907 0.536477
1403636608.363555 4.653420 -1.555907 0.536481
1403636608.463556 4.653427 -1.555900 0.536473
1403636608.563555 4.653436 -1.555906 0.536459
1403636608.663555 4.653437 -1.555910 0.536466
1403636608.763556 4.653435 -1.555898 0.536467
1403636608.863555 4.653438 -1.555892 0.536472
1403636608.963556 4.653445 -1.555886 0.536458
1403636609.063555 4.653438 -1.555877 0.536462
1403636609.163555 4.653448 -1.555878 0.536440
1403636609.263556 4.653443 -1.555869 0.536432
1403636609.363555 4.653458 -1.555875 0.536448
1403636609.463556 4.653460 -1.555875 0.536452
1403636609.563555 4.653460 -1.555863 0.536435
1403636609.663555 4.653481 -1.555877 0.536425
1403636609.763556 4.653468 -1.555851 0.536422
1403636609.863555 4.653464 -1.555841 0.536440
1403636609.963556 4.653477 -1.555845 0.536423
1403636610.063555 4.652304 -1.556791 0.536640
1403636610.163555 4.652290 -1.556787 0.536648
1403636610.263556 4.652286 -1.556778 0.536664
1403636610.363555 4.652295 -1.556799 0.536652
1403636610.463556 4.652265 -1.556794 0.536659
1403636610.563555 4.652274 -1.556795 0.536660
1403636610.663555 4.652279 -1.556795 0.536661
1403636610.763556 4.652259 -1.556799 0.536703
1403636610.863555 4.652277 -1.556789 0.536675
1403636610.963556 4.652279 -1.556785 0.536695
1403636611.063555 4.652271 -1.556782 0.536708
1403636611.163555 4.652198 -1.556760 0.536680
1403636611.263556 4.652179 -1.556765 0.536679
1403636611.363555 4.652166 -1.557041 0.536664
1403636611.463556 4.652247 -1.556515 0.536320
1403636611.563555 4.652272 -1.556273 0.536342
1403636611.663555 4.652270 -1.556352 0.536378
1403636611.763556 4.652223 -1.556333 0.536387
1403636611.863555 4.652281 -1.556104 0.536401
1403636611.963556 4.652260 -1.556392 0.536391
1403636612.063555 4.652240 -1.556183 0.536373
1403636612.163555 4.652058 -1.556492 0.536456
1403636612.263556 4.652251 -1.555763 0.536400
1403636612.363555 4.652311 -1.555867 0.536430
1403636612.463556 4.652299 -1.555911 0.536353
1403636612.563555 4.652277 -1.555994 0.536375
1403636612.663555 4.652288 -1.556029 0.536389
1403636612.763556 4.652295 -1.556035 0.536380
1403636612.863555 4.652274 -1.556125 0.536395
1403636612.963556 4.652297 -1.556159 0.536368
1403636613.063555 4.652294 -1.556214 0.536326
1403636613.163555 4.652272 -1.556255 0.536348
1403636613.263556 4.652317 -1.556233 0.536325
1403636613.363555 4.652278 -1.556235 0.536341
1403636613.463556 4.652292 -1.556220 0.536317
1403636613.563555 4.652295 -1.556213 0.536331
1403636613.663555 4.652291 -1.556196 0.536317
1403636613.763556 4.652315 -1.556176 0.536303
1403636613.863555 4.652306 -1.556175 0.536310
1403636613.963556 4.652298 -1.556156 0.536305
1403636614.063555 4.652323 -1.556165 0.536315
1403636614.163555 4.652326 -1.556172 0.536325
1403636614.263556 4.652312 -1.556147 0.536322
1403636614.363555 4.652312 -1.556138 0.536351
1403636614.463556 4.652334 -1.556148 0.536329
1403636614.563555 4.652313 -1.556142 0.536322
1403636614.663555 4.652325 -1.556154 0.536329
1403636614.763556 4.652329 -1.556166 0.536330
1403636614.863555 4.652315 -1.556162 0.536329
1403636614.963556 4.652308 -1.556156 0.536317
1403636615.063555 4.652316 -1.556181 0.536350
1403636615.163555 4.652316 -1.556177 0.536327
1403636615.263556 4.652304 -1.556179 0.536338
1403636615.363555 4.652318 -1.556187 0.536341
1403636615.463556 4.652311 -1.556171 0.536337
1403636615.563555 4.652308 -1.556179 0.536338
1403636615.663555 4.652316 -1.556186 0.536341
1403636615.763556 4.652307 -1.556171 0.536331
1403636615.863555 4.652308 -1.556183 0.536335
1403636615.963556 4.652314 -1.556183 0.536337
1403636616.063555 4.652311 -1.556174 0.536328
1403636616.163555 4.652302 -1.556172 0.536337
1403636616.263556 4.652311 -1.556180 0.536333
1403636616.363555 4.652308 -1.556172 0.536334
1403636616.463556 4.652306 -1.556169 0.536330
1403636616.563555 4.652314 -1.556179 0.536339
1403636616.663555 4.652301 -1.556169 0.536327
1403636616.763556 4.652305 -1.556167 0.536329
1403636616.863555 4.652316 -1.556178 0.536336
1403636616.963556 4.652310 -1.556172 0.536330
1403636617.063555 4.652310 -1.556171 0.536332
1403636617.163555 4.652324 -1.556178 0.536332
1403636617.263556 4.652314 -1.556168 0.536329
1403636617.363555 4.652317 -1.556172 0.536330
1403636617.463556 4.652321 -1.556175 0.536328
1403636617.563555 4.652311 -1.556177 0.536336
1403636617.663555 4.652311 -1.556176 0.536328
1403636617.763556 4.652317 -1.556180 0.536331
1403636617.863555 4.652306 -1.556164 0.536313
1403636617.963556 4.652295 -1.556157 0.536321
1403636618.063555 4.652291 -1.556163 0.536327
1403636618.163555 4.652288 -1.556159 0.536318
1403636618.263556 4.652291 -1.556156 0.536317
1403636618.363555 4.652294 -1.556158 0.536323
1403636618.463556 4.652289 -1.556151 0.536320
1403636618.563555 4.652330 -1.556234 0.536306
1403636618.663555 4.652340 -1.556225 0.536305
1403636618.763556 4.652357 -1.556199 0.536307
1403636618.863555 4.652346 -1.556221 0.536304
1403636618.963556 4.652320 -1.556271 0.536320
1403636619.063555 4.652333 -1.556264 0.536316
1403636619.163555 4.652338 -1.556209 0.536306
1403636619.263556 4.652327 -1.556190 0.536315
1403636619.363555 4.652304 -1.556267 0.536326
1403636619.463556 4.652300 -1.556261 0.536315
1403636619.563555 4.652361 -1.556223 0.536323
1403636619.663555 4.652367 -1.556209 0.536331
1403636619.763556 4.652375 -1.556193 0.536325
1403636619.863555 4.652375 -1.556197 0.536338
1403636619.963556 4.652371 -1.556198 0.536325
1403636620.063555 4.652377 -1.556176 0.536322
1403636620.163555 4.652375 -1.556183 0.536333
1403636620.263556 4.652370 -1.556179 0.536332
1403636620.363555 4.652362 -1.556167 0.536320
1403636620.463556 4.652377 -1.556167 0.536321
1403636620.563555 4.652375 -1.556166 0.536329
1403636620.663555 4.652367 -1.556163 0.536325
1403636620.763556 4.652377 -1.556174 0.536327
1403636620.863555 4.652364 -1.556174 0.536323
1403636620.963556 4.652363 -1.556168 0.536321
1403636621.063555 4.652358 -1.556041 0.536363
1403636621.163555 4.652352 -1.556080 0.536358
1403636621.263556 4.652340 -1.556081 0.536354
1403636621.363555 4.652339 -1.556092 0.536356
1403636621.463556 4.652347 -1.556106 0.536350
1403636621.563555 4.652363 -1.556110 0.536354
1403636621.663555 4.652352 -1.556108 0.536351
1403636621.763556 4.652357 -1.556123 0.536342
1403636621.863555 4.652348 -1.556123 0.536349
1403636621.963556 4.652340 -1.556138 0.536349
1403636622.063555 4.652331 -1.556134 0.536367
1403636622.163555 4.652333 -1.556121 0.536364
1403636622.263556 4.652342 -1.556128 0.536360
1403636622.363555 4.652337 -1.556110 0.536357
1403636622.463556 4.652347 -1.556117 0.536352
1403636622.563555 4.652345 -1.556118 0.536353
1403636622.663555 4.652341 -1.556109 0.536358
1403636622.763556 4.652335 -1.556088 0.536374
1403636622.863555 4.652343 -1.556051 0.536393
1403636622.963556 4.652347 -1.556018 0.536450
1403636623.063555 4.652357 -1.555962 0.536483
1403636623.163555 4.652357 -1.555928 0.536516
1403636623.263556 4.652355 -1.555935 0.536501
1403636623.363555 4.652356 -1.555900 0.536516
1403636623.463556 4.652343 -1.555868 0.536534
1403636623.563555 4.652330 -1.555849 0.536530
1403636623.663555 4.652301 -1.555828 0.536542
1403636623.763556 4.652314 -1.555750 0.536582
1403636623.863555 4.652370 -1.555688 0.536588
1403636623.963556 4.652370 -1.555698 0.536596
1403636624.063555 4.652418 -1.555651 0.536632
1403636624.163555 4.652535 -1.555701 0.536723
1403636624.263556 4.652672 -1.555573 0.536798
1403636624.363555 4.654064 -1.554440 0.536680
1403636624.463556 4.658491 -1.551279 0.536504
1403636624.563555 4.664906 -1.546478 0.536653
1403636624.663555 4.672703 -1.539275 0.537231
1403636624.763556 4.683340 -1.529951 0.536335
1403636624.863555 4.698833 -1.518995 0.538394
1403636624.963556 4.717341 -1.508178 0.547933
1403636625.063555 4.735200 -1.500193 0.566063
1403636625.163555 4.748131 -1.496128 0.591063
1403636625.263556 4.754709 -1.494499 0.620182
1403636625.363555 4.757223 -1.493457 0.638853
1403636625.463556 4.757492 -1.493157 0.637488
1403636625.563555 4.754296 -1.493303 0.628796
1403636625.663555 4.747030 -1.493729 0.629561
1403636625.763556 4.734412 -1.495028 0.647990
1403636625.863555 4.718211 -1.496843 0.682821
1403636625.963556 4.701359 -1.499283 0.729648
1403636626.063555 4.685710 -1.502511 0.778041
1403636626.163555 4.672039 -1.505008 0.823155
1403636626.263556 4.659718 -1.505599 0.859548
1403636626.363555 4.649707 -1.502688 0.882283
1403636626.463556 4.641809 -1.496194 0.891209
1403636626.563555 4.636902 -1.487446 0.895589
1403636626.663555 4.635312 -1.477639 0.896213
1403636626.763556 4.638427 -1.468302 0.892007
1403636626.863555 4.645392 -1.460288 0.883942
1403636626.963556 4.655071 -1.452543 0.872642
1403636627.063555 4.666102 -1.444921 0.860003
1403636627.163555 4.676173 -1.437933 0.855037
1403636627.263556 4.684310 -1.431127 0.862095
1403636627.363555 4.691992 -1.424511 0.878122
1403636627.463556 4.700786 -1.417937 0.902529
1403636627.563555 4.709986 -1.410304 0.924770
1403636627.663555 4.721427 -1.401670 0.931179
1403636627.763556 4.733423 -1.391588 0.923413
1403636627.863555 4.742766 -1.379810 0.910460
1403636627.963556 4.748076 -1.367231 0.901543
1403636628.063555 4.745724 -1.353836 0.903031
1403636628.163555 4.738719 -1.339959 0.917209
1403636628.263556 4.728660 -1.325901 0.937588
1403636628.363555 4.719881 -1.311396 0.961316
1403636628.463556 4.712902 -1.294785 0.983412
1403636628.563555 4.707687 -1.276195 0.999471
1403636628.663555 4.705010 -1.255379 1.008560
1403636628.763556 4.705010 -1.230714 1.011552
1403636628.863555 4.706726 -1.203492 1.008839
1403636628.963556 4.708632 -1.175407 1.009995
1403636629.063555 4.712857 -1.147413 1.020941
1403636629.163555 4.715282 -1.117513 1.037334
1403636629.263556 4.714030 -1.085066 1.049772
1403636629.363555 4.708729 -1.051716 1.056238
1403636629.463556 4.699969 -1.017076 1.056889
1403636629.563555 4.689897 -0.980096 1.048749
1403636629.663555 4.679565 -0.940275 1.032938
1403636629.763556 4.671178 -0.897301 1.011653
1403636629.863555 4.661063 -0.851059 0.985587
1403636629.963556 4.645694 -0.803092 0.961399
1403636630.063555 4.630253 -0.754143 0.946076
1403636630.163555 4.610389 -0.702511 0.940411
1403636630.263556 4.586916 -0.648644 0.942178
1403636630.363555 4.563920 -0.594395 0.948710
1403636630.463556 4.540158 -0.540818 0.959694
1403636630.563555 4.519999 -0.487588 0.976836
1403636630.663555 4.489007 -0.434245 0.994502
1403636630.763556 4.463633 -0.383090 1.006439
1403636630.863555 4.434499 -0.333327 1.013078
1403636630.963556 4.398690 -0.283343 1.013280
1403636631.063555 4.370910 -0.232996 1.009531
1403636631.163555 4.340868 -0.183910 1.003595
1403636631.263556 4.310782 -0.134809 0.997293
1403636631.363555 4.279350 -0.087720 0.988927
1403636631.463556 4.253585 -0.038435 0.974743
1403636631.563555 4.226894 0.008191 0.956025
1403636631.663555 4.200416 0.053507 0.938275
1403636631.763556 4.175507 0.095750 0.927077
1403636631.863555 4.149644 0.140901 0.922854
1403636631.963556 4.122947 0.183510 0.922079
1403636632.063555 4.096060 0.223559 0.923381
1403636632.163555 4.067956 0.259209 0.928882
1403636632.263556 4.035680 0.296595 0.927977
1403636632.363555 4.008710 0.326758 0.924549
1403636632.463556 3.978119 0.357548 0.911404
1403636632.563555 3.946782 0.384271 0.892955
1403636632.663555 3.914694 0.410981 0.871778
1403636632.763556 3.884998 0.438299 0.854391
1403636632.863555 3.851193 0.469676 0.843520
1403636632.963556 3.814056 0.504232 0.839710
1403636633.063555 3.772219 0.540027 0.840384
1403636633.163555 3.730418 0.575030 0.840246
1403636633.263556 3.686509 0.607579 0.832474
1403636633.363555 3.642084 0.639796 0.820100
1403636633.463556 3.597861 0.673134 0.804470
1403636633.563555 3.549592 0.706706 0.786107
1403636633.663555 3.500420 0.742968 0.769261
1403636633.763556 3.446660 0.780440 0.759906
1403636633.863555 3.391807 0.820002 0.756772
1403636633.963556 3.333465 0.860788 0.759583
1403636634.063555 3.275174 0.904884 0.756956
1403636634.163555 3.216172 0.952046 0.757754
1403636634.263556 3.157794 1.004584 0.764146
1403636634.363555 3.096391 1.059857 0.777964
1403636634.463556 3.035639 1.116039 0.785723
1403636634.563555 2.975507 1.171820 0.787059
1403636634.663555 2.914848 1.224748 0.783458
1403636634.763556 2.856880 1.275094 0.776983
1403636634.863555 2.800297 1.322988 0.774619
1403636634.963556 2.743777 1.368147 0.779056
1403636635.063555 2.687359 1.412200 0.787474
1403636635.163555 2.631356 1.453577 0.790416
1403636635.263556 2.573247 1.494239 0.789494
1403636635.363555 2.514822 1.532899 0.780963
1403636635.463556 2.454407 1.574123 0.776952
1403636635.563555 2.393059 1.616281 0.778790
1403636635.663555 2.331818 1.661293 0.786776
1403636635.763556 2.268022 1.708573 0.800989
1403636635.863555 2.203722 1.758546 0.827515
1403636635.963556 2.138945 1.813068 0.856359
1403636636.063555 2.076373 1.871372 0.884863
1403636636.163555 2.009326 1.931445 0.909419
1403636636.263556 1.944572 1.994294 0.940419
1403636636.363555 1.880596 2.056624 0.978324
1403636636.463556 1.819555 2.117293 1.011936
1403636636.563555 1.761568 2.173796 1.037784
1403636636.663555 1.710198 2.225888 1.057237
1403636636.763556 1.661247 2.271391 1.067687
1403636636.863555 1.615542 2.311041 1.068027
1403636636.963556 1.571199 2.341796 1.059900
1403636637.063555 1.528161 2.367406 1.050856
1403636637.163555 1.487212 2.390137 1.036415
1403636637.263556 1.444859 2.410858 1.020538
1403636637.363555 1.403037 2.429246 1.012758
1403636637.463556 1.356210 2.448385 1.011663
1403636637.563555 1.315775 2.464808 1.017188
1403636637.663555 1.274398 2.480614 1.028980
1403636637.763556 1.226555 2.498075 1.049340
1403636637.863555 1.180864 2.514655 1.077305
1403636637.963556 1.131692 2.531671 1.105621
1403636638.063555 1.085763 2.548070 1.119448
1403636638.163555 1.040596 2.563029 1.116423
1403636638.263556 0.996007 2.576463 1.107989
1403636638.363555 0.957011 2.589786 1.091660
1403636638.463556 0.918050 2.604827 1.069373
1403636638.563555 0.876787 2.622979 1.048222
1403636638.663555 0.833875 2.646549 1.037358
1403636638.763556 0.784834 2.676298 1.038191
1403636638.863555 0.731935 2.707286 1.047609
1403636638.963556 0.674631 2.739712 1.060408
1403636639.063555 0.614038 2.774516 1.074327
1403636639.163555 0.550951 2.813214 1.079133
1403636639.263556 0.491053 2.855158 1.069455
1403636639.363555 0.429659 2.904849 1.048412
1403636639.463556 0.372269 2.958933 1.025870
1403636639.563555 0.313523 3.014787 0.997982
1403636639.663555 0.254134 3.069400 0.968818
1403636639.763556 0.194214 3.120602 0.943880
1403636639.863555 0.137171 3.169852 0.926326
1403636639.963556 0.081702 3.215152 0.916987
1403636640.063555 0.027859 3.260977 0.915941
1403636640.163555 -0.024017 3.304652 0.921739
1403636640.263556 -0.073085 3.346331 0.933755
1403636640.363555 -0.120353 3.388120 0.945431
1403636640.463556 -0.163633 3.428143 0.950574
1403636640.563555 -0.206569 3.467690 0.949533
1403636640.663555 -0.245631 3.504412 0.942856
1403636640.763556 -0.283176 3.539799 0.930248
1403636640.863555 -0.319620 3.572716 0.921789
1403636640.963556 -0.358718 3.605071 0.919568
1403636641.063555 -0.391892 3.634889 0.921292
1403636641.163555 -0.425301 3.662836 0.916569
1403636641.263556 -0.457556 3.688591 0.906596
1403636641.363555 -0.488272 3.713594 0.891385
1403636641.463556 -0.519341 3.737482 0.870162
1403636641.563555 -0.546165 3.762978 0.853421
1403636641.663555 -0.571646 3.788744 0.842362
1403636641.763556 -0.596401 3.814448 0.841068
1403636641.863555 -0.621366 3.838334 0.846229
1403636641.963556 -0.643307 3.861162 0.856932
1403636642.063555 -0.661565 3.884016 0.873711
1403636642.163555 -0.680459 3.905791 0.888170
1403636642.263556 -0.697421 3.925225 0.897723
1403636642.363555 -0.710785 3.945003 0.900073
1403636642.463556 -0.720673 3.963533 0.895184
1403636642.563555 -0.724882 3.980691 0.885178
1403636642.663555 -0.727546 3.997418 0.871582
1403636642.763556 -0.733089 4.013647 0.853299
1403636642.863555 -0.736722 4.029364 0.846038
1403636642.963556 -0.744234 4.045781 0.846612
1403636643.063555 -0.754938 4.063577 0.851381
1403636643.163555 -0.768339 4.084042 0.855512
1403636643.263556 -0.781597 4.104527 0.853185
1403636643.363555 -0.794937 4.125990 0.846995
1403636643.463556 -0.808819 4.147893 0.846521
1403636643.563555 -0.824217 4.172311 0.850554
1403636643.663555 -0.841516 4.198236 0.861951
1403636643.763556 -0.862079 4.225110 0.881037
1403636643.863555 -0.886091 4.254650 0.899216
1403636643.963556 -0.915613 4.285133 0.912639
1403636644.063555 -0.946745 4.316326 0.919615
1403636644.163555 -0.988704 4.350396 0.922189
1403636644.263556 -1.035674 4.385419 0.920815
1403636644.363555 -1.086401 4.422972 0.913937
1403636644.463556 -1.134786 4.462480 0.899157
1403636644.563555 -1.182462 4.506424 0.877188
1403636644.663555 -1.224930 4.555986 0.847995
1403636644.763556 -1.262219 4.610895 0.813215
1403636644.863555 -1.294553 4.665816 0.771808
1403636644.963556 -1.325803 4.718841 0.731924
1403636645.063555 -1.351187 4.768602 0.698033
1403636645.163555 -1.375853 4.818437 0.672657
1403636645.263556 -1.411409 4.872653 0.654969
1403636645.363555 -1.456781 4.929693 0.644375
1403636645.463556 -1.511316 4.989495 0.634764
1403636645.563555 -1.570308 5.049119 0.622833
1403636645.663555 -1.637516 5.111409 0.604848
1403636645.763556 -1.706080 5.173666 0.593046
1403636645.863555 -1.781254 5.236988 0.588454
1403636645.963556 -1.857022 5.299667 0.595500
1403636646.063555 -1.935162 5.365906 0.610718
1403636646.163555 -2.012397 5.434780 0.629193
1403636646.263556 -2.090231 5.507307 0.644315
1403636646.363555 -2.162604 5.581957 0.653584
1403636646.463556 -2.228086 5.658115 0.657924
1403636646.563555 -2.288196 5.734688 0.663968
1403636646.663555 -2.343722 5.810349 0.673793
1403636646.763556 -2.394605 5.882741 0.693162
1403636646.863555 -2.441184 5.952631 0.721552
1403636646.963556 -2.483939 6.019819 0.752462
1403636647.063555 -2.523128 6.084168 0.777961
1403636647.163555 -2.559730 6.148317 0.794511
1403636647.263556 -2.596108 6.210653 0.808733
1403636647.363555 -2.630270 6.274133 0.817545
1403636647.463556 -2.663221 6.336154 0.821388
1403636647.563555 -2.693231 6.396923 0.821992
1403636647.663555 -2.719251 6.457285 0.826611
1403636647.763556 -2.740431 6.519571 0.834899
1403636647.863555 -2.753505 6.581050 0.842923
1403636647.963556 -2.759837 6.639885 0.844433
1403636648.063555 -2.761255 6.699784 0.836831
1403636648.163555 -2.755189 6.755598 0.822112
1403636648.263556 -2.745572 6.810619 0.802897
1403636648.363555 -2.733228 6.863802 0.780098
1403636648.463556 -2.717430 6.914624 0.754347
1403636648.563555 -2.698869 6.963702 0.729635
1403636648.663555 -2.677162 7.008254 0.710932
1403636648.763556 -2.655346 7.052126 0.698215
1403636648.863555 -2.633107 7.095261 0.691244
1403636648.963556 -2.614622 7.142539 0.695005
1403636649.063555 -2.598920 7.193988 0.709419
1403636649.163555 -2.585268 7.247186 0.733198
1403636649.263556 -2.571060 7.298209 0.762476
1403636649.363555 -2.556478 7.347599 0.796750
1403636649.463556 -2.542317 7.394156 0.836205
1403636649.563555 -2.526648 7.437649 0.883035
1403636649.663555 -2.508142 7.478290 0.933068
1403636649.763556 -2.486518 7.516428 0.977559
1403636649.863555 -2.463284 7.551652 1.015481
1403636649.963556 -2.440002 7.585265 1.046936
1403636650.063555 -2.414318 7.615180 1.067081
1403636650.163555 -2.384449 7.640541 1.077499
1403636650.263556 -2.351709 7.660523 1.077470
1403636650.363555 -2.314758 7.678198 1.073718
1403636650.463556 -2.274976 7.691662 1.065979
1403636650.563555 -2.235577 7.701052 1.052788
1403636650.663555 -2.197789 7.708458 1.034521
1403636650.763556 -2.161200 7.715692 1.017745
1403636650.863555 -2.126802 7.722729 1.011030
1403636650.963556 -2.093220 7.730066 1.013949
1403636651.063555 -2.060446 7.736370 1.022308
1403636651.163555 -2.028448 7.742016 1.037079
1403636651.263556 -1.995642 7.739702 1.053873
1403636651.363555 -1.964268 7.738306 1.075519
1403636651.463556 -1.932261 7.732190 1.090746
1403636651.563555 -1.901173 7.725383 1.099375
1403636651.663555 -1.871141 7.719196 1.103006
1403636651.763556 -1.838736 7.707387 1.100492
1403636651.863555 -1.805325 7.694146 1.095448
1403636651.963556 -1.765307 7.675865 1.084159
1403636652.063555 -1.721078 7.655059 1.070728
1403636652.163555 -1.671789 7.629067 1.052742
1403636652.263556 -1.619992 7.597204 1.030868
1403636652.363555 -1.566524 7.559278 1.003601
1403636652.463556 -1.513676 7.524562 0.978325
1403636652.563555 -1.461380 7.493998 0.958944
1403636652.663555 -1.407187 7.468776 0.947901
1403636652.763556 -1.352139 7.449273 0.945638
1403636652.863555 -1.296109 7.437552 0.952462
1403636652.963556 -1.238881 7.433184 0.966979
1403636653.063555 -1.184080 7.432981 0.978532
1403636653.163555 -1.127127 7.438740 0.977036
1403636653.263556 -1.072223 7.443645 0.969215
1403636653.363555 -1.018366 7.451055 0.967610
1403636653.463556 -0.967702 7.457209 0.973562
1403636653.563555 -0.919220 7.460821 0.985837
1403636653.663555 -0.875221 7.461278 1.004895
1403636653.763556 -0.830985 7.460050 1.018989
1403636653.863555 -0.788779 7.455266 1.026195
1403636653.963556 -0.751897 7.443512 1.026794
1403636654.063555 -0.714923 7.432380 1.018909
1403636654.163555 -0.678884 7.417523 1.008203
1403636654.263556 -0.641333 7.398964 1.002678
1403636654.363555 -0.607759 7.373857 1.005611
1403636654.463556 -0.572889 7.347640 1.015661
1403636654.563555 -0.538669 7.320070 1.032613
1403636654.663555 -0.506944 7.292382 1.050840
1403636654.763556 -0.476112 7.265130 1.062940
1403636654.863555 -0.445651 7.238553 1.067414
1403636654.963556 -0.417197 7.213477 1.064949
1403636655.063555 -0.390648 7.188432 1.059365
1403636655.163555 -0.365956 7.161818 1.051060
1403636655.263556 -0.343299 7.132365 1.040808
1403636655.363555 -0.321283 7.099474 1.028839
1403636655.463556 -0.303412 7.058887 1.021501
1403636655.563555 -0.287650 7.011675 1.021168
1403636655.663555 -0.272709 6.959147 1.018996
1403636655.763556 -0.257199 6.906640 1.007116
1403636655.863555 -0.238805 6.853058 0.981868
1403636655.963556 -0.217121 6.799102 0.948921
1403636656.063555 -0.191873 6.745451 0.921203
1403636656.163555 -0.163952 6.691549 0.903026
1403636656.263556 -0.134705 6.637566 0.895794
1403636656.363555 -0.102097 6.586052 0.898336
1403636656.463556 -0.065826 6.538850 0.910254
1403636656.563555 -0.026906 6.494270 0.928914
1403636656.663555 0.013111 6.450017 0.947113
1403636656.763556 0.055823 6.406961 0.960622
1403636656.863555 0.097946 6.363030 0.967171
1403636656.963556 0.136761 6.317417 0.965986
1403636657.063555 0.171135 6.268788 0.957456
1403636657.163555 0.202082 6.216187 0.943584
1403636657.263556 0.231243 6.159742 0.934253
1403636657.363555 0.257362 6.098904 0.928670
1403636657.463556 0.283504 6.035467 0.924139
1403636657.563555 0.310279 5.969195 0.915068
1403636657.663555 0.336836 5.901327 0.902779
1403636657.763556 0.368011 5.831807 0.886429
1403636657.863555 0.402862 5.761932 0.865320
1403636657.963556 0.439031 5.687297 0.845447
1403636658.063555 0.482117 5.611210 0.834459
1403636658.163555 0.529745 5.533444 0.832426
1403636658.263556 0.580921 5.456453 0.833732
1403636658.363555 0.634259 5.381850 0.830110
1403636658.463556 0.688896 5.310511 0.822299
1403636658.563555 0.745125 5.243477 0.812410
1403636658.663555 0.801245 5.182449 0.799061
1403636658.763556 0.857399 5.127719 0.782849
1403636658.863555 0.910989 5.078358 0.765734
1403636658.963556 0.960276 5.033702 0.744944
1403636659.063555 1.005864 4.991807 0.720361
1403636659.163555 1.046630 4.948283 0.691869
1403636659.263556 1.084135 4.905703 0.661412
1403636659.363555 1.116303 4.863004 0.634401
1403636659.463556 1.145771 4.819172 0.614468
1403636659.563555 1.173534 4.778698 0.601585
1403636659.663555 1.197986 4.740356 0.588551
1403636659.763556 1.219855 4.703531 0.569394
1403636659.863555 1.237785 4.668087 0.544997
1403636659.963556 1.253866 4.633398 0.514133
1403636660.063555 1.266701 4.599425 0.480801
1403636660.163555 1.278195 4.569035 0.443287
1403636660.263556 1.290471 4.544130 0.403840
1403636660.363555 1.303622 4.524792 0.368241
1403636660.463556 1.317207 4.510745 0.341131
1403636660.563555 1.334526 4.506321 0.318944
1403636660.663555 1.354156 4.508475 0.295650
1403636660.763556 1.373068 4.517741 0.264896
1403636660.863555 1.389588 4.530096 0.230071
1403636660.963556 1.401237 4.546032 0.188948
1403636661.063555 1.406241 4.565352 0.143064
1403636661.163555 1.405470 4.586675 0.093764
1403636661.263556 1.398394 4.607104 0.048102
1403636661.363555 1.387141 4.627065 0.009399
1403636661.463556 1.371774 4.646898 -0.021077
1403636661.563555 1.353412 4.665872 -0.044224
1403636661.663555 1.330854 4.683968 -0.059954
1403636661.763556 1.307529 4.702359 -0.067898
1403636661.863555 1.281645 4.716748 -0.069082
1403636661.963556 1.255425 4.727139 -0.062072
1403636662.063555 1.227277 4.734627 -0.049418
1403636662.163555 1.198952 4.738091 -0.034838
1403636662.263556 1.168646 4.738252 -0.025731
1403636662.363555 1.135993 4.736626 -0.022494
1403636662.463556 1.100481 4.735541 -0.026407
1403636662.563555 1.063651 4.735975 -0.034584
1403636662.663555 1.023964 4.738318 -0.046864
1403636662.763556 0.986801 4.741200 -0.061621
1403636662.863555 0.955260 4.743997 -0.080614
1403636662.963556 0.927783 4.744625 -0.104713
1403636663.063555 0.905295 4.744778 -0.127213
1403636663.163555 0.890337 4.742397 -0.142394
1403636663.263556 0.883549 4.737597 -0.153787
1403636663.363555 0.882932 4.735279 -0.170491
1403636663.463556 0.884774 4.735546 -0.195023
1403636663.563555 0.890613 4.742785 -0.222842
1403636663.663555 0.899696 4.759514 -0.253714
1403636663.763556 0.912245 4.785224 -0.283023
1403636663.863555 0.925909 4.823051 -0.305049
1403636663.963556 0.937714 4.872850 -0.319207
1403636664.063555 0.945372 4.933447 -0.327205
1403636664.163555 0.946674 5.003702 -0.329890
1403636664.263556 0.941868 5.080989 -0.330568
1403636664.363555 0.930884 5.159692 -0.342328
1403636664.463556 0.915211 5.239129 -0.369847
1403636664.563555 0.895573 5.318324 -0.402171
1403636664.663555 0.870491 5.396810 -0.430750
1403636664.763556 0.842084 5.473773 -0.451011
1403636664.863555 0.810361 5.547518 -0.463566
1403636664.963556 0.777225 5.620077 -0.471701
1403636665.063555 0.740938 5.691880 -0.473166
1403636665.163555 0.702385 5.763117 -0.466650
1403636665.263556 0.665046 5.835582 -0.456472
1403636665.363555 0.631958 5.909258 -0.445030
1403636665.463556 0.600129 5.980750 -0.433517
1403636665.563555 0.567480 6.048992 -0.421356
1403636665.663555 0.534392 6.118149 -0.407672
1403636665.763556 0.500090 6.191877 -0.392519
1403636665.863555 0.464482 6.265325 -0.375879
1403636665.963556 0.427347 6.340680 -0.361124
1403636666.063555 0.391203 6.411922 -0.351172
1403636666.163555 0.354515 6.478290 -0.345933
1403636666.263556 0.315424 6.540998 -0.343197
1403636666.363555 0.274860 6.599816 -0.348076
1403636666.463556 0.233051 6.653656 -0.352506
1403636666.563555 0.193251 6.701973 -0.351299
1403636666.663555 0.154762 6.745980 -0.342123
1403636666.763556 0.116121 6.788265 -0.329050
1403636666.863555 0.078667 6.832314 -0.316898
1403636666.963556 0.045140 6.877939 -0.311294
1403636667.063555 0.018198 6.925213 -0.308373
1403636667.163555 -0.001803 6.973094 -0.307826
1403636667.263556 -0.020202 7.017533 -0.310652
1403636667.363555 -0.039388 7.063462 -0.320682
1403636667.463556 -0.060603 7.107275 -0.334348
1403636667.563555 -0.085317 7.149877 -0.349226
1403636667.663555 -0.110114 7.193106 -0.360153
1403636667.763556 -0.133372 7.236661 -0.362125
1403636667.863555 -0.153187 7.279541 -0.358201
1403636667.963556 -0.170593 7.322949 -0.355409
1403636668.063555 -0.184931 7.366845 -0.357851
1403636668.163555 -0.197178 7.411087 -0.367273
1403636668.263556 -0.208137 7.456943 -0.382596
1403636668.363555 -0.218947 7.504910 -0.401424
1403636668.463556 -0.229132 7.556176 -0.426319
1403636668.563555 -0.239674 7.608200 -0.450850
1403636668.663555 -0.251110 7.661086 -0.474991
1403636668.763556 -0.262606 7.718859 -0.500834
1403636668.863555 -0.277130 7.778345 -0.523243
1403636668.963556 -0.296710 7.841479 -0.537963
1403636669.063555 -0.324349 7.905033 -0.544498
1403636669.163555 -0.352099 7.971768 -0.547340
1403636669.263556 -0.387796 8.034784 -0.551032
1403636669.363555 -0.423723 8.100344 -0.561527
1403636669.463556 -0.463895 8.163419 -0.575718
1403636669.563555 -0.507284 8.225226 -0.594144
1403636669.663555 -0.555841 8.283927 -0.610204
1403636669.763556 -0.607487 8.340071 -0.621714
1403636669.863555 -0.666463 8.389567 -0.629707
1403636669.963556 -0.729316 8.428269 -0.630663
1403636670.063555 -0.789802 8.455609 -0.625566
1403636670.163555 -0.846042 8.471652 -0.612323
1403636670.263556 -0.896662 8.477073 -0.597553
1403636670.363555 -0.942083 8.467716 -0.590048
1403636670.463556 -0.979041 8.442112 -0.586849
1403636670.563555 -1.005459 8.400530 -0.578776
1403636670.663555 -1.019175 8.342352 -0.562872
1403636670.763556 -1.018577 8.269000 -0.540809
1403636670.863555 -1.004405 8.182864 -0.519144
1403636670.963556 -0.977116 8.082418 -0.498756
1403636671.063555 -0.933128 7.965035 -0.470498
1403636671.163555 -0.870426 7.830031 -0.433465
1403636671.263556 -0.789849 7.679627 -0.390895
1403636671.363555 -0.694917 7.517310 -0.347690
1403636671.463556 -0.592693 7.349957 -0.306709
1403636671.563555 -0.489614 7.184082 -0.271869
1403636671.663555 -0.387396 7.023478 -0.243478
1403636671.763556 -0.285405 6.871485 -0.219413
1403636671.863555 -0.184624 6.731765 -0.198629
1403636671.963556 -0.084795 6.606433 -0.174724
1403636672.063555 0.012232 6.499636 -0.141061
1403636672.163555 0.103667 6.411898 -0.097483
1403636672.263556 0.186690 6.343875 -0.048708
1403636672.363555 0.260569 6.294312 -0.001967
1403636672.463556 0.326269 6.257452 0.033928
1403636672.563555 0.380118 6.232905 0.056740
1403636672.663555 0.426270 6.211945 0.058499
1403636672.763556 0.467038 6.191004 0.039105
1403636672.863555 0.501989 6.171001 0.011529
1403636672.963556 0.530598 6.155692 -0.010472
1403636673.063555 0.554296 6.143254 -0.024546
1403636673.163555 0.573476 6.136411 -0.031446
1403636673.263556 0.587542 6.134522 -0.030087
1403636673.363555 0.595921 6.138754 -0.021828
1403636673.463556 0.599518 6.153967 -0.015316
1403636673.563555 0.597529 6.178411 -0.014758
1403636673.663555 0.590564 6.211719 -0.015592
1403636673.763556 0.577503 6.249792 -0.021723
1403636673.863555 0.560358 6.286830 -0.025075
1403636673.963556 0.538358 6.326641 -0.026056
1403636674.063555 0.510603 6.369450 -0.027249
1403636674.163555 0.476645 6.411597 -0.031384
1403636674.263556 0.438400 6.454104 -0.042926
1403636674.363555 0.396399 6.496631 -0.062430
1403636674.463556 0.351716 6.540180 -0.089668
1403636674.563555 0.309320 6.583555 -0.121612
1403636674.663555 0.271014 6.625485 -0.156562
1403636674.763556 0.236162 6.665757 -0.196553
1403636674.863555 0.205868 6.705383 -0.236077
1403636674.963556 0.179583 6.748372 -0.269195
1403636675.063555 0.155945 6.798632 -0.291911
1403636675.163555 0.134351 6.857463 -0.304963
1403636675.263556 0.112724 6.927980 -0.309629
1403636675.363555 0.086003 7.005594 -0.307009
1403636675.463556 0.051480 7.091230 -0.303340
1403636675.563555 0.010529 7.178633 -0.304390
1403636675.663555 -0.036386 7.264367 -0.311668
1403636675.763556 -0.089137 7.346745 -0.323732
1403636675.863555 -0.146650 7.424257 -0.342087
1403636675.963556 -0.204637 7.496457 -0.367356
1403636676.063555 -0.259466 7.565467 -0.396256
1403636676.163555 -0.310986 7.633166 -0.426896
1403636676.263556 -0.361064 7.700952 -0.458772
1403636676.363555 -0.414367 7.767309 -0.490811
1403636676.463556 -0.474156 7.832079 -0.515982
1403636676.563555 -0.541777 7.890935 -0.533440
1403636676.663555 -0.616020 7.950046 -0.542203
1403636676.763556 -0.692725 8.007803 -0.543870
1403636676.863555 -0.769368 8.063833 -0.539077
1403636676.963556 -0.843022 8.118456 -0.534123
1403636677.063555 -0.914446 8.173040 -0.542557
1403636677.163555 -0.985538 8.227619 -0.566580
1403636677.263556 -1.055648 8.282876 -0.597540
1403636677.363555 -1.127754 8.332454 -0.625210
1403636677.463556 -1.199186 8.379800 -0.641788
1403636677.563555 -1.269398 8.417388 -0.651716
1403636677.663555 -1.335430 8.447711 -0.653963
1403636677.763556 -1.397124 8.471637 -0.651297
1403636677.863555 -1.451791 8.489866 -0.644276
1403636677.963556 -1.500246 8.507441 -0.632826
1403636678.063555 -1.544137 8.529294 -0.621345
1403636678.163555 -1.584677 8.554990 -0.615012
1403636678.263556 -1.623252 8.582883 -0.614594
1403636678.363555 -1.660370 8.609977 -0.613693
1403636678.463556 -1.695965 8.636184 -0.607595
1403636678.563555 -1.730729 8.661662 -0.594440
1403636678.663555 -1.764313 8.686178 -0.577445
1403636678.763556 -1.797068 8.709413 -0.564076
1403636678.863555 -1.829230 8.729365 -0.558230
1403636678.963556 -1.862763 8.742664 -0.558033
1403636679.063555 -1.897921 8.747406 -0.562007
1403636679.163555 -1.933278 8.744158 -0.571472
1403636679.263556 -1.968524 8.733871 -0.583479
1403636679.363555 -2.001408 8.720153 -0.590204
1403636679.463556 -2.030599 8.705885 -0.589636
1403636679.563555 -2.055115 8.692845 -0.581740
1403636679.663555 -2.075402 8.682088 -0.567154
1403636679.763556 -2.089006 8.674510 -0.546150
1403636679.863555 -2.100163 8.669071 -0.515785
1403636679.963556 -2.110672 8.663428 -0.479055
1403636680.063555 -2.115426 8.656048 -0.437294
1403636680.163555 -2.113124 8.644790 -0.395774
1403636680.263556 -2.104324 8.627124 -0.359811
1403636680.363555 -2.089986 8.602299 -0.330539
1403636680.463556 -2.068799 8.571073 -0.309104
1403636680.563555 -2.043875 8.527587 -0.292949
1403636680.663555 -2.014497 8.474242 -0.281493
1403636680.763556 -1.981772 8.414103 -0.276394
1403636680.863555 -1.948100 8.345714 -0.272714
1403636680.963556 -1.913153 8.276235 -0.275620
1403636681.063555 -1.880045 8.208253 -0.285464
1403636681.163555 -1.850768 8.141886 -0.297251
1403636681.263556 -1.827415 8.075584 -0.307103
1403636681.363555 -1.807620 8.008065 -0.311286
1403636681.463556 -1.787414 7.939685 -0.309891
1403636681.563555 -1.766959 7.871136 -0.303882
1403636681.663555 -1.746099 7.802695 -0.300458
1403636681.763556 -1.723996 7.733692 -0.301467
1403636681.863555 -1.699460 7.662780 -0.302765
1403636681.963556 -1.674094 7.589225 -0.299749
1403636682.063555 -1.646189 7.515845 -0.289742
1403636682.163555 -1.613981 7.442098 -0.273484
1403636682.263556 -1.580167 7.369419 -0.258738
1403636682.363555 -1.546412 7.297789 -0.250655
1403636682.463556 -1.516210 7.226592 -0.245316
1403636682.563555 -1.488265 7.156096 -0.242279
1403636682.663555 -1.460677 7.085239 -0.244720
1403636682.763556 -1.432654 7.014482 -0.246105
1403636682.863555 -1.402313 6.944488 -0.241331
1403636682.963556 -1.371126 6.874273 -0.231868
1403636683.063555 -1.333995 6.801487 -0.218317
1403636683.163555 -1.295466 6.729178 -0.213168
1403636683.263556 -1.254063 6.653889 -0.212356
1403636683.363555 -1.210548 6.579488 -0.217144
1403636683.463556 -1.166921 6.504564 -0.225699
1403636683.563555 -1.121744 6.428896 -0.237994
1403636683.663555 -1.075431 6.355145 -0.254145
1403636683.763556 -1.028433 6.281737 -0.269771
1403636683.863555 -0.982277 6.209193 -0.278357
1403636683.963556 -0.938666 6.136556 -0.279045
1403636684.063555 -0.897926 6.064953 -0.270485
1403636684.163555 -0.856858 5.996090 -0.256177
1403636684.263556 -0.814445 5.927894 -0.235225
1403636684.363555 -0.770344 5.860544 -0.214865
1403636684.463556 -0.725111 5.794285 -0.201324
1403636684.563555 -0.680994 5.731204 -0.193692
1403636684.663555 -0.634137 5.669514 -0.192822
1403636684.763556 -0.586089 5.612266 -0.197636
1403636684.863555 -0.536022 5.558126 -0.208501
1403636684.963556 -0.485176 5.505684 -0.223126
1403636685.063555 -0.431446 5.455574 -0.232905
1403636685.163555 -0.376646 5.405488 -0.235373
1403636685.263556 -0.320440 5.356017 -0.232842
1403636685.363555 -0.263861 5.304644 -0.222248
1403636685.463556 -0.207926 5.251641 -0.214664
1403636685.563555 -0.149562 5.196911 -0.211914
1403636685.663555 -0.091874 5.140221 -0.214801
1403636685.763556 -0.036024 5.083863 -0.223324
1403636685.863555 0.021089 5.026331 -0.235380
1403636685.963556 0.077543 4.966981 -0.252165
1403636686.063555 0.133257 4.906569 -0.267674
1403636686.163555 0.190489 4.846623 -0.275381
1403636686.263556 0.243589 4.788876 -0.276351
1403636686.363555 0.296882 4.731939 -0.271022
1403636686.463556 0.345816 4.677335 -0.263282
1403636686.563555 0.394436 4.621689 -0.261373
1403636686.663555 0.438663 4.571788 -0.264273
1403636686.763556 0.483088 4.517286 -0.270362
1403636686.863555 0.522479 4.466950 -0.273549
1403636686.963556 0.561563 4.415848 -0.270712
1403636687.063555 0.599272 4.366714 -0.261420
1403636687.163555 0.637519 4.319196 -0.248258
1403636687.263556 0.676341 4.275457 -0.238442
1403636687.363555 0.711333 4.232174 -0.233210
1403636687.463556 0.748351 4.191419 -0.234829
1403636687.563555 0.784696 4.149007 -0.242799
1403636687.663555 0.819851 4.108295 -0.258295
1403636687.763556 0.856264 4.070966 -0.279002
1403636687.863555 0.892986 4.034735 -0.304891
1403636687.963556 0.929859 4.002065 -0.337108
1403636688.063555 0.965530 3.970677 -0.371453
1403636688.163555 1.004348 3.938124 -0.402622
1403636688.263556 1.043638 3.904493 -0.426763
1403636688.363555 1.082916 3.868836 -0.444919
1403636688.463556 1.122767 3.834709 -0.467063
1403636688.563555 1.164125 3.799971 -0.490174
1403636688.663555 1.203443 3.765413 -0.520465
1403636688.763556 1.243572 3.726850 -0.551784
1403636688.863555 1.282347 3.685006 -0.581864
1403636688.963556 1.319202 3.638576 -0.605639
1403636689.063555 1.357014 3.589714 -0.619571
1403636689.163555 1.393114 3.540635 -0.626462
1403636689.263556 1.428358 3.491798 -0.625902
1403636689.363555 1.460536 3.444259 -0.617317
1403636689.463556 1.488027 3.397587 -0.601308
1403636689.563555 1.513845 3.350742 -0.577853
1403636689.663555 1.536979 3.305407 -0.550736
1403636689.763556 1.555133 3.261441 -0.527082
1403636689.863555 1.564548 3.219051 -0.507720
1403636689.963556 1.565065 3.181030 -0.491914
1403636690.063555 1.557807 3.148329 -0.481118
1403636690.163555 1.544182 3.119836 -0.475161
1403636690.263556 1.526945 3.096338 -0.463066
1403636690.363555 1.503404 3.074658 -0.444596
1403636690.463556 1.474256 3.053201 -0.425672
1403636690.563555 1.441841 3.033974 -0.407365
1403636690.663555 1.404688 3.017038 -0.396979
1403636690.763556 1.364044 3.005385 -0.394507
1403636690.863555 1.320880 3.001889 -0.406471
1403636690.963556 1.275357 3.008906 -0.423663
1403636691.063555 1.230562 3.030570 -0.434318
1403636691.163555 1.190696 3.068660 -0.436884
1403636691.263556 1.157375 3.120455 -0.432057
1403636691.363555 1.136259 3.183220 -0.420645
1403636691.463556 1.121624 3.250835 -0.405544
1403636691.563555 1.111694 3.321795 -0.380689
1403636691.663555 1.104217 3.395722 -0.346874
1403636691.763556 1.100303 3.471355 -0.313154
1403636691.863555 1.098093 3.545061 -0.284956
1403636691.963556 1.101349 3.619377 -0.267981
1403636692.063555 1.105082 3.693549 -0.250087
1403636692.163555 1.110973 3.768172 -0.229978
1403636692.263556 1.119224 3.841076 -0.203132
1403636692.363555 1.132105 3.912523 -0.168582
1403636692.463556 1.146793 3.983385 -0.127646
1403636692.563555 1.161647 4.051858 -0.079734
1403636692.663555 1.177010 4.117044 -0.025278
1403636692.763556 1.193081 4.179253 0.027569
1403636692.863555 1.209115 4.236359 0.075607
1403636692.963556 1.224685 4.285090 0.119066
1403636693.063555 1.239163 4.325129 0.159053
1403636693.163555 1.252365 4.360251 0.192880
1403636693.263556 1.263106 4.388714 0.218077
1403636693.363555 1.274402 4.415106 0.238776
1403636693.463556 1.282085 4.438937 0.255641
1403636693.563555 1.284504 4.459456 0.268660
1403636693.663555 1.279718 4.478718 0.279422
1403636693.763556 1.264466 4.494207 0.289765
1403636693.863555 1.242672 4.508297 0.297793
1403636693.963556 1.215073 4.520360 0.303415
1403636694.063555 1.185154 4.530509 0.306043
1403636694.163555 1.156996 4.541204 0.306822
1403636694.263556 1.130558 4.552071 0.312154
1403636694.363555 1.106050 4.562613 0.322816
1403636694.463556 1.083362 4.573562 0.334621
1403636694.563555 1.060439 4.583824 0.341975
1403636694.663555 1.037336 4.594143 0.344260
1403636694.763556 1.016150 4.603506 0.341853
1403636694.863555 0.994300 4.613099 0.333094
1403636694.963556 0.972338 4.623878 0.320342
1403636695.063555 0.950617 4.637409 0.306784
1403636695.163555 0.929888 4.653860 0.299297
1403636695.263556 0.907379 4.671005 0.297683
1403636695.363555 0.885183 4.688628 0.304575
1403636695.463556 0.864210 4.706315 0.316373
1403636695.563555 0.842675 4.722920 0.327510
1403636695.663555 0.824252 4.738594 0.334488
1403636695.763556 0.806120 4.752327 0.334651
1403636695.863555 0.790824 4.764747 0.331006
1403636695.963556 0.776390 4.775844 0.323399
1403636696.063555 0.762423 4.786125 0.311473
1403636696.163555 0.748924 4.794483 0.297786
1403636696.263556 0.733392 4.800632 0.282724
1403636696.363555 0.718026 4.803752 0.266908
1403636696.463556 0.703468 4.805133 0.253670
1403636696.563555 0.693488 4.806250 0.243869
1403636696.663555 0.689344 4.807502 0.239903
1403636696.763556 0.687373 4.808491 0.240054
1403636696.863555 0.687414 4.810363 0.236734
1403636696.963556 0.689470 4.811593 0.229422
1403636697.063555 0.694350 4.810480 0.220508
1403636697.163555 0.703507 4.805000 0.216177
1403636697.263556 0.713545 4.790739 0.218985
1403636697.363555 0.729961 4.768558 0.228891
1403636697.463556 0.748054 4.740960 0.247674
1403636697.563555 0.768161 4.710465 0.275120
1403636697.663555 0.787090 4.678467 0.302873
1403636697.763556 0.807726 4.646042 0.324193
1403636697.863555 0.828254 4.612135 0.339979
1403636697.963556 0.848668 4.575108 0.350721
1403636698.063555 0.867883 4.535260 0.356239
1403636698.163555 0.886709 4.492211 0.356763
1403636698.263556 0.904526 4.447787 0.350999
1403636698.363555 0.921731 4.403489 0.341568
1403636698.463556 0.939396 4.358870 0.329333
1403636698.563555 0.955954 4.312417 0.313984
1403636698.663555 0.970362 4.265109 0.295092
1403636698.763556 0.984936 4.217701 0.270970
1403636698.863555 0.997560 4.169501 0.244123
1403636698.963556 1.007823 4.121611 0.221337
1403636699.063555 1.017312 4.074237 0.204544
1403636699.163555 1.025474 4.028399 0.194699
1403636699.263556 1.034392 3.985010 0.192511
1403636699.363555 1.041580 3.945591 0.196002
1403636699.463556 1.048889 3.911883 0.202562
1403636699.563555 1.057255 3.883060 0.206994
1403636699.663555 1.067242 3.860359 0.205480
1403636699.763556 1.079579 3.844091 0.199800
1403636699.863555 1.093327 3.832105 0.190776
1403636699.963556 1.107136 3.822907 0.179583
1403636700.063555 1.121159 3.815034 0.163975
1403636700.163555 1.137836 3.809025 0.145718
1403636700.263556 1.155291 3.806885 0.123559
1403636700.363555 1.175059 3.807407 0.094908
1403636700.463556 1.196756 3.812403 0.061386
1403636700.563555 1.220846 3.819990 0.023408
1403636700.663555 1.246560 3.831334 -0.015942
1403636700.763556 1.274420 3.843059 -0.055772
1403636700.863555 1.302872 3.853104 -0.089740
1403636700.963556 1.331320 3.862369 -0.116323
1403636701.063555 1.359664 3.871378 -0.135453
1403636701.163555 1.386797 3.883011 -0.145772
1403636701.263556 1.412371 3.898394 -0.145457
1403636701.363555 1.436762 3.915694 -0.137808
1403636701.463556 1.458750 3.936300 -0.127524
1403636701.563555 1.479371 3.959905 -0.116864
1403636701.663555 1.498408 3.984134 -0.108544
1403636701.763556 1.517400 4.007473 -0.101922
1403636701.863555 1.537176 4.031694 -0.101825
1403636701.963556 1.557542 4.056099 -0.108165
1403636702.063555 1.577965 4.078927 -0.119560
1403636702.163555 1.600208 4.102118 -0.136132
1403636702.263556 1.622633 4.125581 -0.158343
1403636702.363555 1.645431 4.148307 -0.185202
1403636702.463556 1.666456 4.172750 -0.217400
1403636702.563555 1.684763 4.198442 -0.253519
1403636702.663555 1.699645 4.225254 -0.294578
1403636702.763556 1.710969 4.253670 -0.340690
1403636702.863555 1.718809 4.284302 -0.390177
1403636702.963556 1.723632 4.319627 -0.436142
1403636703.063555 1.724530 4.356784 -0.476015
1403636703.163555 1.723876 4.396585 -0.505270
1403636703.263556 1.722892 4.437999 -0.526740
1403636703.363555 1.725683 4.478797 -0.542872
1403636703.463556 1.733116 4.520836 -0.551923
1403636703.563555 1.744025 4.562208 -0.553498
1403636703.663555 1.754558 4.602853 -0.549493
1403636703.763556 1.764389 4.641824 -0.546013
1403636703.863555 1.773326 4.681494 -0.547538
1403636703.963556 1.782013 4.720865 -0.553997
1403636704.063555 1.791373 4.759086 -0.564087
1403636704.163555 1.802038 4.796602 -0.578586
1403636704.263556 1.813135 4.832851 -0.596800
1403636704.363555 1.824833 4.873186 -0.612303
1403636704.463556 1.833732 4.914029 -0.619134
1403636704.563555 1.842452 4.957313 -0.618987
1403636704.663555 1.846389 5.003741 -0.617029
1403636704.763556 1.849628 5.053368 -0.621842
1403636704.863555 1.846959 5.107951 -0.634211
1403636704.963556 1.841223 5.166573 -0.650839
1403636705.063555 1.829289 5.231809 -0.670978
1403636705.163555 1.812799 5.303382 -0.691066
1403636705.263556 1.790185 5.380533 -0.707402
1403636705.363555 1.764129 5.458486 -0.718303
1403636705.463556 1.734799 5.535955 -0.725319
1403636705.563555 1.702079 5.613076 -0.734625
1403636705.663555 1.666250 5.692543 -0.750057
1403636705.763556 1.627667 5.772842 -0.768278
1403636705.863555 1.586164 5.857422 -0.786973
1403636705.963556 1.544004 5.941465 -0.798385
1403636706.063555 1.503622 6.024615 -0.801122
1403636706.163555 1.468198 6.107516 -0.800364
1403636706.263556 1.437139 6.188656 -0.807374
1403636706.363555 1.407387 6.270890 -0.822310
1403636706.463556 1.380772 6.347944 -0.841327
1403636706.563555 1.349931 6.426808 -0.857210
1403636706.663555 1.319987 6.501091 -0.867905
1403636706.763556 1.282855 6.580137 -0.871338
1403636706.863555 1.243643 6.657217 -0.869388
1403636706.963556 1.202771 6.734220 -0.864839
1403636707.063555 1.157249 6.815720 -0.857330
1403636707.163555 1.112799 6.892612 -0.850837
1403636707.263556 1.064253 6.969704 -0.843072
1403636707.363555 1.009788 7.049679 -0.827731
1403636707.463556 0.954772 7.127064 -0.806280
1403636707.563555 0.894785 7.208302 -0.774976
1403636707.663555 0.832843 7.285163 -0.749114
1403636707.763556 0.768236 7.365475 -0.729010
1403636707.863555 0.706275 7.446693 -0.724532
1403636707.963556 0.644018 7.531372 -0.726491
1403636708.063555 0.583751 7.615983 -0.741387
1403636708.163555 0.524256 7.700101 -0.761570
1403636708.263556 0.462170 7.787783 -0.785736
1403636708.363555 0.403620 7.871998 -0.813454
1403636708.463556 0.349295 7.958949 -0.835838
1403636708.563555 0.302029 8.047005 -0.851466
1403636708.663555 0.262187 8.134885 -0.862639
1403636708.763556 0.224307 8.221746 -0.877938
1403636708.863555 0.191143 8.302351 -0.896888
1403636708.963556 0.157209 8.378836 -0.915443
1403636709.063555 0.119850 8.450891 -0.927446
1403636709.163555 0.084211 8.514481 -0.930871
1403636709.263556 0.042480 8.573565 -0.929493
1403636709.363555 0.003785 8.623139 -0.922549
1403636709.463556 -0.041281 8.671314 -0.922112
1403636709.563555 -0.085136 8.713125 -0.926831
1403636709.663555 -0.136063 8.754531 -0.937427
1403636709.763556 -0.191339 8.794180 -0.949906
1403636709.863555 -0.245947 8.827733 -0.958795
1403636709.963556 -0.308369 8.864995 -0.965349
1403636710.063555 -0.370640 8.895317 -0.962977
1403636710.163555 -0.438029 8.925024 -0.964492
1403636710.263556 -0.508135 8.951197 -0.972644
1403636710.363555 -0.581284 8.975501 -0.988426
1403636710.463556 -0.656431 8.996409 -1.009854
1403636710.563555 -0.731408 9.017014 -1.034995
1403636710.663555 -0.799849 9.037421 -1.063958
1403636710.763556 -0.863814 9.059083 -1.094419
1403636710.863555 -0.922857 9.080831 -1.118762
1403636710.963556 -0.979935 9.101098 -1.136917
1403636711.063555 -1.035497 9.119549 -1.148223
1403636711.163555 -1.090367 9.133121 -1.155709
1403636711.263556 -1.144823 9.141631 -1.161867
1403636711.363555 -1.199815 9.145256 -1.165041
1403636711.463556 -1.256740 9.147337 -1.160804
1403636711.563555 -1.310326 9.142127 -1.155722
1403636711.663555 -1.362470 9.131355 -1.150861
1403636711.763556 -1.411423 9.112203 -1.144882
1403636711.863555 -1.457747 9.084825 -1.136802
1403636711.963556 -1.500702 9.050961 -1.125507
1403636712.063555 -1.539795 9.013308 -1.110218
1403636712.163555 -1.571645 8.974527 -1.089612
1403636712.263556 -1.598993 8.935464 -1.063893
1403636712.363555 -1.626340 8.894664 -1.032973
1403636712.463556 -1.648628 8.848902 -0.998350
1403636712.563555 -1.669743 8.798909 -0.959709
1403636712.663555 -1.688909 8.744657 -0.922700
1403636712.763556 -1.705517 8.684846 -0.891847
1403636712.863555 -1.717201 8.620140 -0.867145
1403636712.963556 -1.723230 8.551970 -0.848428
1403636713.063555 -1.728477 8.480807 -0.833048
1403636713.163555 -1.728589 8.405423 -0.811427
1403636713.263556 -1.725923 8.327598 -0.783274
1403636713.363555 -1.720000 8.249303 -0.746446
1403636713.463556 -1.714700 8.171767 -0.704390
1403636713.563555 -1.703215 8.092363 -0.659426
1403636713.663555 -1.690094 8.014456 -0.619343
1403636713.763556 -1.672714 7.937352 -0.584392
1403636713.863555 -1.651306 7.863578 -0.557420
1403636713.963556 -1.626759 7.792765 -0.533932
1403636714.063555 -1.598425 7.724081 -0.516200
1403636714.163555 -1.566273 7.656136 -0.503073
1403636714.263556 -1.535079 7.591215 -0.493356
1403636714.363555 -1.502538 7.526373 -0.488779
1403636714.463556 -1.464849 7.462288 -0.487761
1403636714.563555 -1.429714 7.401637 -0.490820
1403636714.663555 -1.392670 7.344352 -0.495344
1403636714.763556 -1.358236 7.292568 -0.495060
1403636714.863555 -1.327740 7.244908 -0.486214
1403636714.963556 -1.300439 7.199067 -0.470947
1403636715.063555 -1.277495 7.158735 -0.448587
1403636715.163555 -1.258548 7.119663 -0.422624
1403636715.263556 -1.244753 7.082938 -0.396906
1403636715.363555 -1.234175 7.049201 -0.376073
1403636715.463556 -1.225450 7.017863 -0.361773
1403636715.563555 -1.216441 6.989212 -0.355473
1403636715.663555 -1.205118 6.966545 -0.354543
1403636715.763556 -1.192403 6.947923 -0.355151
1403636715.863555 -1.175932 6.930231 -0.354641
1403636715.963556 -1.155125 6.911802 -0.346340
1403636716.063555 -1.129723 6.891499 -0.335975
1403636716.163555 -1.098516 6.867582 -0.321451
1403636716.263556 -1.063198 6.843290 -0.304985
1403636716.363555 -1.025130 6.817417 -0.292941
1403636716.463556 -0.985928 6.794123 -0.288252
1403636716.563555 -0.947332 6.770496 -0.288198
1403636716.663555 -0.908920 6.748175 -0.296434
1403636716.763556 -0.869953 6.722848 -0.307385
1403636716.863555 -0.830641 6.695609 -0.320509
1403636716.963556 -0.791881 6.669129 -0.331106
1403636717.063555 -0.753639 6.642160 -0.333839
1403636717.163555 -0.715744 6.614600 -0.331094
1403636717.263556 -0.676356 6.588520 -0.325709
1403636717.363555 -0.635369 6.561909 -0.318835
1403636717.463556 -0.594916 6.533927 -0.312153
1403636717.563555 -0.554856 6.501254 -0.309285
1403636717.663555 -0.516521 6.463815 -0.314422
1403636717.763556 -0.478817 6.422647 -0.324393
1403636717.863555 -0.441385 6.376335 -0.334571
1403636717.963556 -0.406679 6.325245 -0.339305
1403636718.063555 -0.373956 6.267310 -0.335830
1403636718.163555 -0.342422 6.204748 -0.328081
1403636718.263556 -0.308905 6.139414 -0.324053
1403636718.363555 -0.276135 6.072765 -0.328897
1403636718.463556 -0.244801 6.004534 -0.340781
1403636718.563555 -0.215784 5.937308 -0.357587
1403636718.663555 -0.187932 5.872574 -0.378065
1403636718.763556 -0.161497 5.812690 -0.403206
1403636718.863555 -0.135715 5.758745 -0.429755
1403636718.963556 -0.110389 5.707822 -0.451401
1403636719.063555 -0.086405 5.658427 -0.464289
1403636719.163555 -0.062518 5.607852 -0.468555
1403636719.263556 -0.038228 5.557837 -0.470145
1403636719.363555 -0.010718 5.508177 -0.476751
1403636719.463556 0.019745 5.459422 -0.490899
1403636719.563555 0.053050 5.411112 -0.507793
1403636719.663555 0.091283 5.363970 -0.524852
1403636719.763556 0.130170 5.318295 -0.532703
1403636719.863555 0.171367 5.274750 -0.532542
1403636719.963556 0.212740 5.233856 -0.528574
1403636720.063555 0.250418 5.194361 -0.528033
1403636720.163555 0.288725 5.156687 -0.534094
1403636720.263556 0.324454 5.121205 -0.544964
1403636720.363555 0.359422 5.087350 -0.559419
1403636720.463556 0.394627 5.055500 -0.576681
1403636720.563555 0.428055 5.026753 -0.589801
1403636720.663555 0.461710 4.999545 -0.595790
1403636720.763556 0.492597 4.976502 -0.593117
1403636720.863555 0.522676 4.956429 -0.587417
1403636720.963556 0.551156 4.939572 -0.585914
1403636721.063555 0.578564 4.924135 -0.590706
1403636721.163555 0.604693 4.911396 -0.599903
1403636721.263556 0.631731 4.900309 -0.609026
1403636721.363555 0.660195 4.891498 -0.612009
1403636721.463556 0.690556 4.883844 -0.607625
1403636721.563555 0.722494 4.877749 -0.601735
1403636721.663555 0.755723 4.872384 -0.601065
1403636721.763556 0.788638 4.867608 -0.605677
1403636721.863555 0.822132 4.862606 -0.615678
1403636721.963556 0.855942 4.856243 -0.628552
1403636722.063555 0.888870 4.850401 -0.637812
1403636722.163555 0.923311 4.841262 -0.639606
1403636722.263556 0.957280 4.830421 -0.634394
1403636722.363555 0.990367 4.818919 -0.629219
1403636722.463556 1.024226 4.807334 -0.629192
1403636722.563555 1.057955 4.795672 -0.634483
1403636722.663555 1.091795 4.782324 -0.642213
1403636722.763556 1.125518 4.767594 -0.652351
1403636722.863555 1.159714 4.751401 -0.658893
1403636722.963556 1.193928 4.733726 -0.656764
1403636723.063555 1.227541 4.714553 -0.647691
1403636723.163555 1.259063 4.695591 -0.635881
1403636723.263556 1.290651 4.676732 -0.628310
1403636723.363555 1.322348 4.657574 -0.625513
1403636723.463556 1.353091 4.638586 -0.626327
1403636723.563555 1.381619 4.619021 -0.626619
1403636723.663555 1.413808 4.596545 -0.620002
1403636723.763556 1.446712 4.572033 -0.609551
1403636723.863555 1.482658 4.545739 -0.599843
1403636723.963556 1.519592 4.518852 -0.595054
1403636724.063555 1.555475 4.492864 -0.596979
1403636724.163555 1.592598 4.469399 -0.602444
1403636724.263556 1.628965 4.447668 -0.611846
1403636724.363555 1.661408 4.427318 -0.622270
1403636724.463556 1.692778 4.406481 -0.627966
1403636724.563555 1.723831 4.385298 -0.626252
1403636724.663555 1.753304 4.363259 -0.618045
1403636724.763556 1.779332 4.340445 -0.601610
1403636724.863555 1.801767 4.316578 -0.578535
1403636724.963556 1.823864 4.291798 -0.547031
1403636725.063555 1.844118 4.267689 -0.509095
1403636725.163555 1.863155 4.246341 -0.466184
1403636725.263556 1.882452 4.226907 -0.424346
1403636725.363555 1.900943 4.210263 -0.388729
1403636725.463556 1.920309 4.193336 -0.357557
1403636725.563555 1.938159 4.178166 -0.332730
1403636725.663555 1.954730 4.164283 -0.313494
1403636725.763556 1.969938 4.151014 -0.300322
1403636725.863555 1.984379 4.138840 -0.294589
1403636725.963556 1.998144 4.125604 -0.292099
1403636726.063555 2.010339 4.114402 -0.294677
1403636726.163555 2.021743 4.103920 -0.301615
1403636726.263556 2.032432 4.093586 -0.312074
1403636726.363555 2.043103 4.082772 -0.319340
1403636726.463556 2.052350 4.072954 -0.318494
1403636726.563555 2.061323 4.062710 -0.311123
1403636726.663555 2.069371 4.055982 -0.298180
1403636726.763556 2.085139 4.048931 -0.277929
1403636726.863555 2.102699 4.045881 -0.250581
1403636726.963556 2.121698 4.043863 -0.218662
1403636727.063555 2.143080 4.041381 -0.181828
1403636727.163555 2.166251 4.037409 -0.147728
1403636727.263556 2.189829 4.031653 -0.119570
1403636727.363555 2.219841 4.019624 -0.094877
1403636727.463556 2.240201 4.009536 -0.075334
1403636727.563555 2.262563 3.994706 -0.054400
1403636727.663555 2.285169 3.977325 -0.028639
1403636727.763556 2.306877 3.957706 0.003799
1403636727.863555 2.329454 3.935355 0.043422
1403636727.963556 2.352728 3.908057 0.083363
1403636728.063555 2.373699 3.878795 0.116501
1403636728.163555 2.404763 3.843507 0.151237
1403636728.263556 2.422963 3.809032 0.172056
1403636728.363555 2.442811 3.772331 0.187657
1403636728.463556 2.470599 3.731605 0.202728
1403636728.563555 2.491094 3.694437 0.207400
1403636728.663555 2.514481 3.657886 0.209629
1403636728.763556 2.543434 3.622031 0.220088
1403636728.863555 2.567967 3.584706 0.232973
1403636728.963556 2.593279 3.546862 0.252399
1403636729.063555 2.619500 3.506833 0.267778
1403636729.163555 2.652583 3.464168 0.276690
1403636729.263556 2.682582 3.420384 0.278817
1403636729.363555 2.713596 3.377453 0.276326
1403636729.463556 2.743337 3.333725 0.274809
1403636729.563555 2.778683 3.287201 0.279346
1403636729.663555 2.813558 3.239376 0.291347
1403636729.763556 2.843668 3.189569 0.303682
1403636729.863555 2.880491 3.139831 0.317732
1403636729.963556 2.917050 3.089693 0.325996
1403636730.063555 2.952021 3.039428 0.329922
1403636730.163555 2.980788 2.989194 0.326615
1403636730.263556 3.014227 2.940279 0.321878
1403636730.363555 3.046399 2.891835 0.314322
1403636730.463556 3.076889 2.844694 0.305490
1403636730.563555 3.098926 2.798686 0.300830
1403636730.663555 3.120203 2.756805 0.305440
1403636730.763556 3.129984 2.719518 0.320893
1403636730.863555 3.142435 2.682720 0.342116
1403636730.963556 3.151022 2.647831 0.362795
1403636731.063555 3.155603 2.616853 0.379337
1403636731.163555 3.155928 2.594282 0.390131
1403636731.263556 3.159990 2.575500 0.397857
1403636731.363555 3.164759 2.564787 0.398323
1403636731.463556 3.171185 2.551651 0.396225
1403636731.563555 3.180241 2.542706 0.388591
1403636731.663555 3.189956 2.533438 0.377973
1403636731.763556 3.200484 2.527226 0.363613
1403636731.863555 3.212533 2.521769 0.346473
1403636731.963556 3.226039 2.517081 0.326978
1403636732.063555 3.240596 2.513364 0.303338
1403636732.163555 3.256425 2.509999 0.274301
1403636732.263556 3.272580 2.507241 0.247049
1403636732.363555 3.291846 2.503892 0.227602
1403636732.463556 3.312732 2.500470 0.218361
1403636732.563555 3.335478 2.492240 0.217191
1403636732.663555 3.359069 2.478471 0.221306
1403636732.763556 3.385134 2.458885 0.231934
1403636732.863555 3.412528 2.432625 0.244032
1403636732.963556 3.444020 2.401685 0.251676
1403636733.063555 3.477674 2.367008 0.254153
1403636733.163555 3.513354 2.328214 0.261587
1403636733.263556 3.549146 2.288083 0.275292
1403636733.363555 3.581788 2.248018 0.297227
1403636733.463556 3.618920 2.202648 0.322913
1403636733.563555 3.654745 2.156596 0.350485
1403636733.663555 3.687295 2.111982 0.372853
1403636733.763556 3.722333 2.065706 0.389358
1403636733.863555 3.755090 2.019846 0.399444
1403636733.963556 3.786084 1.974293 0.406294
1403636734.063555 3.812965 1.929155 0.406523
1403636734.163555 3.843673 1.882074 0.408536
1403636734.263556 3.874475 1.833258 0.416961
1403636734.363555 3.905115 1.784414 0.429239
1403636734.463556 3.936046 1.735022 0.450160
1403636734.563555 3.967287 1.686026 0.470480
1403636734.663555 3.992714 1.639521 0.485301
1403636734.763556 4.020022 1.592811 0.492928
1403636734.863555 4.047379 1.546654 0.495000
1403636734.963556 4.072693 1.501627 0.492637
1403636735.063555 4.094331 1.456548 0.487629
1403636735.163555 4.114175 1.415848 0.480789
1403636735.263556 4.132086 1.376562 0.480653
1403636735.363555 4.146445 1.339795 0.490391
1403636735.463556 4.159058 1.304707 0.509628
1403636735.563555 4.171895 1.268492 0.541137
1403636735.663555 4.177369 1.240218 0.569783
1403636735.763556 4.185239 1.211948 0.594156
1403636735.863555 4.189432 1.187825 0.617462
1403636735.963556 4.193352 1.162829 0.633437
1403636736.063555 4.198861 1.137255 0.647541
1403636736.163555 4.204468 1.109892 0.669063
1403636736.263556 4.210573 1.082887 0.695136
1403636736.363555 4.224129 1.050530 0.721547
1403636736.463556 4.233285 1.023888 0.742180
1403636736.563555 4.239749 0.999075 0.753919
1403636736.663555 4.245826 0.971280 0.761869
1403636736.763556 4.253495 0.938934 0.762090
1403636736.863555 4.261004 0.904446 0.761898
1403636736.963556 4.268802 0.866342 0.759147
1403636737.063555 4.275201 0.825375 0.749619
1403636737.163555 4.284202 0.782617 0.739960
1403636737.263556 4.294814 0.739654 0.725893
1403636737.363555 4.306082 0.695122 0.713218
1403636737.463556 4.317431 0.649827 0.705430
1403636737.563555 4.329108 0.605803 0.706470
1403636737.663555 4.335081 0.568401 0.713518
1403636737.763556 4.345075 0.530676 0.728135
1403636737.863555 4.343676 0.505358 0.750959
1403636737.963556 4.350598 0.477301 0.781106
1403636738.063555 4.354893 0.453558 0.818838
1403636738.163555 4.358329 0.434327 0.856517
1403636738.263556 4.360879 0.418468 0.888495
1403636738.363555 4.362056 0.404668 0.914670
1403636738.463556 4.360966 0.392946 0.933568
1403636738.563555 4.357972 0.384795 0.945710
1403636738.663555 4.345294 0.392560 0.948304
1403636738.763556 4.343711 0.390984 0.948657
1403636738.863555 4.333312 0.402924 0.938618
1403636738.963556 4.326368 0.415069 0.924755
1403636739.063555 4.321391 0.430851 0.905147
1403636739.163555 4.321428 0.451132 0.882479
1403636739.263556 4.324795 0.473311 0.857819
1403636739.363555 4.330351 0.497493 0.832558
1403636739.463556 4.336257 0.522088 0.812320
1403636739.563555 4.347533 0.546921 0.799114
1403636739.663555 4.356220 0.569653 0.794576
1403636739.763556 4.362361 0.590708 0.792891
1403636739.863555 4.368268 0.610796 0.786115
1403636739.963556 4.374941 0.631466 0.773954
1403636740.063555 4.379469 0.653534 0.755614
1403636740.163555 4.385088 0.675154 0.733032
1403636740.263556 4.396503 0.692696 0.707545
1403636740.363555 4.400611 0.711648 0.677422
1403636740.463556 4.404271 0.727960 0.642456
1403636740.563555 4.408835 0.743015 0.608252
1403636740.663555 4.415262 0.757560 0.579339
1403636740.763556 4.423517 0.771460 0.554859
1403636740.863555 4.433590 0.783863 0.532466
1403636740.963556 4.455530 0.791799 0.504458
1403636741.063555 4.465230 0.803171 0.470994
1403636741.163555 4.474863 0.810557 0.429833
1403636741.263556 4.484063 0.813697 0.383276
1403636741.363555 4.506118 0.808818 0.333094
1403636741.463556 4.518665 0.806537 0.286812
1403636741.563555 4.539785 0.802182 0.247356
1403636741.663555 4.557506 0.801575 0.216251
1403636741.763556 4.571272 0.805228 0.194496
1403636741.863555 4.580288 0.812691 0.173764
1403636741.963556 4.588274 0.821254 0.146179
1403636742.063555 4.592958 0.829501 0.112368
1403636742.163555 4.594848 0.837200 0.080647
1403636742.263556 4.592567 0.846231 0.057130
1403636742.363555 4.588626 0.856095 0.041744
1403636742.463556 4.576886 0.870247 0.033300
1403636742.563555 4.568704 0.883357 0.026941
1403636742.663555 4.555639 0.900138 0.023028
1403636742.763556 4.546508 0.914804 0.009439
1403636742.863555 4.538534 0.928311 -0.010252
1403636742.963556 4.532553 0.941566 -0.034738
1403636743.063555 4.526508 0.953449 -0.071573
1403636743.163555 4.521488 0.964623 -0.109577
1403636743.263556 4.515242 0.979428 -0.143819
1403636743.363555 4.511190 1.001739 -0.162699
1403636743.463556 4.499250 1.030435 -0.174624
1403636743.563555 4.482550 1.064140 -0.191507
1403636743.663555 4.465204 1.102587 -0.213123
1403636743.763556 4.448629 1.143301 -0.238507
1403636743.863555 4.425501 1.184730 -0.272997
1403636743.963556 4.406277 1.226303 -0.310852
1403636744.063555 4.381664 1.266762 -0.356883
1403636744.163555 4.364554 1.309654 -0.404341
1403636744.263556 4.341062 1.346028 -0.460081
1403636744.363555 4.324049 1.383036 -0.519341
1403636744.463556 4.300048 1.415516 -0.586792
1403636744.563555 4.285324 1.448302 -0.658967
1403636744.663555 4.269644 1.481415 -0.736357
1403636744.763556 4.260448 1.513748 -0.814943
1403636744.863555 4.256718 1.543367 -0.889579
1403636744.963556 4.256451 1.570782 -0.956475
1403636745.063555 4.257685 1.596434 -1.016095
1403636745.163555 4.266151 1.622057 -1.067551
1403636745.263556 4.264413 1.651693 -1.111968
1403636745.363555 4.263346 1.679416 -1.148963
1403636745.463556 4.259841 1.709555 -1.173959
1403636745.563555 4.257676 1.736232 -1.192193
1403636745.663555 4.254657 1.759690 -1.202129
1403636745.763556 4.254924 1.777697 -1.206616
1403636745.863555 4.253584 1.795583 -1.201094
1403636745.963556 4.249126 1.810049 -1.188984
1403636746.063555 4.245865 1.820879 -1.172336
1403636746.163555 4.238779 1.829479 -1.149873
1403636746.263556 4.229761 1.829703 -1.120027
1403636746.363555 4.216097 1.827216 -1.091072
1403636746.463556 4.202447 1.813424 -1.071829
1403636746.563555 4.187692 1.798364 -1.061438
1403636746.663555 4.172435 1.776059 -1.060565
1403636746.763556 4.155620 1.757369 -1.062196
1403636746.863555 4.136214 1.743881 -1.065398
1403636746.963556 4.116584 1.735751 -1.067838
1403636747.063555 4.097263 1.733994 -1.061816
1403636747.163555 4.079401 1.737972 -1.046554
1403636747.263556 4.056395 1.745065 -1.023134
1403636747.363555 4.036058 1.749905 -0.991980
1403636747.463556 4.008109 1.753982 -0.963083
1403636747.563555 3.980573 1.755178 -0.941502
1403636747.663555 3.956208 1.753251 -0.923588
1403636747.763556 3.924868 1.751613 -0.895182
1403636747.863555 3.891139 1.751217 -0.859629
1403636747.963556 3.856868 1.750082 -0.818170
1403636748.063555 3.824831 1.749975 -0.779632
1403636748.163555 3.806037 1.749775 -0.751462
1403636748.263556 3.780536 1.755267 -0.725965
1403636748.363555 3.769362 1.760700 -0.710112
1403636748.463556 3.747594 1.769895 -0.691598
1403636748.563555 3.736011 1.775987 -0.672020
1403636748.663555 3.713632 1.783035 -0.642839
1403636748.763556 3.693598 1.789801 -0.613541
1403636748.863555 3.673795 1.798351 -0.588166
1403636748.963556 3.664452 1.806472 -0.572107
1403636749.063555 3.650759 1.817122 -0.554272
1403636749.163555 3.641084 1.829926 -0.539598
1403636749.263556 3.640736 1.844127 -0.526331
1403636749.363555 3.641843 1.859238 -0.502146
1403636749.463556 3.644486 1.874212 -0.472285
1403636749.563555 3.646621 1.889021 -0.441743
1403636749.663555 3.649349 1.901249 -0.410839
1403636749.763556 3.649148 1.911843 -0.386798
1403636749.863555 3.645391 1.921088 -0.368686
1403636749.963556 3.644642 1.924268 -0.356601
1403636750.063555 3.643360 1.926890 -0.351785
1403636750.163555 3.645069 1.920199 -0.345831
1403636750.263556 3.645268 1.910780 -0.335175
1403636750.363555 3.650010 1.897335 -0.315185
1403636750.463556 3.652535 1.881491 -0.285771
1403636750.563555 3.658009 1.863173 -0.246734
1403636750.663555 3.662984 1.843161 -0.200692
1403636750.763556 3.668419 1.822850 -0.149298
1403636750.863555 3.674090 1.799821 -0.092150
1403636750.963556 3.680977 1.772506 -0.029635
1403636751.063555 3.684486 1.747886 0.030468
1403636751.163555 3.687207 1.721456 0.081918
1403636751.263556 3.687850 1.695347 0.128569
1403636751.363555 3.686253 1.670294 0.174280
1403636751.463556 3.682084 1.648985 0.220027
1403636751.563555 3.679030 1.627648 0.264489
1403636751.663555 3.677356 1.611199 0.305306
1403636751.763556 3.679523 1.598128 0.343303
1403636751.863555 3.683223 1.587625 0.378966
1403636751.963556 3.687700 1.584535 0.415810
1403636752.063555 3.690669 1.585322 0.451976
1403636752.163555 3.689857 1.592033 0.486284
1403636752.263556 3.688879 1.598081 0.518361
1403636752.363555 3.685244 1.605544 0.554646
1403636752.463556 3.678893 1.614088 0.595900
1403636752.563555 3.671762 1.622589 0.639011
1403636752.663555 3.666798 1.630085 0.674750
1403636752.763556 3.663629 1.636904 0.703044
1403636752.863555 3.660281 1.640938 0.725017
1403636752.963556 3.656829 1.643073 0.740691
1403636753.063555 3.652138 1.642805 0.749677
1403636753.163555 3.646679 1.639139 0.752178
1403636753.263556 3.639247 1.632610 0.749173
1403636753.363555 3.631011 1.622024 0.740882
1403636753.463556 3.622075 1.607112 0.734012
1403636753.563555 3.614424 1.588160 0.734537
1403636753.663555 3.610791 1.565751 0.743410
1403636753.763556 3.606924 1.543489 0.752056
1403636753.863555 3.599441 1.521648 0.754312
1403636753.963556 3.595881 1.495335 0.752048
1403636754.063555 3.590077 1.470654 0.749867
1403636754.163555 3.585971 1.444160 0.754539
1403636754.263556 3.585845 1.414760 0.763851
1403636754.363555 3.588061 1.381229 0.779532
1403636754.463556 3.591166 1.344704 0.799389
1403636754.563555 3.597811 1.304323 0.815418
1403636754.663555 3.605173 1.259546 0.824475
1403636754.763556 3.616060 1.211075 0.829122
1403636754.863555 3.628063 1.160992 0.828842
1403636754.963556 3.641606 1.108780 0.823547
1403636755.063555 3.655760 1.053719 0.816135
1403636755.163555 3.672885 0.995491 0.811399
1403636755.263556 3.693664 0.933690 0.814148
1403636755.363555 3.715153 0.871474 0.822489
1403636755.463556 3.734614 0.809642 0.837420
1403636755.563555 3.751053 0.745459 0.853582
1403636755.663555 3.764556 0.682168 0.863261
1403636755.763556 3.776539 0.617605 0.867210
1403636755.863555 3.786500 0.551639 0.867078
1403636755.963556 3.797377 0.484299 0.865052
1403636756.063555 3.806257 0.417882 0.867488
1403636756.163555 3.814930 0.352353 0.876320
1403636756.263556 3.825790 0.284523 0.889736
1403636756.363555 3.837819 0.215316 0.901537
1403636756.463556 3.851913 0.146690 0.907713
1403636756.563555 3.868890 0.075300 0.907194
1403636756.663555 3.883982 0.004515 0.903877
1403636756.763556 3.904020 -0.067862 0.904009
1403636756.863555 3.923389 -0.140617 0.910406
1403636756.963556 3.949434 -0.213460 0.925843
1403636757.063555 3.973726 -0.286209 0.941482
1403636757.163555 4.004804 -0.361131 0.955018
1403636757.263556 4.034620 -0.434257 0.959714
1403636757.363555 4.064975 -0.506901 0.958992
1403636757.463556 4.099192 -0.582383 0.955518
1403636757.563555 4.133094 -0.656301 0.953663
1403636757.663555 4.165843 -0.732795 0.957920
1403636757.763556 4.200343 -0.810853 0.969828
1403636757.863555 4.226488 -0.886440 0.992417
1403636757.963556 4.247772 -0.963537 1.023256
1403636758.063555 4.260363 -1.037767 1.056381
1403636758.163555 4.268505 -1.112375 1.083333
1403636758.263556 4.277565 -1.185689 1.101857
1403636758.363555 4.288098 -1.258567 1.110535
1403636758.463556 4.299746 -1.330403 1.109175
1403636758.563555 4.308556 -1.399482 1.104622
1403636758.663555 4.313051 -1.461572 1.098474
1403636758.763556 4.309469 -1.515071 1.094935
1403636758.863555 4.299992 -1.564571 1.088029
1403636758.963556 4.292925 -1.609926 1.077652
1403636759.063555 4.285285 -1.652569 1.065231
1403636759.163555 4.279119 -1.691314 1.050160
1403636759.263556 4.274568 -1.724533 1.031675
1403636759.363555 4.273519 -1.747860 1.010010
1403636759.463556 4.275643 -1.762635 0.984953
1403636759.563555 4.280240 -1.773415 0.955558
1403636759.663555 4.288662 -1.781124 0.931701
1403636759.763556 4.298332 -1.787796 0.917741
1403636759.863555 4.309274 -1.794436 0.912793
1403636759.963556 4.322403 -1.802002 0.905933
1403636760.063555 4.336441 -1.807830 0.897292
1403636760.163555 4.348890 -1.814272 0.885885
1403636760.263556 4.357246 -1.819095 0.876253
1403636760.363555 4.365792 -1.822538 0.864574
1403636760.463556 4.375192 -1.825529 0.849378
1403636760.563555 4.387610 -1.829248 0.832296
1403636760.663555 4.399906 -1.833672 0.815471
1403636760.763556 4.411184 -1.839194 0.801372
1403636760.863555 4.420247 -1.846348 0.789301
1403636760.963556 4.429058 -1.856049 0.776811
1403636761.063555 4.436590 -1.868485 0.762394
1403636761.163555 4.443700 -1.882849 0.748116
1403636761.263556 4.447046 -1.897074 0.735001
1403636761.363555 4.444376 -1.911491 0.726820
1403636761.463556 4.436118 -1.926189 0.723394
1403636761.563555 4.425160 -1.940640 0.723390
1403636761.663555 4.414503 -1.955289 0.725120
1403636761.763556 4.404539 -1.969741 0.728147
1403636761.863555 4.396589 -1.981346 0.733056
1403636761.963556 4.390918 -1.988359 0.739320
1403636762.063555 4.386659 -1.992502 0.747509
1403636762.163555 4.384579 -1.997463 0.757054
1403636762.263556 4.382588 -2.006990 0.764271
1403636762.363555 4.378646 -2.020729 0.764959
1403636762.463556 4.370374 -2.037702 0.757755
1403636762.563555 4.357159 -2.055567 0.743782
1403636762.663555 4.342493 -2.069297 0.721663
1403636762.763556 4.328493 -2.075424 0.691803
1403636762.863555 4.322227 -2.074592 0.672233
1403636762.963556 4.339532 -2.067312 0.667875
1403636763.063555 4.359289 -2.055592 0.657747
1403636763.163555 4.371120 -2.049800 0.658313
1403636763.263556 4.372782 -2.047994 0.648435
1403636763.363555 4.366961 -2.046270 0.658163
1403636763.463556 4.362333 -2.046764 0.659214
1403636763.563555 4.361997 -2.046730 0.659386
1403636763.663555 4.362073 -2.046738 0.659438
1403636763.763556 4.362073 -2.046737 0.659423